3,1576154885642,3.6691701,7.726333,4.148174 
3,1576154885642,3.63564,7.7167535,4.071533 
3,1576154885643,3.5110989,7.683223,4.1864944 
3,1576154885643,3.4727786,7.6401124,4.3254056 
3,1576154885643,3.5973196,7.6305327,4.1625443 
3,1576154885643,3.5254688,7.664063,4.0044727 
3,1576154885643,3.5110989,7.6305327,4.023633 
3,1576154885643,3.6068995,7.6353226,3.9326222 
3,1576154885643,3.515889,7.711963,3.8607717 
3,1576154885643,3.4775686,7.7694435,3.7601807 
3,1576154885643,3.6691701,7.913145,2.8979738 
3,1576154885643,3.5685792,7.9802055,2.8404932 
3,1576154885644,3.5206788,7.812554,4.1864944 
3,1576154885644,3.5685792,7.711963,4.976851 
3,1576154885644,3.4057178,7.7454934,4.248765 
3,1576154885644,3.4967287,8.028106,3.0799952 
3,1576154885644,3.7266505,8.315508,2.8404932 
3,1576154885658,4.1002736,8.382568,3.410508 
3,1576154885679,4.2248144,8.4448395,3.8464015 
3,1576154885698,4.4834766,8.646021,3.9613624 
3,1576154885719,5.0726514,8.794512,3.67875 
3,1576154885739,5.5947657,8.928633,3.1566358 
3,1576154885759,5.992339,9.072334,2.4812403 
3,1576154885779,5.853428,9.359736,2.42376 
3,1576154885799,5.7719975,9.613608,2.327959 
3,1576154885819,5.6714063,9.74294,1.8824854 
3,1576154885839,5.134922,9.75731,1.585503 
3,1576154885860,4.2343946,9.78605,1.5423926 
3,1576154885879,3.4344583,9.632769,0.86220706 
3,1576154885900,3.4536183,9.359736,-0.21555176 
3,1576154885919,3.68354,9.172925,-0.2778223 
3,1576154885940,3.3626075,8.943004,0.5939649 
3,1576154885960,2.0309765,8.780142,1.1831397 
3,1576154885980,0.15328126,8.856783,0.8765772 
3,1576154886000,-0.3161426,8.665181,0.62749517 
3,1576154886020,0.9627979,8.344249,1.0729688 
3,1576154886041,2.0405567,8.291558,1.575923 
3,1576154886061,2.8931837,7.846084,1.1831397 
3,1576154886081,3.276387,7.3766603,0.9915381 
3,1576154886101,2.811753,7.486831,1.5663428 
3,1576154886121,2.4141798,7.788604,2.078877 
3,1576154886143,2.562671,7.9945755,1.7292042 
3,1576154886161,3.151846,8.071217,1.0729688 
3,1576154886181,3.8895118,7.8508744,0.6945557 
3,1576154886201,4.3014555,7.831714,1.1639795 
3,1576154886221,3.923042,7.8844047,1.6286134 
3,1576154886242,3.558999,8.281978,1.7675245 
3,1576154886261,3.5494192,8.382568,1.3076807 
3,1576154886282,3.6931202,8.464,1.0633887 
3,1576154886310,3.3769777,8.62207,1.4322218 
3,1576154886322,3.1997461,8.780142,2.0980372 
3,1576154886346,3.415298,8.952583,2.2129982 
3,1576154886362,3.4584084,9.259146,1.8872755 
3,1576154886383,3.3673975,9.580078,1.5663428 
3,1576154886407,3.4488282,9.580078,1.346001 
3,1576154886423,3.788921,9.484278,1.2645704 
3,1576154886443,4.5840673,9.273516,1.5040723 
3,1576154886469,5.5420756,9.081915,1.7435743 
3,1576154886484,6.2893214,8.842413,2.2752686 
3,1576154886504,6.9311867,8.5502205,2.668052 
3,1576154886530,7.4676714,8.123906,2.7494826 
3,1576154886546,7.9083548,7.6113725,3.0225148 
3,1576154886565,8.052056,7.1132083,3.180586 
3,1576154886595,7.817344,6.5336137,3.0991554 
3,1576154886609,7.3862405,5.8677983,2.6009912 
3,1576154886629,7.3814507,4.9289503,1.6381935 
3,1576154886649,7.582632,3.67875,0.68018556 
3,1576154886668,6.327642,2.327959,-0.0047900393 
3,1576154886687,3.803291,0.78556645,-0.34488282 
3,1576154886705,1.5950831,-0.047900394,-0.8334668 
3,1576154886726,-0.3161426,-0.98195803,-2.1459377 
3,1576154886745,-1.5519727,-2.3662794,-3.9134622 
3,1576154886765,-2.7734327,-3.5110989,-5.1540823 
3,1576154886786,-4.967271,-4.5553274,-4.3014555 
3,1576154886807,-7.4101906,-5.5229154,-3.9469924 
3,1576154886828,-10.538086,-6.0450296,-5.0343313 
3,1576154886846,-15.208375,-6.375542,-6.6821046 
3,1576154886867,-21.646187,-6.09293,-10.106983 
3,1576154886887,-25.693771,-4.976851,-14.010865 
3,1576154886911,-27.992989,-3.7362306,-14.561719 
3,1576154886930,-29.726984,-2.811753,-10.99314 
3,1576154886949,-28.471992,-2.6488917,-7.32397 
3,1576154886966,-26.072184,-2.3135889,-5.2594633 
3,1576154886990,-23.624474,-1.9016455,-5.221143 
3,1576154887009,-20.357666,-1.7435743,-5.886958 
3,1576154887028,-17.344732,-1.8968556,-5.5324955 
3,1576154887052,-15.126944,-2.0213966,-4.622388 
3,1576154887071,-13.301939,-1.5471827,-4.5553274 
3,1576154887088,-11.467354,-0.8430469,-4.799619 
3,1576154887107,-9.0148535,-0.40715334,-4.6846585 
3,1576154887129,-6.231841,0.05748047,-4.272715 
3,1576154887152,-4.2296047,0.76161623,-3.0656252 
3,1576154887172,-3.046465,1.6621436,-1.585503 
3,1576154887190,-1.4178516,2.543511,-1.0442286 
3,1576154887211,-0.14370118,3.4248781,-0.79993653 
3,1576154887229,-0.0047900393,4.5553274,-0.39757326 
3,1576154887248,0.2682422,5.3408937,-0.46942386 
3,1576154887269,0.71371585,6.1456203,-1.3172607 
3,1576154887290,0.98195803,6.471343,-1.4801221 
3,1576154887310,1.6477735,6.495293,-0.39757326 
3,1576154887333,3.2093263,7.074888,0.30177248 
3,1576154887354,4.6654983,7.3862405,1.8250049 
3,1576154887374,5.2594633,7.472461,3.420088 
3,1576154887394,5.4414845,8.052056,4.4451566 
3,1576154887413,4.5409575,8.650811,5.4127445 
3,1576154887432,4.0044727,8.626861,4.766089 
3,1576154887455,3.6883302,8.947793,3.5829494 
3,1576154887475,3.5254688,9.043594,2.7303224 
3,1576154887495,4.248765,8.703502,2.7063723 
3,1576154887515,4.8906302,9.944121,2.2800586 
3,1576154887535,4.239185,11.223062,2.5147705 
3,1576154887554,4.4212065,10.049502,2.3950195 
3,1576154887573,5.6570363,9.651929,1.6142433 
3,1576154887596,6.552774,9.517808,1.1352394 
3,1576154887616,6.5384035,9.163345,1.2502003 
3,1576154887636,6.615044,8.804092,1.2502003 
3,1576154887656,7.046148,8.243657,0.92926764 
3,1576154887675,7.180269,7.3958206,0.9532178 
3,1576154887693,6.576724,6.361172,1.3986914 
3,1576154887713,4.8666797,5.3121533,1.7483643 
3,1576154887733,3.4344583,4.4691067,0.79993653 
3,1576154887756,3.0081446,3.396138,-1.0394385 
3,1576154887772,2.5195606,2.0357666,-2.078877 
3,1576154887792,0.76161623,0.41194338,-1.705254 
3,1576154887813,-2.5818312,-0.977168,-1.0729688 
3,1576154887832,-4.4259963,-1.8106349,-2.323169 
3,1576154887853,-5.503755,-3.1853762,-4.785249 
3,1576154887872,-8.698711,-4.1721244,-5.6761966 
3,1576154887891,-12.707974,-4.129014,-7.29523 
3,1576154887911,-15.136524,-3.4536183,-9.934542 
3,1576154887932,-16.357985,-2.8261232,-10.9644 
3,1576154887951,-17.775835,-2.7973828,-9.311836 
3,1576154887971,-19.787653,-2.4572902,-7.798184 
3,1576154887995,-20.64507,-2.0980372,-8.037686 
3,1576154888013,-22.240152,-1.8920655,-8.674761 
3,1576154888036,-24.213648,-1.5328126,-9.081915 
3,1576154888057,-24.821983,-1.0729688,-9.479487 
3,1576154888076,-23.1311,-1.0538087,-9.369317 
3,1576154888098,-20.76482,-1.4992822,-8.416099 
3,1576154888117,-18.34106,-1.9064356,-7.573052 
3,1576154888137,-16.324453,-1.8681153,-7.0509377 
3,1576154888159,-14.777271,-1.3795313,-6.7395854 
3,1576154888178,-12.674444,-1.2406201,-7.0174074 
3,1576154888196,-9.924961,-1.346001,-6.9311867 
3,1576154888220,-7.5203614,-0.93405765,-5.704937 
3,1576154888235,-5.9204884,-0.24908204,-4.1242237 
3,1576154888256,-4.5840673,0.4023633,-3.0177248 
3,1576154888274,-3.539839,1.2693604,-2.2608986 
3,1576154888295,-2.8357031,2.1315675,-1.710044 
3,1576154888315,-1.0202783,2.7686427,-1.8968556 
3,1576154888337,0.6562354,3.515889,-1.6908839 
3,1576154888358,1.8537452,4.406836,-0.852627 
3,1576154888377,3.2045362,5.0678616,-0.37362307 
3,1576154888400,4.3062453,5.829478,-0.4406836 
3,1576154888420,4.6128078,6.734795,-0.119750984 
3,1576154888441,4.6607084,7.5203614,0.35925296 
3,1576154888459,5.0726514,7.9945755,0.9580079 
3,1576154888480,5.6714063,8.459209,1.4178516 
3,1576154888500,6.11688,8.914263,1.4274317 
3,1576154888521,6.4905033,9.536968,0.8382569 
3,1576154888541,6.4330225,9.77168,0.5987549 
3,1576154888560,6.207891,9.915381,0.9148975 
3,1576154888578,6.2893214,9.968072,0.9580079 
3,1576154888600,6.3994923,9.881851,0.8861573 
3,1576154888621,6.241421,9.70941,1.096919 
3,1576154888642,6.2031007,9.498648,1.3172607 
3,1576154888662,6.09293,9.254355,1.1783496 
3,1576154888679,5.839058,8.851993,0.977168 
3,1576154888698,5.752837,8.4304695,0.7232959 
3,1576154888718,5.5803957,7.8844047,0.5843848 
3,1576154888739,5.269043,7.31918,0.732876 
3,1576154888760,5.0918117,6.6102543,0.8382569 
3,1576154888777,4.5744877,5.6282964,0.9580079 
3,1576154888797,3.544629,4.7086086,1.0633887 
3,1576154888822,2.4860303,3.7410207,0.32093263 
3,1576154888840,1.5519727,2.7399025,-0.852627 
3,1576154888861,0.47900394,1.5807129,-1.7962648 
3,1576154888880,-1.0538087,0.31135255,-2.2752686 
3,1576154888902,-2.811753,-0.8382569,-2.8883936 
3,1576154888923,-4.89542,-1.9830762,-3.7410207 
3,1576154888941,-7.678433,-2.9985645,-4.631968 
3,1576154888961,-11.682906,-3.1997461,-5.5229154 
3,1576154888980,-14.528189,-2.4045997,-7.7694435 
3,1576154889002,-15.150894,-2.8309133,-10.585987 
3,1576154889019,-15.79276,-2.816543,-10.538086 
3,1576154889042,-18.18299,-2.327959,-7.711963 
3,1576154889062,-19.64874,-1.9303858,-6.8928666 
3,1576154889084,-20.549269,-1.5998731,-7.2664895 
3,1576154889104,-21.847368,-1.4992822,-7.2808595 
3,1576154889123,-23.298752,-1.3986914,-7.3958206 
3,1576154889141,-23.801704,-1.2933106,-8.176597 
3,1576154889163,-22.858067,-1.2741505,-8.641231 
3,1576154889181,-20.83667,-1.6190332,-7.879615 
3,1576154889200,-18.393751,-2.0405567,-6.5384035 
3,1576154889222,-16.425045,-2.0261867,-5.2882032 
3,1576154889241,-14.68147,-1.829795,-4.7469287 
3,1576154889262,-12.482842,-1.5519727,-5.110972 
3,1576154889280,-10.447076,-1.1687696,-5.527705 
3,1576154889300,-8.406519,-0.6849756,-5.6809864 
3,1576154889323,-6.9024467,-0.1101709,-4.82357 
3,1576154889344,-5.7001467,0.6227051,-3.8559816 
3,1576154889366,-3.6260598,1.1975098,-3.9374123 
3,1576154889382,-2.1459377,2.0118165,-3.439248 
3,1576154889405,-1.336421,2.7782228,-2.567461 
3,1576154889426,0.25866213,3.4536183,-1.9208057 
3,1576154889446,2.064507,4.2343946,-0.5221143 
3,1576154889466,3.7266505,4.9720607,0.244292 
3,1576154889485,4.7086086,5.8677983,-0.32572266 
3,1576154889504,4.679868,6.806646,-0.36883304 
3,1576154889525,4.382886,7.7071733,0.10538086 
3,1576154889545,4.3397756,8.214917,0.51732427 
3,1576154889566,4.3493557,8.636441,1.2166699 
3,1576154889586,4.6511283,9.091495,1.456172 
3,1576154889607,5.254673,9.307046,1.0154883 
3,1576154889627,5.1157618,9.402847,0.8334668 
3,1576154889648,4.9002104,9.848321,1.2837305 
3,1576154889666,5.230723,9.843531,1.5519727 
3,1576154889685,5.6905665,9.72378,1.6046631 
3,1576154889706,5.997129,9.589659,2.0261867 
3,1576154889723,6.231841,9.350157,2.5291407 
3,1576154889744,6.576724,9.110655,2.4860303 
3,1576154889765,6.543194,8.842413,2.1603076 
3,1576154889784,6.4138627,8.6077,1.8585353 
3,1576154889803,6.591094,8.210127,1.5471827 
3,1576154889826,6.792276,7.678433,1.5471827 
3,1576154889845,6.816226,7.046148,1.5232325 
3,1576154889865,6.222261,6.2797413,1.4274317 
3,1576154889884,5.1061816,5.4606447,1.1783496 
3,1576154889907,3.8799317,4.5696974,0.6849756 
3,1576154889927,2.7638526,3.539839,0.100590825 
3,1576154889947,1.5663428,2.4620802,-0.36883304 
3,1576154889965,0.85741705,1.3076807,-1.2645704 
3,1576154889987,0.2921924,-0.119750984,-2.1746778 
3,1576154890012,-1.1160791,-1.719624,-2.1076174 
3,1576154890027,-3.391348,-3.1135256,-2.5962012 
3,1576154890050,-6.246211,-3.755391,-4.119434 
3,1576154890075,-8.885523,-4.0811133,-6.5096636 
3,1576154890089,-10.303374,-4.5074267,-8.58854 
3,1576154890110,-12.20981,-5.264253,-9.513018 
3,1576154890134,-14.935343,-5.000801,-9.326206 
3,1576154890149,-16.923208,-4.90979,-9.230406 
3,1576154890170,-19.121838,-5.1061816,-9.081915 
3,1576154890196,-23.016138,-4.6894484,-9.172925 
3,1576154890209,-25.942852,-3.9134622,-10.226734 
3,1576154890227,-27.547516,-3.4775686,-10.782378 
3,1576154890251,-27.88761,-3.3721876,-10.159674 
3,1576154890267,-25.329727,-3.6116896,-9.77168 
3,1576154890286,-21.995861,-4.0667434,-8.487949 
3,1576154890306,-19.49067,-4.641548,-6.591094 
3,1576154890328,-17.862057,-4.8427296,-5.709727 
3,1576154890347,-17.20103,-4.617598,-6.4186525 
3,1576154890366,-15.720909,-4.4451566,-7.7598634 
3,1576154890384,-12.885205,-4.143384,-8.243657 
3,1576154890405,-9.608819,-3.6116896,-7.5203614 
3,1576154890427,-6.495293,-3.027305,-6.1935205 
3,1576154890446,-3.7985013,-2.1171973,-5.0582814 
3,1576154890468,-2.0453467,-0.9196875,-4.1721244 
3,1576154890487,-0.7568262,0.15328126,-3.3290772 
3,1576154890507,0.1820215,1.3555812,-2.4093897 
3,1576154890528,1.6525636,2.5578809,-1.9830762 
3,1576154890547,3.6691701,3.515889,-1.7483643 
3,1576154890568,4.4259963,4.493057,-0.5460645 
3,1576154890591,4.9385304,5.245093,0.64186525 
3,1576154890608,5.973179,6.11209,0.7807764 
3,1576154890628,5.853428,7.1371584,0.5460645 
3,1576154890648,5.216353,7.8508744,0.2921924 
3,1576154890669,5.6857767,8.344249,0.3544629 
3,1576154890689,6.332432,8.737032,0.7089258 
3,1576154890708,6.662945,9.1202345,1.1543995 
3,1576154890733,6.998247,9.479487,1.2310401 
3,1576154890747,7.094048,9.75731,1.1591895 
3,1576154890769,6.8832865,9.8866415,1.1975098 
3,1576154890789,6.686895,9.920172,1.1543995 
3,1576154890809,6.346802,9.83874,1.1639795 
3,1576154890833,6.10251,9.814791,0.847837 
3,1576154890850,5.958809,9.604029,0.45505372 
3,1576154890871,5.824688,9.129815,0.47900394 
3,1576154890893,6.0450296,8.454419,0.7185059 
3,1576154890914,6.12646,7.664063,1.0490186 
3,1576154890934,5.6618266,6.935977,1.3124708 
3,1576154890953,5.0343313,6.183941,1.1735597 
3,1576154890972,4.430786,5.2738333,0.74724615 
3,1576154890993,3.6452198,4.2104445,0.3879932 
3,1576154891010,2.5004005,3.1183155,0.12454102 
3,1576154891028,1.092129,1.8920655,-0.30177248 
3,1576154891051,-0.31135255,0.60833496,-1.0346485 
3,1576154891071,-1.6717237,-0.5748047,-1.9255958 
3,1576154891092,-3.1326857,-1.8345851,-2.912344 
3,1576154891111,-5.010381,-2.9410841,-3.65959 
3,1576154891132,-6.9072366,-3.7937112,-4.5744877 
3,1576154891152,-8.708291,-4.3445654,-5.8055277 
3,1576154891172,-10.451866,-4.7325587,-6.864126 
3,1576154891190,-12.133169,-5.2355127,-7.448511 
3,1576154891213,-14.877862,-5.3073635,-7.702383 
3,1576154891235,-18.16862,-4.9864306,-8.641231 
3,1576154891251,-21.195923,-4.536167,-9.685459 
3,1576154891272,-24.735764,-3.8895118,-9.513018 
3,1576154891291,-27.331964,-3.290757,-9.7142 
3,1576154891311,-27.628946,-2.7159522,-9.829161 
3,1576154891332,-26.153614,-2.692002,-9.287886 
3,1576154891354,-23.681953,-2.8931837,-8.54064 
3,1576154891373,-20.937262,-3.3147073,-7.6449027 
3,1576154891396,-18.685944,-3.558999,-6.5240335 
3,1576154891415,-17.03338,-3.4727786,-6.246211 
3,1576154891435,-15.251485,-3.1135256,-7.117998 
3,1576154891456,-12.9187355,-2.802173,-7.563472 
3,1576154891477,-10.312955,-2.5914114,-6.725215 
3,1576154891498,-7.7550735,-2.1028273,-5.6282964 
3,1576154891519,-5.7959476,-1.2981006,-4.976851 
3,1576154891538,-4.4643164,-0.45984375,-4.785249 
3,1576154891557,-3.2811768,0.2921924,-4.4547367 
3,1576154891575,-1.6142433,0.9915381,-4.2008643 
3,1576154891598,-0.41194338,1.7818946,-3.4775686 
3,1576154891618,0.63707525,2.7494826,-2.5914114 
3,1576154891637,1.7771046,3.7601807,-1.8681153 
3,1576154891658,2.8309133,4.641548,-1.2549903 
3,1576154891678,3.6308498,5.4510646,-0.4167334 
3,1576154891696,4.047583,6.437813,0.1101709 
3,1576154891718,4.5074267,7.4054008,0.119750984 
3,1576154891739,5.0534916,8.262817,0.34009278 
3,1576154891759,5.1636624,9.101074,0.63707525 
3,1576154891775,5.3408937,9.733359,0.46942386 
3,1576154891795,5.5516553,10.044712,0.46463382 
3,1576154891814,5.455855,10.174044,0.7424561 
3,1576154891836,5.2115626,10.202784,0.93405765 
3,1576154891857,4.9576907,10.169253,1.0154883 
3,1576154891877,4.5936475,10.097403,0.79993653 
3,1576154891897,4.3397756,10.035132,0.3784131 
3,1576154891917,4.258345,9.83874,0.119750984 
3,1576154891938,4.1098537,9.580078,0.11496094 
3,1576154891959,4.0811133,9.374106,0.047900394 
3,1576154891978,4.1098537,9.086704,0.038320314 
3,1576154891999,4.1050634,8.746612,0.14370118 
3,1576154892018,4.023633,8.310719,0.26345217 
3,1576154892037,3.6931202,7.8604546,0.56522465 
3,1576154892058,3.3242872,7.3814507,0.57959473 
3,1576154892081,3.1997461,6.734795,0.12454102 
3,1576154892101,2.5770411,5.934859,0.05269043 
3,1576154892120,1.7483643,5.0582814,0.0047900393 
3,1576154892139,0.7041358,4.2104445,-0.5125342 
3,1576154892161,-0.56522465,3.295547,-1.1352394 
3,1576154892182,-2.0118165,2.4668703,-1.7771046 
3,1576154892200,-3.4967287,1.7004639,-2.7255323 
3,1576154892220,-5.134922,0.97237796,-3.1039455 
3,1576154892240,-6.1408305,0.26345217,-3.5110989 
3,1576154892257,-6.016289,-0.45984375,-4.655918 
3,1576154892281,-6.710845,-1.3603711,-4.9624805 
3,1576154892297,-8.037686,-2.2225783,-3.999683 
3,1576154892317,-10.250684,-2.5147705,-4.009263 
3,1576154892338,-13.6851425,-2.1746778,-5.1828227 
3,1576154892360,-16.860939,-1.5950831,-6.8018556 
3,1576154892382,-19.394869,-0.8909473,-7.7550735 
3,1576154892402,-21.94317,-0.45505372,-7.563472 
3,1576154892422,-24.093897,0.0,-7.783814 
3,1576154892442,-25.463848,0.43110353,-8.636441 
3,1576154892461,-26.163195,0.79035646,-9.081915 
3,1576154892483,-24.793243,0.74724615,-9.239985 
3,1576154892503,-21.550386,0.14370118,-8.028106 
3,1576154892523,-18.618883,-0.33530274,-6.342012 
3,1576154892543,-16.295713,-0.5125342,-6.1312504 
3,1576154892563,-14.532979,-0.56522465,-6.7395854 
3,1576154892582,-12.909156,-0.5987549,-6.854546 
3,1576154892603,-10.672208,-0.6562354,-6.5048733 
3,1576154892623,-8.4448395,-0.6849756,-5.4606447 
3,1576154892643,-6.342012,-0.3879932,-4.3206153 
3,1576154892665,-4.790039,0.2682422,-3.4344583 
3,1576154892681,-3.5781593,1.1591895,-2.9985645 
3,1576154892703,-2.5339308,2.069297,-2.5818312 
3,1576154892724,-1.2070899,2.8309133,-1.8154249 
3,1576154892749,0.028740235,3.6212697,-0.5364844 
3,1576154892759,1.2693604,4.5744877,0.28261232 
3,1576154892782,2.3806496,5.470225,0.3161426 
3,1576154892800,3.0799952,6.207891,0.45984375 
3,1576154892820,3.7027004,6.9024467,0.364043 
3,1576154892838,4.1146436,7.391031,0.6610254 
3,1576154892861,4.478687,7.8891945,0.977168 
3,1576154892883,4.8283596,8.372989,0.7185059 
3,1576154892902,5.010381,8.760982,0.39278322 
3,1576154892921,5.0199614,9.105865,0.3065625 
3,1576154892943,4.9481106,9.474698,0.29698244 
3,1576154892963,5.0774417,9.74773,0.18681154 
3,1576154892982,5.1780324,9.85311,0.12454102 
3,1576154893004,5.326524,9.79563,0.23950197 
3,1576154893023,5.4319043,9.72378,0.3305127 
3,1576154893041,5.4414845,9.666299,0.19160157 
3,1576154893066,5.2977834,9.5561285,0.23471193 
3,1576154893086,5.087022,9.383687,0.6322852 
3,1576154893105,4.617598,9.144185,1.1256592 
3,1576154893125,4.1098537,8.957374,1.0346485 
3,1576154893143,3.779341,8.679551,0.364043 
3,1576154893167,3.535049,8.176597,-0.05269043 
3,1576154893187,3.4536183,7.4964113,0.22992188 
3,1576154893206,3.0943654,6.7300053,0.76161623 
3,1576154893227,2.5051906,6.0258694,0.9627979 
3,1576154893249,2.2177882,5.388794,-0.17723145 
3,1576154893263,1.2981006,4.655918,-1.1208692 
3,1576154893285,-0.3784131,3.7410207,-0.82388675 
3,1576154893303,-1.590293,2.816543,-1.0059083 
3,1576154893323,-2.1076174,1.9208057,-2.2225783 
3,1576154893344,-2.5962012,0.8430469,-2.9937747 
3,1576154893367,-3.7266505,-0.22992188,-2.9937747 
3,1576154893385,-5.3408937,-1.2166699,-3.1470559 
3,1576154893409,-7.189849,-1.8202149,-3.999683 
3,1576154893426,-8.804092,-2.4045997,-5.1684523 
3,1576154893448,-10.720108,-2.9171338,-5.4510646 
3,1576154893469,-12.856465,-2.8596535,-5.8677983 
3,1576154893488,-14.959292,-2.5770411,-7.055728 
3,1576154893509,-17.24414,-2.2273684,-7.5059915 
3,1576154893529,-20.70734,-1.5471827,-7.28565 
3,1576154893549,-23.471193,-0.68018556,-8.363408 
3,1576154893567,-24.5729,-0.23950197,-9.311836 
3,1576154893589,-24.5729,-0.2921924,-9.072334 
3,1576154893609,-23.614893,-0.6610254,-8.875943 
3,1576154893629,-21.588707,-1.101709,-8.315508 
3,1576154893648,-20.036734,-1.585503,-7.1611085 
3,1576154893673,-18.815275,-1.7771046,-6.6342044 
3,1576154893690,-17.531544,-1.7435743,-6.7731156 
3,1576154893709,-15.768809,-1.7914747,-6.461763 
3,1576154893733,-13.48875,-1.7723145,-5.877378 
3,1576154893751,-10.997931,-1.5519727,-5.4175344 
3,1576154893765,-8.56459,-1.1496094,-5.2834134 
3,1576154893794,-6.576724,-0.5843848,-4.91937 
3,1576154893805,-4.761299,-0.014370117,-4.4403663 
3,1576154893825,-2.907554,0.7807764,-4.5409575 
3,1576154893845,-2.2561085,1.7962648,-4.176914 
3,1576154893868,-1.5232325,2.6105714,-3.5781593 
3,1576154893889,-0.2203418,3.180586,-2.9171338 
3,1576154893907,0.728086,3.8847218,-2.083667 
3,1576154893929,1.456172,4.5840673,-1.7723145 
3,1576154893951,2.3614893,5.269043,-1.719624 
3,1576154893969,3.2620168,6.06419,-1.4705421 
3,1576154893988,4.2056546,6.7970657,-1.1448194 
3,1576154894010,5.1636624,7.4054008,-0.47900394 
3,1576154894029,6.1552005,7.9849954,0.0 
3,1576154894052,7.1227884,8.54543,0.17244141 
3,1576154894072,8.205338,8.861572,0.45505372 
3,1576154894092,8.990904,9.105865,1.1160791 
3,1576154894111,9.407638,9.283096,1.6334034 
3,1576154894130,9.398057,9.359736,1.7531544 
3,1576154894150,8.856783,9.388477,1.5567628 
3,1576154894172,8.281978,9.321417,1.0202783 
3,1576154894190,7.8508744,9.024434,0.76161623 
3,1576154894210,7.3000197,8.56459,0.85741705 
3,1576154894231,6.7300053,8.052056,1.0298585 
3,1576154894253,6.222261,7.4580913,1.1543995 
3,1576154894268,5.336104,6.9072366,1.1975098 
3,1576154894290,4.3301954,6.3899126,0.8765772 
3,1576154894309,3.6021094,5.8103175,0.07185059 
3,1576154894329,2.931504,5.0678616,-0.5029541 
3,1576154894350,2.3806496,4.148174,-0.62749517 
3,1576154894374,1.829795,3.1183155,-0.6706055 
3,1576154894393,0.8143067,2.0166066,-1.0825489 
3,1576154894411,-0.9388477,1.0633887,-1.5040723 
3,1576154894433,-2.8836036,0.2682422,-2.3854396 
3,1576154894454,-4.2296047,-0.42152345,-4.028423 
3,1576154894473,-5.738467,-1.0154883,-5.1157618 
3,1576154894494,-7.1132083,-1.6813037,-5.733677 
3,1576154894513,-8.147857,-2.4956105,-6.09293 
3,1576154894532,-10.001602,-3.1278956,-6.2797413 
3,1576154894549,-12.4684725,-3.0225148,-7.3527102 
3,1576154894570,-14.394068,-2.687212,-8.646021 
3,1576154894594,-16.003521,-2.7782228,-8.880733 
3,1576154894615,-18.719473,-2.4333398,-9.378897 
3,1576154894635,-21.483326,-1.7962648,-10.849439 
3,1576154894655,-24.036417,-1.2549903,-11.644586 
3,1576154894674,-25.952433,-0.8765772,-11.706856 
3,1576154894695,-26.158405,-0.6227051,-11.778707 
3,1576154894713,-23.600523,-0.7807764,-10.97398 
3,1576154894733,-20.75045,-1.5615528,-8.669971 
3,1576154894753,-19.246378,-2.0932472,-7.065308 
3,1576154894772,-17.747095,-2.1507277,-7.817344 
3,1576154894793,-15.7736,-2.1650977,-8.612491 
3,1576154894811,-13.158237,-2.43813,-8.037686 
3,1576154894831,-10.322535,-2.5578809,-7.079678 
3,1576154894852,-8.267608,-2.1459377,-6.342012 
3,1576154894871,-6.8497562,-1.4370118,-6.255791 
3,1576154894895,-5.249883,-0.9196875,-5.8438478 
3,1576154894913,-2.936294,-0.4167334,-5.374424 
3,1576154894936,-1.4082716,0.364043,-4.88584 
3,1576154894956,-0.36883304,1.2166699,-4.296665 
3,1576154894975,0.57001466,2.1555176,-3.1901662 
3,1576154894992,1.8058448,3.1087356,-2.2465284 
3,1576154895015,3.175796,4.3158255,-1.8776954 
3,1576154895034,4.536167,5.4271145,-2.2656887 
3,1576154895056,5.738467,6.2845316,-2.5530908 
3,1576154895077,6.485713,6.825806,-1.695674 
3,1576154895098,7.1132083,7.3575,-0.11496094 
3,1576154895118,7.582632,7.8652444,0.82388675 
3,1576154895135,7.6592727,8.320298,1.346001 
3,1576154895158,7.7454934,8.737032,1.7579445 
3,1576154895178,7.941885,9.0148535,2.074087 
3,1576154895198,8.310719,9.081915,2.0405567 
3,1576154895216,8.847202,8.871153,1.8058448 
3,1576154895237,8.818462,8.756192,1.585503 
3,1576154895254,8.267608,8.741821,1.22146 
3,1576154895275,7.7359133,8.636441,0.93405765 
3,1576154895295,7.31918,8.396939,0.8813672 
3,1576154895314,7.165899,8.013736,0.82388675 
3,1576154895335,7.060518,7.4580913,0.57959473 
3,1576154895358,6.5288234,6.844966,0.39278322 
3,1576154895378,5.6905665,6.231841,0.23950197 
3,1576154895395,4.790039,5.4414845,0.014370117 
3,1576154895414,3.9422023,4.4834766,-0.19160157 
3,1576154895434,3.1326857,3.300337,-0.46463382 
3,1576154895453,2.318379,2.184258,-1.2549903 
3,1576154895473,1.2070899,0.9196875,-2.203418 
3,1576154895494,-0.28261232,-0.4981641,-2.7399025 
3,1576154895518,-2.7973828,-1.8010547,-2.5530908 
3,1576154895538,-5.9396486,-2.5578809,-3.151846 
3,1576154895559,-7.951465,-2.9841945,-5.5947657 
3,1576154895576,-9.378897,-3.3626075,-7.941885 
3,1576154895600,-11.156001,-4.095484,-8.262817 
3,1576154895623,-13.756992,-4.378096,-7.453301 
3,1576154895639,-16.04663,-4.0667434,-7.812554 
3,1576154895663,-17.12439,-4.287085,-8.851993 
3,1576154895675,-20.367247,-4.2296047,-8.171807 
3,1576154895701,-23.792126,-3.2236965,-8.042476 
3,1576154895719,-24.783663,-2.3950195,-9.086704 
3,1576154895737,-25.061485,-2.064507,-8.851993 
3,1576154895758,-23.772964,-1.9830762,-8.487949 
3,1576154895777,-21.507277,-1.9112257,-7.8891945 
3,1576154895798,-19.351759,-2.0166066,-7.1275783 
3,1576154895817,-17.656084,-2.2321582,-6.2797413 
3,1576154895837,-16.760347,-2.208208,-5.997129 
3,1576154895858,-15.682589,-2.0309765,-7.031778 
3,1576154895877,-13.953384,-1.9351759,-7.8029737 
3,1576154895899,-12.037369,-1.6286134,-7.4772515 
3,1576154895919,-9.939331,-1.22146,-6.361172 
3,1576154895941,-7.0988383,-0.9053174,-5.5372853 
3,1576154895962,-4.8331494,-0.3161426,-4.761299 
3,1576154895980,-3.9326222,0.68018556,-4.3445654 
3,1576154896000,-3.0177248,1.6190332,-4.7469287 
3,1576154896021,-2.2225783,2.3806496,-4.5409575 
3,1576154896039,-1.4849122,2.9937747,-3.539839 
3,1576154896057,-0.8047266,3.6548,-2.3375392 
3,1576154896083,0.49337405,4.1146436,-1.5040723 
3,1576154896102,1.9687061,4.6511283,-1.1927198 
3,1576154896122,2.787803,5.5612354,-1.4753321 
3,1576154896140,2.7638526,6.5479836,-1.9208057 
3,1576154896159,2.9889846,7.223379,-1.4609619 
3,1576154896183,3.7458107,7.7311234,-0.57959473 
3,1576154896203,4.655918,8.171807,-0.07664063 
3,1576154896221,5.4414845,8.50711,0.50774413 
3,1576154896239,6.09772,8.890313,0.9148975 
3,1576154896258,6.552774,9.407638,0.8047266 
3,1576154896280,6.9790874,9.74773,0.46942386 
3,1576154896300,7.3622904,9.915381,0.38320315 
3,1576154896319,7.7311234,9.829161,0.5748047 
3,1576154896340,7.975415,9.575289,0.75203615 
3,1576154896362,7.8700347,9.2256155,0.732876 
3,1576154896383,7.563472,8.818462,0.60833496 
3,1576154896406,6.878496,8.4304695,0.76161623 
3,1576154896424,6.11688,8.066426,0.728086 
3,1576154896442,5.518125,7.6017923,0.34009278 
3,1576154896461,5.0199614,7.055728,-0.023950197 
3,1576154896482,4.4643164,6.342012,-0.17244141 
3,1576154896505,3.5542092,5.5516553,-0.35925296 
3,1576154896525,2.203418,4.7469287,-0.45026368 
3,1576154896546,0.9915381,4.0571632,-0.87178713 
3,1576154896564,0.16765137,3.2428565,-1.6669337 
3,1576154896586,-0.8047266,2.1076174,-2.1650977 
3,1576154896606,-2.323169,0.89573735,-2.3758595 
3,1576154896626,-3.9278321,-0.20597169,-2.8261232 
3,1576154896646,-5.824688,-1.0202783,-3.6500099 
3,1576154896666,-6.9216065,-1.6573536,-4.991221 
3,1576154896686,-7.6401124,-2.299219,-5.910908 
3,1576154896706,-8.923843,-2.9889846,-5.9635987 
3,1576154896724,-10.471025,-3.530259,-5.8007374 
3,1576154896744,-12.569063,-3.8511915,-6.05461 
3,1576154896763,-15.150894,-3.8655617,-7.0269876 
3,1576154896783,-18.666782,-3.290757,-8.028106 
3,1576154896803,-21.583918,-2.4908204,-9.307046 
3,1576154896822,-23.068829,-1.9255958,-9.920172 
3,1576154896842,-23.466402,-1.8489552,-9.584868 
3,1576154896865,-23.068829,-1.9208057,-8.804092 
3,1576154896883,-21.77073,-2.0166066,-8.008945 
3,1576154896902,-20.194805,-2.1028273,-7.2521195 
3,1576154896927,-18.657204,-2.3566992,-6.758745 
3,1576154896948,-17.20103,-2.6297317,-6.217471 
3,1576154896967,-16.367563,-2.6057813,-5.6426663 
3,1576154896986,-15.495777,-2.3902297,-5.992339 
3,1576154897008,-14.322217,-2.189048,-6.332432 
3,1576154897027,-12.727135,-2.0022364,-6.241421 
3,1576154897046,-10.384805,-1.6381935,-6.1791506 
3,1576154897068,-8.052056,-1.1687696,-5.388794 
3,1576154897089,-6.423443,-0.5843848,-4.3541455 
3,1576154897108,-5.1540823,0.14370118,-4.0523734 
3,1576154897128,-3.803291,0.852627,-4.2918754 
3,1576154897145,-2.184258,1.705254,-4.258345 
3,1576154897169,-1.0346485,2.6009912,-3.3721876 
3,1576154897189,-0.38320315,3.5206788,-2.6009912 
3,1576154897209,0.33530274,4.3637257,-2.2369483 
3,1576154897226,1.5519727,5.0534916,-2.3710694 
3,1576154897246,2.7111623,5.728887,-2.2129982 
3,1576154897271,3.2284865,6.6533647,-1.3220508 
3,1576154897286,3.6404297,7.534732,-0.5939649 
3,1576154897305,4.497847,8.037686,-0.46942386 
3,1576154897330,5.125342,8.53106,-0.05748047 
3,1576154897344,5.3408937,8.966953,0.13891114 
3,1576154897369,5.144502,9.278306,0.023950197 
3,1576154897394,4.976851,9.584868,-0.5508545 
3,1576154897407,5.1971927,9.75252,-1.4226416 
3,1576154897427,5.465435,9.833951,-1.6429834 
3,1576154897451,5.997129,9.685459,-1.5280225 
3,1576154897465,6.3994923,9.527389,-1.4178516 
3,1576154897485,6.3851223,9.335787,-1.3747413 
3,1576154897510,6.0833497,9.115445,-0.9915381 
3,1576154897525,5.767207,8.799302,-0.5604346 
3,1576154897544,5.1540823,8.51669,-0.32572266 
3,1576154897564,4.478687,8.147857,-0.32572266 
3,1576154897584,4.133804,7.6257424,-0.2921924 
3,1576154897606,3.6500099,7.0509377,-0.23950197 
3,1576154897625,3.0225148,6.4042826,-0.5556446 
3,1576154897645,2.4716604,5.637876,-0.9867481 
3,1576154897665,1.5950831,4.7133985,-0.89573735 
3,1576154897685,0.488584,3.784131,-0.8286768 
3,1576154897706,-0.5508545,2.8452833,-1.5280225 
3,1576154897726,-1.7962648,1.9734962,-2.2656887 
3,1576154897747,-2.8788135,1.0154883,-2.9506643 
3,1576154897766,-3.535049,-0.07664063,-3.5494192 
3,1576154897786,-4.9241605,-1.1400293,-3.755391 
3,1576154897807,-6.2941117,-2.078877,-4.071533 
3,1576154897829,-6.8737063,-3.0943654,-5.087022 
3,1576154897849,-8.061636,-4.1960745,-5.872588 
3,1576154897869,-10.887759,-4.790039,-6.07856 
3,1576154897889,-13.982124,-4.6750784,-6.9934573 
3,1576154897909,-16.540005,-4.2439747,-8.123906 
3,1576154897933,-19.021246,-3.8320315,-8.727451 
3,1576154897953,-21.195923,-3.4584084,-9.292676 
3,1576154897972,-23.399342,-3.0177248,-9.81 
3,1576154897991,-25.64108,-2.3710694,-9.924961 
3,1576154898013,-26.493708,-2.0357666,-10.427916 
3,1576154898032,-24.941734,-2.078877,-10.624307 
3,1576154898050,-21.93838,-2.3614893,-9.474698 
3,1576154898069,-19.260748,-2.682422,-7.846084 
3,1576154898088,-17.03817,-2.8404932,-7.0126176 
3,1576154898109,-15.481407,-2.7973828,-7.2760696 
3,1576154898128,-13.862373,-2.7542725,-7.831714 
3,1576154898148,-12.12838,-2.7542725,-7.582632 
3,1576154898169,-10.106983,-2.5962012,-6.8593364 
3,1576154898193,-8.258028,-2.2177882,-6.1312504 
3,1576154898213,-7.199429,-1.4992822,-5.3217335 
3,1576154898231,-6.255791,-0.81909674,-4.6654983 
3,1576154898252,-4.761299,-0.28261232,-4.4643164 
3,1576154898269,-3.295547,0.40715334,-4.0906935 
3,1576154898290,-1.8441651,1.1735597,-3.539839 
3,1576154898311,-0.43110353,2.1124072,-2.8548634 
3,1576154898330,0.2778223,3.171006,-2.1267774 
3,1576154898353,0.9436377,4.071533,-1.7914747 
3,1576154898373,2.3950195,4.8187795,-1.3124708 
3,1576154898393,3.5877395,5.733677,-0.46463382 
3,1576154898415,4.1960745,6.480923,0.019160157 
3,1576154898434,5.0822315,7.0365677,0.19639161 
3,1576154898455,5.7959476,7.7215433,0.46463382 
3,1576154898472,5.839058,8.468789,0.7664063 
3,1576154898494,5.585186,9.182506,0.78556645 
3,1576154898513,5.8055277,9.699829,0.39757326 
3,1576154898536,6.212681,9.8866415,0.1101709 
3,1576154898555,6.3132715,9.920172,0.07185059 
3,1576154898573,6.466553,9.74773,0.047900394 
3,1576154898597,6.5384035,9.580078,0.0 
3,1576154898614,6.1312504,9.407638,0.0047900393 
3,1576154898636,5.7815776,9.129815,-0.17244141 
3,1576154898657,5.5372853,8.794512,-0.21555176 
3,1576154898677,5.264253,8.420889,-0.20118165 
3,1576154898698,4.9002104,7.9610453,-0.100590825 
3,1576154898716,4.1625443,7.3622904,0.16286133 
3,1576154898734,3.4823585,6.8593364,0.0047900393 
3,1576154898752,3.1135256,6.1408305,-0.5460645 
3,1576154898776,2.562671,5.3025737,-0.60833496 
3,1576154898796,1.7292042,4.4355764,-0.57959473 
3,1576154898813,0.6849756,3.5637891,-0.85741705 
3,1576154898832,-0.2921924,2.5051906,-1.4226416 
3,1576154898853,-1.3124708,1.5184424,-2.304009 
3,1576154898875,-2.9841945,0.613125,-3.171006 
3,1576154898897,-4.176914,-0.14849122,-4.3158255 
3,1576154898917,-5.0199614,-0.9053174,-4.8091993 
3,1576154898938,-6.557564,-1.7148341,-4.636758 
3,1576154898958,-8.262817,-2.1746778,-5.240303 
3,1576154898978,-9.580078,-2.42855,-6.5144534 
3,1576154898996,-10.643467,-2.9937747,-6.974297 
3,1576154899019,-13.627662,-3.2045362,-7.0413575 
3,1576154899037,-17.450113,-2.816543,-8.454419 
3,1576154899055,-20.094215,-2.0166066,-10.250684 
3,1576154899079,-21.363575,-1.4274317,-10.94045 
3,1576154899099,-22.312002,-1.3028907,-10.585987 
3,1576154899119,-23.25564,-0.9963282,-9.493857 
3,1576154899138,-23.658005,-0.732876,-8.784932 
3,1576154899159,-23.361021,-0.6562354,-8.454419 
3,1576154899179,-21.387526,-0.8765772,-8.018526 
3,1576154899200,-18.930235,-1.1304493,-7.534732 
3,1576154899219,-16.496895,-1.3220508,-7.2760696 
3,1576154899237,-14.801221,-1.3220508,-6.974297 
3,1576154899257,-13.301939,-1.2070899,-7.0174074 
3,1576154899283,-11.342813,-1.0777588,-7.0174074 
3,1576154899296,-9.7142,-0.8813672,-6.2749515 
3,1576154899316,-8.368198,-0.67539555,-5.728887 
3,1576154899336,-7.5299416,-0.38320315,-5.407954 
3,1576154899356,-6.3803325,-0.019160157,-5.5468655 
3,1576154899376,-4.88105,0.44547364,-6.0114994 
3,1576154899400,-4.2248144,1.0825489,-5.4414845 
3,1576154899419,-3.6164796,1.7435743,-4.4499464 
3,1576154899440,-2.2848487,2.4189699,-3.6308498 
3,1576154899461,-1.3268409,3.2668068,-2.8692336 
3,1576154899482,-0.8095166,4.0763235,-2.3566992 
3,1576154899502,0.21555176,4.8139896,-2.2321582 
3,1576154899519,1.9926564,5.4366946,-2.1650977 
3,1576154899540,3.420088,6.1791506,-1.4849122 
3,1576154899560,4.646338,7.0126176,-0.64186525 
3,1576154899580,5.910908,7.673643,0.09580079 
3,1576154899603,6.2701616,8.301138,1.22146 
3,1576154899622,6.183941,8.837623,1.9255958 
3,1576154899638,6.638994,9.153765,1.6381935 
3,1576154899663,7.31918,9.3309965,0.9053174 
3,1576154899679,7.453301,9.436378,0.44547364 
3,1576154899703,7.27128,9.465117,0.2921924 
3,1576154899723,6.9886675,9.374106,0.3161426 
3,1576154899741,6.4282327,9.278306,0.244292 
3,1576154899760,5.934859,9.201666,-0.18681154 
3,1576154899780,5.5708156,8.990904,-0.56522465 
3,1576154899800,5.2834134,8.636441,-0.6945557 
3,1576154899822,5.0726514,8.1143265,-0.57959473 
3,1576154899838,4.4451566,7.5012016,-0.043110352 
3,1576154899859,3.8895118,6.8880763,0.05748047 
3,1576154899880,3.5685792,6.2605815,-0.46463382 
3,1576154899902,3.027305,5.494175,-1.0490186 
3,1576154899920,2.3758595,4.526587,-1.3220508 
3,1576154899942,1.3028907,3.4871485,-1.2310401 
3,1576154899962,0.019160157,2.44292,-1.5807129 
3,1576154899982,-0.9867481,1.3843213,-2.4572902 
3,1576154900001,-2.327959,0.3544629,-3.2859669 
3,1576154900023,-4.047583,-0.48379397,-3.9805226 
3,1576154900042,-5.8103175,-1.3603711,-5.0534916 
3,1576154900063,-7.8556643,-2.2273684,-5.977969 
3,1576154900085,-9.422008,-2.327959,-7.1275783 
3,1576154900105,-9.891431,-2.6536818,-7.6161623 
3,1576154900124,-10.897339,-3.1901662,-6.1647806 
3,1576154900142,-13.062437,-3.396138,-5.0822315 
3,1576154900165,-15.433507,-3.4057178,-6.1552005 
3,1576154900186,-18.27879,-3.3099172,-7.5970025 
3,1576154900206,-21.832998,-2.8261232,-8.214917 
3,1576154900225,-24.160957,-2.1315675,-9.68067 
3,1576154900243,-25.296198,-1.6813037,-10.241104 
3,1576154900262,-25.50696,-1.5088624,-9.335787 
3,1576154900284,-23.873556,-1.6860938,-8.52627 
3,1576154900302,-21.900059,-1.9974464,-7.7311234 
3,1576154900322,-19.964884,-2.2752686,-7.4006104 
3,1576154900342,-17.761465,-2.548301,-7.3527102 
3,1576154900363,-15.467037,-2.7542725,-7.2521195 
3,1576154900382,-13.258829,-2.7111623,-7.103628 
3,1576154900406,-11.199112,-2.4093897,-6.844966 
3,1576154900426,-9.469908,-2.0549269,-6.217471 
3,1576154900445,-7.9945755,-1.5471827,-5.518125 
3,1576154900464,-6.437813,-0.76161623,-5.704937 
3,1576154900483,-4.775669,0.07664063,-6.1647806 
3,1576154900506,-3.5063088,0.9053174,-5.604346 
3,1576154900526,-2.8979738,1.7675245,-4.3397756 
3,1576154900547,-2.1267774,2.6105714,-3.6212697 
3,1576154900565,-0.9388477,3.4248781,-3.1853762 
3,1576154900588,0.5029541,4.2248144,-2.8309133 
3,1576154900608,1.5136524,5.221143,-2.1459377 
3,1576154900629,1.7675245,6.12646,-1.5950831 
3,1576154900648,2.2944288,6.7395854,-1.2693604 
3,1576154900666,3.2620168,7.185059,-0.79035646 
3,1576154900688,3.8320315,7.654483,-0.23950197 
3,1576154900708,3.903882,8.119117,0.10538086 
3,1576154900728,3.7218604,8.5502205,-0.023950197 
3,1576154900746,4.047583,8.847202,-0.56522465 
3,1576154900767,4.5457473,9.115445,-0.4981641 
3,1576154900785,5.221143,9.292676,0.0 
3,1576154900805,5.6714063,9.407638,0.6322852 
3,1576154900826,6.0210795,9.517808,1.0154883 
3,1576154900844,6.236631,9.503438,0.78556645 
3,1576154900864,6.236631,9.489068,0.39278322 
3,1576154900886,6.1695704,9.259146,0.31135255 
3,1576154900909,6.1456203,8.875943,0.3544629 
3,1576154900929,5.8342676,8.363408,0.38320315 
3,1576154900948,5.326524,7.783814,0.40715334 
3,1576154900969,4.8379397,7.1467385,-0.014370117 
3,1576154900992,3.9613624,6.466553,-0.67539555 
3,1576154901005,2.6297317,5.743257,-0.81909674 
3,1576154901030,1.4897022,4.9529004,-1.0154883 
3,1576154901052,0.7041358,4.1098537,-1.6573536 
3,1576154901068,0.23950197,3.2093263,-2.1363575 
3,1576154901089,-0.50774413,2.078877,-2.2704787 
3,1576154901116,-1.9016455,0.97237796,-2.1411476 
3,1576154901126,-3.4057178,0.028740235,-2.7351124 
3,1576154901149,-5.120552,-0.71371585,-3.7506008 
3,1576154901176,-6.6437845,-1.4034815,-4.905 
3,1576154901189,-8.358619,-1.8250049,-6.0450296 
3,1576154901208,-9.484278,-2.2561085,-7.204219 
3,1576154901235,-10.791959,-3.0704153,-7.893985 
3,1576154901250,-14.806011,-3.6021094,-7.29523 
3,1576154901267,-19.878662,-2.6105714,-8.698711 
3,1576154901286,-23.18379,-1.0681788,-11.721226 
3,1576154901307,-24.32861,-0.5843848,-11.941567 
3,1576154901325,-24.730972,-0.7376661,-9.460327 
3,1576154901346,-24.5729,-0.8143067,-7.8748245 
3,1576154901366,-23.384972,-0.71371585,-8.583751 
3,1576154901386,-21.583918,-0.7568262,-9.148975 
3,1576154901406,-19.62479,-1.0394385,-8.387359 
3,1576154901426,-17.19145,-1.3699512,-7.5059915 
3,1576154901447,-14.935343,-1.5711329,-7.065308 
3,1576154901467,-12.961846,-1.4897022,-6.9551373 
3,1576154901487,-10.763218,-1.0585986,-6.950347 
3,1576154901507,-8.602911,-0.5843848,-6.5000834 
3,1576154901527,-6.6485744,-0.15328126,-5.5468655 
3,1576154901547,-5.4414845,0.39757326,-4.636758 
3,1576154901567,-4.5792775,1.0777588,-4.311035 
3,1576154901587,-4.148174,1.9399658,-4.1242237 
3,1576154901608,-3.803291,2.8309133,-3.8368216 
3,1576154901628,-2.1124072,3.530259,-4.253555 
3,1576154901648,-0.25866213,4.0859036,-4.378096 
3,1576154901668,0.60354495,4.5888577,-3.3338673 
3,1576154901688,1.2549903,5.149292,-2.4141798 
3,1576154901708,2.1076174,5.858218,-2.42855 
3,1576154901728,2.7015822,6.4138627,-2.0357666 
3,1576154901748,2.8261232,6.9072366,-0.87178713 
3,1576154901768,3.439248,7.3096,-0.17723145 
3,1576154901788,4.2152348,7.664063,0.45505372 
3,1576154901807,4.9864306,8.128696,0.91010743 
3,1576154901828,5.623506,8.708291,0.53169435 
3,1576154901848,5.858218,9.081915,0.1580713 
3,1576154901868,5.7001467,9.263936,0.74724615 
3,1576154901888,6.1647806,9.426797,1.0729688 
3,1576154901909,6.935977,9.479487,0.977168 
3,1576154901929,7.2281694,9.378897,0.98195803 
3,1576154901949,6.926397,9.263936,0.63707525 
3,1576154901969,6.5096636,9.216036,0.086220704 
3,1576154901989,6.09293,8.919053,-0.119750984 
3,1576154902009,5.5803957,8.5502205,-0.21076173 
3,1576154902030,5.149292,8.028106,-0.28740236 
3,1576154902050,4.7469287,7.31918,-0.1820215 
3,1576154902070,4.277505,6.662945,-0.22992188 
3,1576154902090,3.7937112,6.06419,-0.6945557 
3,1576154902111,3.4584084,5.1971927,-1.0825489 
3,1576154902131,3.0752053,3.9182522,-1.0729688 
3,1576154902151,2.083667,2.4956105,-1.1831397 
3,1576154902171,-0.19160157,1.2981006,-1.7387843 
3,1576154902191,-2.8740237,0.52690434,-2.9219239 
3,1576154902211,-4.488267,0.023950197,-4.703819 
3,1576154902231,-5.2355127,-0.8861573,-5.944439 
3,1576154902251,-6.3851223,-2.059717,-6.1408305 
3,1576154902271,-7.673643,-2.8931837,-6.327642 
3,1576154902291,-8.751402,-4.014053,-6.844966 
3,1576154902312,-11.769127,-4.8044095,-6.8928666 
3,1576154902331,-16.448996,-4.3493557,-7.577842 
3,1576154902351,-19.59126,-3.1087356,-9.340576 
3,1576154902371,-20.72171,-2.5818312,-9.972861 
3,1576154902391,-22.11082,-2.5962012,-8.152647 
3,1576154902412,-23.413712,-2.4716604,-7.180269 
3,1576154902432,-23.859186,-2.1124072,-7.8556643 
3,1576154902452,-23.246061,-1.8106349,-8.277188 
3,1576154902472,-20.81751,-2.1171973,-7.5395217 
3,1576154902494,-18.676363,-2.3375392,-5.872588 
3,1576154902517,-16.813038,-2.299219,-4.7948294 
3,1576154902537,-15.328126,-2.069297,-4.521797 
3,1576154902556,-14.413228,-1.8968556,-4.670288 
3,1576154902573,-13.493541,-1.7004639,-5.2882032 
3,1576154902599,-12.1235895,-1.4226416,-6.0114994 
3,1576154902616,-10.518927,-1.22625,-5.7863674 
3,1576154902639,-8.933423,-0.8047266,-5.249883 
3,1576154902654,-7.6449027,-0.35925296,-4.8187795 
3,1576154902678,-6.4186525,0.21555176,-4.742139 
3,1576154902696,-5.4175344,0.9484278,-4.6750784 
3,1576154902718,-4.2918754,1.5519727,-4.5840673 
3,1576154902736,-2.9698243,2.078877,-4.1242237 
3,1576154902757,-2.1028273,2.8452833,-3.3673975 
3,1576154902777,-0.78556645,3.6068995,-2.9841945 
3,1576154902796,0.5843848,4.3062453,-2.2177882 
3,1576154902816,1.6238233,5.158872,-1.2933106 
3,1576154902834,2.1698878,5.9875493,-0.71371585 
3,1576154902854,2.44292,6.6437845,-0.49337405 
3,1576154902875,2.2321582,7.3622904,-0.07664063 
3,1576154902898,2.3950195,8.018526,-0.42152345 
3,1576154902919,3.1278956,8.464,-1.2070899 
3,1576154902939,3.7697608,8.885523,-1.2693604 
3,1576154902958,4.1098537,9.302257,-1.1352394 
3,1576154902980,4.488267,9.6615095,-1.4897022 
3,1576154902999,4.976851,9.977652,-1.8585353 
3,1576154903021,5.5229154,10.140513,-1.9926564 
3,1576154903040,6.0258694,10.150093,-2.0070264 
3,1576154903059,6.3803325,10.035132,-2.0213966 
3,1576154903081,6.6246243,9.843531,-2.1459377 
3,1576154903101,6.7683253,9.551338,-2.179468 
3,1576154903119,6.792276,9.187295,-2.318379 
3,1576154903139,6.6821046,8.665181,-2.2656887 
3,1576154903162,6.342012,8.061636,-1.7818946 
3,1576154903182,5.757627,7.3575,-1.2502003 
3,1576154903202,5.0199614,6.586304,-1.2166699 
3,1576154903223,4.4499464,5.767207,-1.4418018 
3,1576154903242,3.9901028,4.775669,-1.5807129 
3,1576154903260,3.1566358,3.558999,-1.5280225 
3,1576154903279,1.6717237,2.2417383,-1.4418018 
3,1576154903298,-0.028740235,1.0346485,-1.9064356 
3,1576154903323,-1.949546,0.0047900393,-2.5578809 
3,1576154903337,-3.9565725,-0.8430469,-3.300337 
3,1576154903358,-5.982759,-1.7148341,-3.9278321 
3,1576154903379,-8.334668,-2.304009,-4.3493557 
3,1576154903402,-10.389595,-2.4764502,-5.5372853 
3,1576154903422,-11.955938,-2.4908204,-7.1084185 
3,1576154903442,-13.244458,-2.8596535,-7.434141 
3,1576154903463,-16.065792,-3.1614258,-6.5719337 
3,1576154903483,-19.859503,-2.4908204,-7.1419487 
3,1576154903502,-22.01981,-1.336421,-9.278306 
3,1576154903525,-22.743107,-0.7664063,-10.226734 
3,1576154903543,-23.00656,-0.9532178,-9.493857 
3,1576154903562,-23.20774,-0.9436377,-8.363408 
3,1576154903582,-22.077291,-0.86220706,-8.234077 
3,1576154903604,-19.974464,-0.8334668,-8.631651 
3,1576154903624,-17.713566,-1.1448194,-8.310719 
3,1576154903645,-15.85503,-1.4705421,-7.448511 
3,1576154903664,-14.418018,-1.4849122,-7.0078273 
3,1576154903682,-12.904366,-1.2885206,-7.089258 
3,1576154903704,-11.184742,-1.1112891,-7.0078273 
3,1576154903724,-9.383687,-0.85741705,-6.5096636 
3,1576154903743,-8.243657,-0.3879932,-5.767207 
3,1576154903762,-7.213799,0.12454102,-5.489385 
3,1576154903781,-5.336104,0.60833496,-5.6905665 
3,1576154903800,-3.7506008,1.3939015,-5.264253 
3,1576154903824,-2.5051906,2.1411476,-4.5649076 
3,1576154903840,-1.3028907,2.8692336,-4.2200246 
3,1576154903860,-0.46942386,3.5829494,-3.8320315 
3,1576154903880,0.96758795,4.1960745,-3.515889 
3,1576154903903,2.7303224,4.9145803,-2.7159522 
3,1576154903923,3.8559816,5.5612354,-1.1975098 
3,1576154903942,4.406836,6.327642,-0.081430666 
3,1576154903964,5.005591,7.1227884,-0.17244141 
3,1576154903985,5.4462748,7.8556643,-0.28740236 
3,1576154904005,5.7911572,8.48316,-0.21076173 
3,1576154904026,6.337222,8.818462,-0.2778223 
3,1576154904046,7.084468,9.192085,-0.28261232 
3,1576154904063,7.8412943,9.469908,-0.32572266 
3,1576154904086,8.353828,9.5561285,-0.38320315 
3,1576154904106,8.487949,9.599238,-0.25387207 
3,1576154904125,8.368198,9.479487,-0.100590825 
3,1576154904148,7.812554,9.378897,-0.09101075 
3,1576154904162,7.429351,9.268726,-0.5556446 
3,1576154904183,6.964717,9.0004835,-0.847837 
3,1576154904204,6.576724,8.660391,-1.101709 
3,1576154904223,6.0737696,8.315508,-1.346001 
3,1576154904247,5.384004,7.9227247,-1.4322218 
3,1576154904265,4.8523097,7.4197707,-1.3124708 
3,1576154904284,4.7325587,6.710845,-1.1591895 
3,1576154904304,4.5649076,5.8342676,-0.852627 
3,1576154904323,3.7458107,4.8427296,-0.9915381 
3,1576154904343,2.6153615,3.9469924,-1.6142433 
3,1576154904363,1.4274317,3.0225148,-2.2704787 
3,1576154904383,0.17723145,1.9255958,-2.6536818 
3,1576154904404,-0.9915381,0.6945557,-2.8979738 
3,1576154904428,-2.6488917,-0.45505372,-3.0081446 
3,1576154904448,-4.1864944,-1.4465919,-3.4344583 
3,1576154904468,-5.4223247,-2.5004005,-4.095484 
3,1576154904485,-7.4006104,-3.3865578,-4.2439747 
3,1576154904507,-10.480606,-3.6931202,-4.7086086 
3,1576154904528,-12.698394,-3.2093263,-6.3899126 
3,1576154904549,-13.776153,-3.3721876,-7.592212 
3,1576154904567,-17.12439,-3.9374123,-6.5192432 
3,1576154904585,-22.412594,-3.2859669,-6.5000834 
3,1576154904609,-25.760832,-1.7627344,-8.54064 
3,1576154904630,-26.71884,-1.0059083,-9.024434 
3,1576154904656,-26.230255,-1.0394385,-7.664063 
3,1576154904669,-24.841145,-1.3747413,-6.6677346 
3,1576154904690,-23.317911,-1.3507911,-6.9072366 
3,1576154904715,-20.71213,-1.6190332,-7.510782 
3,1576154904726,-18.202148,-2.1124072,-6.9216065 
3,1576154904750,-16.482525,-2.4093897,-6.1456203 
3,1576154904775,-14.897022,-2.2704787,-5.8965383 
3,1576154904786,-12.703184,-1.9160157,-6.13604 
3,1576154904806,-10.241104,-1.6765138,-6.485713 
3,1576154904836,-8.133487,-1.336421,-6.0737696 
3,1576154904846,-6.638994,-0.8382569,-4.89542 
3,1576154904866,-4.905,-0.34488282,-4.4643164 
3,1576154904886,-2.9985645,0.44547364,-4.7708793 
3,1576154904907,-1.8537452,1.4753321,-5.0774417 
3,1576154904931,-1.0298585,2.543511,-5.005591 
3,1576154904948,0.5029541,3.300337,-4.5840673 
3,1576154904973,2.2129982,3.9517825,-3.530259 
3,1576154904986,2.912344,4.742139,-2.4716604 
3,1576154905015,3.63564,5.4510646,-2.2417383 
3,1576154905037,5.015171,6.1552005,-2.3662794 
3,1576154905044,6.5479836,6.969507,-2.2944288 
3,1576154905064,8.138277,7.6017923,-1.6908839 
3,1576154905085,9.972861,7.798184,-0.71371585 
3,1576154905104,11.452984,8.047266,0.25387207 
3,1576154905125,12.28645,8.310719,0.90052736 
3,1576154905145,12.712764,8.56459,1.1160791 
3,1576154905166,12.679234,8.631651,1.1975098 
3,1576154905186,12.372671,8.47837,1.3891114 
3,1576154905206,11.817027,8.267608,1.6142433 
3,1576154905226,10.768008,8.061636,1.575923 
3,1576154905246,9.407638,7.7694435,1.3076807 
3,1576154905267,8.085587,7.424561,1.1783496 
3,1576154905287,6.950347,6.974297,1.0154883 
3,1576154905308,5.877378,6.4282327,0.81909674 
3,1576154905327,5.1876125,5.8438478,0.21555176 
3,1576154905347,4.7086086,5.1061816,-0.6706055 
3,1576154905368,3.9565725,4.282295,-1.4082716 
3,1576154905391,2.931504,3.3865578,-2.0549269 
3,1576154905413,1.6046631,2.4860303,-2.7830129 
3,1576154905433,0.13891114,1.4849122,-3.2859669 
3,1576154905453,-1.8345851,0.35925296,-3.2236965 
3,1576154905474,-4.033213,-0.5412744,-3.5254688 
3,1576154905495,-5.5516553,-1.2933106,-4.756509 
3,1576154905514,-7.568262,-2.2848487,-5.752837 
3,1576154905534,-11.414663,-2.6249416,-5.6905665 
3,1576154905553,-14.959292,-1.9399658,-6.3228517 
3,1576154905572,-15.8215,-1.8441651,-8.396939 
3,1576154905596,-17.694405,-1.7866846,-8.756192 
3,1576154905615,-20.582798,-1.0202783,-7.9083548 
3,1576154905635,-21.856949,-0.2921924,-7.6257424 
3,1576154905655,-22.235363,-0.07185059,-7.5203614 
3,1576154905675,-22.618565,0.081430666,-7.223379 
3,1576154905695,-22.824537,0.37362307,-6.945557 
3,1576154905709,-21.550386,0.53169435,-6.950347 
3,1576154905737,-19.4284,0.48379397,-6.935977 
3,1576154905751,-17.153131,0.2203418,-6.3899126 
3,1576154905772,-15.696959,0.100590825,-5.575606 
3,1576154905791,-14.767691,0.20597169,-5.3025737 
3,1576154905810,-12.794195,0.26345217,-5.489385 
3,1576154905831,-10.518927,0.5029541,-5.465435 
3,1576154905852,-8.933423,0.75203615,-5.0534916 
3,1576154905871,-8.042476,0.9053174,-4.6894484 
3,1576154905890,-6.495293,1.0490186,-4.4643164 
3,1576154905914,-4.8523097,1.7962648,-4.033213 
3,1576154905936,-3.1470559,2.5818312,-3.7122805 
3,1576154905956,-1.6621436,3.3673975,-2.802173 
3,1576154905976,-0.45505372,3.903882,-2.0405567 
3,1576154905995,0.78556645,4.3493557,-3.5781593 
3,1576154906013,1.8920655,4.8666797,-5.7767873 
3,1576154906036,3.0081446,5.4175344,-6.006709 
3,1576154906055,4.9624805,5.613926,-4.5744877 
3,1576154906075,6.720425,5.982759,-2.687212 
3,1576154906092,8.181387,6.5479836,-0.7232959 
3,1576154906118,9.83874,7.1275783,0.6562354 
3,1576154906136,11.199112,7.6592727,1.6429834 
3,1576154906156,12.066109,8.109536,2.059717 
3,1576154906178,12.1379595,8.305928,2.1650977 
3,1576154906198,11.869718,8.339458,2.088457 
3,1576154906217,11.251802,8.4448395,1.4849122 
3,1576154906237,10.245894,8.55501,0.6466553 
3,1576154906258,9.283096,8.473579,-0.047900394 
3,1576154906276,8.301138,8.171807,-0.28740236 
3,1576154906296,7.2569094,7.807764,-0.3784131 
3,1576154906314,5.949229,7.534732,-0.5412744 
3,1576154906338,4.703819,7.3718705,-1.1064991 
3,1576154906353,4.4738965,7.065308,-1.8489552 
3,1576154906374,4.6894484,6.2797413,-2.0453467 
3,1576154906395,4.3301954,5.3313136,-2.0405567 
3,1576154906417,3.300337,4.3637257,-1.9782863 
3,1576154906438,1.9878663,3.4440382,-1.9591261 
3,1576154906455,0.8861573,2.4668703,-2.4525 
3,1576154906478,0.05748047,1.21188,-3.1470559 
3,1576154906496,-0.613125,-0.20597169,-3.4584084 
3,1576154906516,-2.6297317,-1.5328126,-3.410508 
3,1576154906540,-5.5564456,-2.4189699,-4.1050634 
3,1576154906559,-7.568262,-2.9506643,-6.11209 
3,1576154906577,-9.613608,-3.7122805,-7.448511 
3,1576154906598,-12.985797,-3.9278321,-7.7646537 
3,1576154906620,-16.722027,-2.931504,-7.975415 
3,1576154906640,-18.350641,-2.2800586,-8.4304695 
3,1576154906660,-19.36134,-2.42855,-8.3250885 
3,1576154906680,-21.856949,-2.2321582,-8.056846 
3,1576154906702,-25.272247,-1.336421,-8.085587 
3,1576154906721,-27.001451,-0.364043,-8.847202 
3,1576154906741,-26.311686,-0.10538086,-9.278306 
3,1576154906762,-24.165749,-0.40715334,-8.473579 
3,1576154906779,-20.88936,-0.8813672,-6.638994 
3,1576154906806,-18.460812,-1.3268409,-5.0726514 
3,1576154906815,-16.540005,-1.4370118,-4.8427296 
3,1576154906838,-14.283897,-1.3699512,-5.5660257 
3,1576154906856,-12.118799,-1.1208692,-5.4319043 
3,1576154906876,-9.905801,-0.8813672,-4.9241605 
3,1576154906896,-7.711963,-0.2778223,-4.4451566 
3,1576154906921,-6.3084817,0.7807764,-4.018843 
3,1576154906940,-5.1971927,1.3939015,-4.1721244 
3,1576154906964,-3.8368216,1.5615528,-4.9433208 
3,1576154906982,-2.193838,1.7675245,-5.8821683 
3,1576154907001,-0.92926764,2.059717,-5.767207 
3,1576154907017,0.7232959,2.4525,-5.489385 
3,1576154907043,1.8776954,3.0752053,-4.2918754 
3,1576154907060,2.5578809,3.7506008,-2.9602442 
3,1576154907080,4.014053,4.4834766,-2.198628 
3,1576154907103,5.249883,5.336104,-1.6477735 
3,1576154907122,6.706055,6.0019193,-1.839375 
3,1576154907141,8.372989,6.6437845,-1.7148341 
3,1576154907163,9.498648,7.3096,-0.8765772 
3,1576154907183,9.580078,7.812554,0.23950197 
3,1576154907203,9.872271,8.344249,0.38320315 
3,1576154907223,9.82437,8.717872,0.05269043 
3,1576154907244,9.216036,8.986114,-0.32572266 
3,1576154907264,8.353828,9.177715,-0.5556446 
3,1576154907282,7.577842,9.230406,-0.5987549 
3,1576154907309,6.581514,9.287886,-0.7232959 
3,1576154907320,5.455855,9.455538,-1.0681788 
3,1576154907340,4.5792775,9.445957,-1.2549903 
3,1576154907360,4.282295,9.273516,-1.2741505 
3,1576154907380,4.5074267,8.856783,-1.2933106 
3,1576154907399,5.326524,8.353828,-1.1639795 
3,1576154907424,6.327642,7.8365045,-0.8765772 
3,1576154907443,6.2797413,7.36708,-0.25387207 
3,1576154907464,5.752837,7.070098,-0.1341211 
3,1576154907481,5.858218,6.6821046,-0.79993653 
3,1576154907503,6.217471,6.0450296,-1.6908839 
3,1576154907524,6.231841,5.1732426,-2.42376 
3,1576154907545,5.709727,4.133804,-2.8740237 
3,1576154907564,4.023633,3.0991554,-2.7063723 
3,1576154907586,2.0213966,2.1411476,-3.1326857 
3,1576154907605,-0.19639161,1.2981006,-3.9517825 
3,1576154907623,-2.0357666,0.6322852,-4.8139896 
3,1576154907644,-4.2056546,0.28740236,-5.2834134 
3,1576154907663,-6.495293,0.23950197,-5.982759 
3,1576154907686,-7.0988383,0.043110352,-7.3718705 
3,1576154907706,-7.697593,-0.63707525,-7.4006104 
3,1576154907726,-10.97877,-1.3028907,-6.5240335 
3,1576154907747,-16.161592,-1.1208692,-7.2904396 
3,1576154907766,-21.157604,-0.086220704,-10.207574 
3,1576154907784,-25.037535,0.87178713,-12.506792 
3,1576154907812,-26.062603,1.7387843,-12.439732 
3,1576154907821,-24.007677,1.7866846,-10.432706 
3,1576154907842,-21.018692,1.6190332,-8.296348 
3,1576154907862,-19.44756,1.6142433,-7.0413575 
3,1576154907883,-19.203268,1.9112257,-6.4426026 
3,1576154907906,-16.367563,1.8154249,-7.577842 
3,1576154907924,-14.446758,1.7531544,-6.854546 
3,1576154907946,-13.306729,1.8250049,-5.6809864 
3,1576154907966,-12.0182085,1.9878663,-5.5947657 
3,1576154907986,-11.175161,2.3375392,-5.738467 
3,1576154908005,-10.490186,2.6105714,-5.6282964 
3,1576154908025,-9.498648,2.4860303,-5.1876125 
3,1576154908048,-7.5059915,2.2369483,-4.82357 
3,1576154908066,-5.704937,2.3902297,-4.2248144 
3,1576154908084,-4.3493557,2.572251,-3.9709425 
3,1576154908108,-3.1853762,2.7590625,-3.903882 
3,1576154908127,-1.575923,2.936294,-3.8655617 
3,1576154908146,0.37362307,3.3290772,-4.009263 
3,1576154908169,1.954336,3.894302,-4.272715 
3,1576154908189,2.6393116,4.5936475,-3.8224514 
3,1576154908209,2.572251,5.216353,-2.6105714 
3,1576154908227,3.1135256,5.815108,-1.7148341 
3,1576154908249,3.8895118,6.3707523,-0.34967285 
3,1576154908268,4.8331494,6.950347,0.79035646 
3,1576154908287,5.9300685,7.5970025,1.3651612 
3,1576154908313,6.8689165,8.004155,2.3327491 
3,1576154908324,8.296348,8.095166,3.0799952 
3,1576154908349,10.078242,8.147857,3.027305 
3,1576154908371,11.03625,8.176597,2.8261232 
3,1576154908385,11.515254,8.071217,2.5195606 
3,1576154908407,11.817027,8.042476,2.1698878 
3,1576154908435,11.630216,7.9945755,1.5519727 
3,1576154908449,11.376344,7.9083548,0.5939649 
3,1576154908464,11.596685,7.7598634,-0.96758795 
3,1576154908486,11.438614,7.4964113,-2.4668703 
3,1576154908510,10.418335,6.9551373,-2.9985645 
3,1576154908530,8.631651,6.456973,-2.3710694 
3,1576154908550,6.878496,5.977969,-1.4944923 
3,1576154908569,5.527705,5.3408937,-1.4082716 
3,1576154908590,4.5457473,4.646338,-1.8345851 
3,1576154908611,4.047583,3.7170706,-2.5530908 
3,1576154908631,3.2428565,2.5051906,-2.8788135 
3,1576154908652,1.6046631,1.2406201,-2.816543 
3,1576154908671,-0.39757326,0.13891114,-3.1901662 
3,1576154908692,-2.3519094,-0.63707525,-3.9853127 
3,1576154908712,-3.8895118,-1.3843213,-4.91937 
3,1576154908732,-5.589976,-2.1650977,-5.743257 
3,1576154908753,-7.965835,-2.44292,-6.365962 
3,1576154908771,-9.455538,-2.5962012,-7.3958206 
3,1576154908790,-10.523716,-3.3338673,-7.846084 
3,1576154908814,-14.355747,-3.3290772,-7.434141 
3,1576154908826,-17.857265,-2.299219,-8.856783 
3,1576154908848,-19.164948,-1.4992822,-10.600357 
3,1576154908867,-20.76961,-1.0490186,-10.035132 
3,1576154908888,-22.312002,-0.7568262,-8.933423 
3,1576154908907,-23.590944,-0.5029541,-8.229287 
3,1576154908935,-24.319029,-0.14849122,-8.358619 
3,1576154908951,-23.868765,0.21076173,-8.789722 
3,1576154908972,-21.536016,0.16286133,-9.187295 
3,1576154908992,-18.781744,-0.23471193,-8.52148 
3,1576154909010,-16.722027,-0.4406836,-7.534732 
3,1576154909032,-15.050303,-0.43110353,-7.2808595 
3,1576154909055,-13.282779,-0.34488282,-7.429351 
3,1576154909072,-11.797867,-0.05748047,-7.5059915 
3,1576154909091,-9.867481,0.13891114,-7.30481 
3,1576154909112,-7.573052,0.25866213,-6.945557 
3,1576154909132,-5.9013286,0.6610254,-6.231841 
3,1576154909154,-5.149292,1.2454102,-5.2355127 
3,1576154909174,-3.6979103,1.719624,-4.87147 
3,1576154909194,-1.4897022,2.1507277,-4.5457473 
3,1576154909208,-0.21555176,2.7973828,-3.3865578 
3,1576154909234,1.1160791,3.415298,-2.692002 
3,1576154909255,2.6584718,3.8703518,-2.3950195 
3,1576154909273,4.0523734,4.3541455,-1.465752 
3,1576154909291,5.101392,5.1780324,-0.6322852 
3,1576154909315,5.4414845,6.11688,0.043110352 
3,1576154909329,5.527705,6.926397,1.0633887 
3,1576154909353,5.977969,7.582632,1.7771046 
3,1576154909370,7.2185893,8.095166,1.6765138 
3,1576154909390,8.713081,8.454419,1.5232325 
3,1576154909412,9.7621,8.708291,1.1208692 
3,1576154909433,10.035132,8.875943,0.97237796 
3,1576154909455,9.81958,8.904683,1.101709 
3,1576154909474,9.3453665,8.842413,0.93405765 
3,1576154909494,8.775352,8.751402,0.728086 
3,1576154909516,8.320298,8.49274,0.6466553 
3,1576154909536,7.8269243,7.9802055,0.5221143 
3,1576154909555,7.185059,7.31439,0.32093263 
3,1576154909572,6.337222,6.557564,0.019160157 
3,1576154909596,5.2594633,5.8103175,-0.6227051 
3,1576154909616,4.1721244,4.996011,-1.4322218 
3,1576154909636,3.2332766,3.999683,-1.8681153 
3,1576154909657,2.198628,2.811753,-1.9926564 
3,1576154909677,0.732876,1.5807129,-2.2465284 
3,1576154909697,-0.7951465,0.43110353,-2.806963 
3,1576154909717,-2.198628,-0.6322852,-3.4488282 
3,1576154909737,-4.061953,-1.7627344,-4.028423 
3,1576154909754,-7.31439,-2.3614893,-4.497847 
3,1576154909776,-9.75731,-2.2608986,-6.365962 
3,1576154909796,-10.768008,-2.3902297,-8.50711 
3,1576154909824,-12.842095,-2.8692336,-8.51669 
3,1576154909837,-16.784298,-2.7111623,-7.4580913 
3,1576154909853,-19.773283,-1.2549903,-8.344249 
3,1576154909873,-19.58168,-0.1580713,-10.413546 
3,1576154909893,-19.035616,-0.43110353,-9.867481 
3,1576154909913,-20.606749,-0.43110353,-7.774234 
3,1576154909936,-22.0725,-0.047900394,-8.076006 
3,1576154909954,-22.570665,0.4167334,-10.116563 
3,1576154909975,-21.397106,0.613125,-11.452984 
3,1576154909994,-19.337389,0.46942386,-10.98356 
3,1576154910013,-16.947159,0.10538086,-9.74773 
3,1576154910038,-15.088624,0.0,-8.880733 
3,1576154910058,-13.886324,0.009580079,-9.230406 
3,1576154910076,-12.674444,-0.023950197,-9.79084 
3,1576154910098,-11.438614,-0.043110352,-9.4507475 
3,1576154910118,-9.383687,-0.15328126,-8.880733 
3,1576154910138,-7.434141,-0.21555176,-7.7311234 
3,1576154910160,-5.575606,0.07185059,-6.4426026 
3,1576154910179,-4.038003,0.4981641,-5.5324955 
3,1576154910199,-2.543511,1.092129,-4.9529004 
3,1576154910219,-1.3939015,1.8345851,-4.1146436 
3,1576154910240,-0.32572266,2.6153615,-2.9794044 
3,1576154910260,1.3507911,3.2332766,-1.8537452 
3,1576154910278,3.0177248,3.8559816,-0.44547364 
3,1576154910297,4.0906935,4.7133985,0.3544629 
3,1576154910318,4.617598,5.585186,0.25387207 
3,1576154910337,5.2594633,6.3707523,-0.05269043 
3,1576154910357,6.423443,6.983877,0.1820215 
3,1576154910376,8.071217,7.5059915,0.8861573 
3,1576154910396,9.69504,8.109536,1.6094532 
3,1576154910416,10.87818,8.57896,1.9974464 
3,1576154910439,11.620635,8.784932,1.7244141 
3,1576154910459,11.764337,8.837623,1.6477735 
3,1576154910479,11.481724,8.746612,1.7483643 
3,1576154910501,10.97877,8.51669,1.6094532 
3,1576154910520,10.341695,8.143066,1.1352394 
3,1576154910541,9.465117,7.668853,0.6993457 
3,1576154910561,8.272398,7.094048,0.57001466 
3,1576154910580,6.983877,6.4905033,0.60833496 
3,1576154910602,5.7719975,5.863008,0.60833496 
3,1576154910620,4.775669,5.0630717,0.49337405 
3,1576154910642,3.908672,4.2248144,0.038320314 
3,1576154910662,3.0943654,3.271597,-0.6514453 
3,1576154910681,2.0357666,2.2465284,-1.346001 
3,1576154910700,0.3879932,1.2645704,-2.0261867 
3,1576154910718,-1.6334034,0.3065625,-2.7686427 
3,1576154910741,-4.047583,-0.18681154,-3.5781593 
3,1576154910765,-6.5144534,-0.40715334,-4.718189 
3,1576154910779,-8.162227,-0.42152345,-6.0114994 
3,1576154910800,-8.617281,-0.977168,-6.912027 
3,1576154910822,-10.581197,-2.1746778,-6.495293 
3,1576154910839,-16.654966,-1.7244141,-5.8438478 
3,1576154910860,-21.416265,0.5029541,-8.49753 
3,1576154910878,-20.242706,1.4705421,-11.611055 
3,1576154910898,-19.083517,0.89573735,-8.665181 
3,1576154910918,-19.945723,0.6658155,-4.7086086 
3,1576154910942,-20.937262,0.9484278,-5.125342 
3,1576154910962,-22.738316,1.7292042,-7.2329593 
3,1576154910981,-22.896387,2.088457,-8.123906 
3,1576154911002,-20.918102,1.7435743,-7.0509377 
3,1576154911021,-18.436861,1.1496094,-5.508545 
3,1576154911044,-16.578325,0.9532178,-5.010381 
3,1576154911064,-15.399976,0.93405765,-5.4271145 
3,1576154911082,-14.322217,0.728086,-5.829478 
3,1576154911104,-13.105548,0.3065625,-5.752837 
3,1576154911123,-11.778707,0.11496094,-5.4606447 
3,1576154911142,-9.77647,0.086220704,-5.4031644 
3,1576154911165,-7.6209526,0.038320314,-4.8571 
3,1576154911185,-6.337222,0.39757326,-4.119434 
3,1576154911205,-4.6511283,0.89573735,-4.478687 
3,1576154911225,-1.5615528,1.4609619,-5.1636624 
3,1576154911246,1.5998731,1.9782863,-4.239185 
3,1576154911265,3.8224514,2.816543,-2.1171973 
3,1576154911283,6.0306597,3.8272414,-1.0633887 
3,1576154911303,7.31918,5.0726514,-0.79035646 
3,1576154911325,7.33355,6.1647806,-0.49337405 
3,1576154911342,7.592212,7.103628,-0.75203615 
3,1576154911365,8.358619,7.7215433,-0.9244776 
3,1576154911381,8.794512,8.281978,-0.5125342 
3,1576154911402,8.808882,8.818462,-0.21076173 
3,1576154911422,8.732242,9.254355,0.028740235 
3,1576154911442,8.281978,9.560919,0.63707525 
3,1576154911466,7.7454934,9.7142,0.852627 
3,1576154911486,7.8700347,9.532178,0.8813672 
3,1576154911505,8.234077,9.024434,1.2454102 
3,1576154911524,8.440049,8.52148,1.6286134 
3,1576154911545,8.737032,7.951465,1.4370118 
3,1576154911564,8.933423,7.31439,1.0442286 
3,1576154911587,8.454419,6.701265,1.2549903 
3,1576154911608,7.8556643,5.9540186,1.22146 
3,1576154911627,7.1419487,5.144502,0.68976563 
3,1576154911648,6.09772,4.3397756,0.14849122 
3,1576154911666,5.0582814,3.4009278,-0.71371585 
3,1576154911688,3.903882,2.3327491,-1.6046631 
3,1576154911708,2.2944288,1.1496094,-2.1028273 
3,1576154911728,0.45505372,0.028740235,-2.8644435 
3,1576154911747,-2.069297,-0.74724615,-3.899092 
3,1576154911768,-5.1924024,-1.331631,-4.6511283 
3,1576154911787,-8.50711,-1.6334034,-5.369634 
3,1576154911804,-11.424244,-1.336421,-7.32876 
3,1576154911825,-12.597803,-0.977168,-9.388477 
3,1576154911847,-13.163028,-1.22146,-9.086704 
3,1576154911866,-15.079043,-1.7771046,-7.5155716 
3,1576154911884,-19.054777,-1.3603711,-7.089258 
3,1576154911904,-22.585035,0.05269043,-9.268726 
3,1576154911925,-23.298752,1.0442286,-10.935659 
3,1576154911947,-22.513186,0.98195803,-9.081915 
3,1576154911974,-21.94317,0.7568262,-6.701265 
3,1576154911989,-21.004322,0.9436377,-6.8832865 
3,1576154912009,-19.70622,1.3172607,-7.831714 
3,1576154912031,-17.972227,1.2837305,-7.4054008 
3,1576154912049,-16.041842,1.0394385,-6.476133 
3,1576154912069,-14.360538,0.9388477,-5.997129 
3,1576154912092,-13.115128,0.9963282,-6.0450296 
3,1576154912110,-12.090059,1.1591895,-6.1552005 
3,1576154912129,-10.768008,1.5088624,-6.222261 
3,1576154912149,-9.642349,1.9064356,-6.05461 
3,1576154912170,-8.837623,2.1459377,-5.5372853 
3,1576154912190,-8.123906,2.3902297,-5.0534916 
3,1576154912209,-6.4282327,2.682422,-5.206773 
3,1576154912231,-5.144502,3.0991554,-5.0822315 
3,1576154912251,-3.7649708,3.4679885,-4.981641 
3,1576154912270,-2.3854396,3.8128712,-4.5553274 
3,1576154912288,-0.79993653,4.1002736,-3.4775686 
3,1576154912306,0.9627979,4.5936475,-2.1124072 
3,1576154912326,1.9687061,5.3121533,-0.7232959 
3,1576154912347,2.5339308,6.2653713,0.1580713 
3,1576154912369,2.8548634,7.2760696,0.8095166 
3,1576154912387,3.7218604,7.6305327,1.0202783 
3,1576154912407,5.4606447,7.783814,1.0442286 
3,1576154912429,7.3383403,8.042476,1.1975098 
3,1576154912451,8.598121,8.2197075,1.6765138 
3,1576154912471,9.340576,8.344249,2.6297317 
3,1576154912492,9.800421,8.339458,3.300337 
3,1576154912513,9.81,8.181387,3.3147073 
3,1576154912532,9.541759,7.9610453,2.6153615 
3,1576154912553,9.239985,7.573052,1.7148341 
3,1576154912570,8.487949,7.031778,1.3843213 
3,1576154912593,7.2904396,6.2749515,1.4274317 
3,1576154912613,6.0498195,5.3792143,1.2454102 
3,1576154912633,4.7948294,4.4595265,0.732876 
3,1576154912653,3.67875,3.4775686,0.1341211 
3,1576154912673,2.8644435,2.2273684,-0.5460645 
3,1576154912695,1.7148341,0.81909674,-1.0394385 
3,1576154912713,-0.32572266,-0.5029541,-1.5184424 
3,1576154912731,-2.5004005,-1.4274317,-2.5291407 
3,1576154912751,-4.311035,-2.3566992,-3.9326222 
3,1576154912775,-6.2845316,-3.151846,-5.527705 
3,1576154912793,-9.287886,-3.515889,-7.3000197 
3,1576154912811,-11.639795,-3.3482375,-9.671089 
3,1576154912834,-12.990586,-3.7649708,-11.223062 
3,1576154912850,-16.405884,-4.1960745,-11.261382 
3,1576154912869,-21.83779,-3.056045,-11.941567 
3,1576154912889,-24.266338,-1.2693604,-14.537769 
3,1576154912910,-23.557413,-0.7568262,-15.1413145 
3,1576154912929,-23.667583,-0.8909473,-12.363091 
3,1576154912954,-23.557413,-0.8382569,-10.633887 
3,1576154912974,-21.90964,-0.6658155,-10.95482 
3,1576154912994,-19.332598,-0.63707525,-10.777588 
3,1576154913012,-16.750767,-0.8909473,-9.522598 
3,1576154913030,-14.71979,-0.9915381,-8.454419 
3,1576154913052,-13.292359,-0.8382569,-8.042476 
3,1576154913073,-12.1235895,-0.63707525,-7.8604546 
3,1576154913093,-11.189531,-0.2921924,-7.544312 
3,1576154913114,-10.097403,0.09101075,-6.8928666 
3,1576154913133,-8.473579,0.244292,-6.0593996 
3,1576154913156,-7.1227884,0.60354495,-4.8906302 
3,1576154913176,-5.7145166,0.9627979,-3.9374123 
3,1576154913195,-4.148174,1.4178516,-3.2859669 
3,1576154913215,-3.7649708,2.1267774,-2.5099807 
3,1576154913235,-3.276387,2.548301,-1.9255958 
3,1576154913255,-1.2981006,2.8404932,-1.7244141 
3,1576154913276,0.5939649,3.3530276,-1.4465919 
3,1576154913294,1.7244141,3.9948928,-0.5508545 
3,1576154913313,2.5770411,4.382886,0.21076173 
3,1576154913335,3.903882,4.6942387,0.613125 
3,1576154913354,5.245093,5.4606447,-0.014370117 
3,1576154913375,5.8917484,6.557564,-0.8909473 
3,1576154913393,5.973179,7.5251517,-0.728086 
3,1576154913412,5.8342676,8.176597,0.0 
3,1576154913435,6.8114357,8.54543,0.4981641 
3,1576154913471,7.807764,9.144185,0.50774413 
3,1576154913472,7.7454934,9.910591,0.09580079 
3,1576154913491,7.079678,10.413546,0.023950197 
3,1576154913511,7.079678,10.346485,0.4742139 
3,1576154913532,7.3000197,10.121353,0.9244776 
3,1576154913552,7.223379,9.958491,1.0059083 
3,1576154913573,7.189849,9.685459,0.9867481 
3,1576154913597,7.0078273,9.230406,0.9196875 
3,1576154913614,6.6677346,8.679551,0.7424561 
3,1576154913635,6.423443,8.190968,0.46463382 
3,1576154913658,5.9061184,7.6305327,0.5604346 
3,1576154913677,5.0487013,7.074888,0.6993457 
3,1576154913697,4.3541455,6.5048733,0.5604346 
3,1576154913717,3.8464015,5.9204884,0.28740236 
3,1576154913739,3.3338673,5.2738333,-0.1101709 
3,1576154913759,2.692002,4.5744877,-0.8095166 
3,1576154913779,1.9208057,3.8368216,-1.6094532 
3,1576154913796,0.6466553,3.1614258,-1.8441651 
3,1576154913816,-0.82388675,2.5291407,-2.1603076 
3,1576154913835,-2.0261867,1.9016455,-3.2093263 
3,1576154913856,-2.9698243,1.1256592,-4.248765 
3,1576154913876,-4.5601172,0.3879932,-4.406836 
3,1576154913895,-6.744375,-0.014370117,-5.1684523 
3,1576154913915,-8.842413,0.0047900393,-6.696475 
3,1576154913937,-9.896221,-0.18681154,-7.582632 
3,1576154913959,-11.151212,-0.85741705,-6.945557 
3,1576154913980,-13.761783,-0.8765772,-6.6342044 
3,1576154913999,-16.405884,0.22513184,-8.52627 
3,1576154914017,-16.94237,0.91010743,-10.715318 
3,1576154914037,-17.670454,0.8430469,-10.020762 
3,1576154914057,-19.54336,0.75203615,-8.162227 
3,1576154914079,-21.507277,1.101709,-8.008945 
3,1576154914098,-22.834118,1.6860938,-9.144185 
3,1576154914120,-21.914429,1.8872755,-9.72857 
3,1576154914138,-19.615211,1.5519727,-8.095166 
3,1576154914162,-16.789087,1.1160791,-6.1647806 
3,1576154914182,-14.384488,0.977168,-5.1732426 
3,1576154914202,-13.091177,1.1831397,-5.245093 
3,1576154914216,-12.133169,1.6238233,-5.839058 
3,1576154914241,-11.02667,1.8824854,-5.9396486 
3,1576154914262,-9.096285,1.9160157,-5.527705 
3,1576154914280,-7.28565,2.069297,-4.7804594 
3,1576154914300,-6.2653713,2.4668703,-4.2918754 
3,1576154914319,-5.5324955,3.0799952,-4.737349 
3,1576154914346,-4.8139896,3.7027004,-5.5229154 
3,1576154914357,-4.157754,4.2343946,-5.350474 
3,1576154914381,-3.1997461,4.5457473,-4.6942387 
3,1576154914399,-2.7734327,4.91937,-3.63564 
3,1576154914419,-2.7446926,5.388794,-2.7351124 
3,1576154914440,-2.1555176,5.7959476,-2.4045997 
3,1576154914461,-1.9399658,6.06419,-1.8633252 
3,1576154914481,-1.5615528,6.231841,-1.2406201 
3,1576154914501,-0.98195803,6.3947024,-0.71371585 
3,1576154914518,-0.33530274,6.744375,-0.8143067 
3,1576154914538,0.1101709,7.0269876,-0.7568262 
3,1576154914558,0.6993457,7.165899,-0.038320314 
3,1576154914578,2.308799,7.2185893,0.11496094 
3,1576154914598,4.3206153,7.429351,-0.07664063 
3,1576154914618,5.9061184,7.6592727,0.05748047 
3,1576154914638,7.189849,7.903565,0.11496094 
3,1576154914657,8.267608,8.248447,-0.3161426 
3,1576154914678,9.263936,8.464,-0.63707525 
3,1576154914698,10.739268,8.459209,-0.6849756 
3,1576154914718,12.23376,8.339458,-0.98195803 
3,1576154914738,12.784615,8.296348,-1.5998731 
3,1576154914758,12.415782,8.234077,-2.0932472 
3,1576154914778,11.620635,7.927515,-2.1028273 
3,1576154914798,10.614727,7.391031,-1.5232325 
3,1576154914818,9.005274,6.7779055,-0.5221143 
3,1576154914838,7.4006104,6.198311,0.043110352 
3,1576154914860,6.567144,5.5229154,-0.33530274 
3,1576154914879,5.877378,4.655918,-1.3028907 
3,1576154914899,5.1061816,3.5877395,-2.1028273 
3,1576154914919,4.2104445,2.2608986,-2.1411476 
3,1576154914939,2.4572902,0.9915381,-1.839375 
3,1576154914959,-0.5412744,0.10538086,-2.5243506 
3,1576154914979,-4.018843,-0.27303225,-3.9661524 
3,1576154914999,-7.4964113,-0.09101075,-5.839058 
3,1576154915019,-10.581197,0.6179151,-8.315508 
3,1576154915040,-12.16191,1.710044,-10.499766 
3,1576154915060,-10.96919,2.1076174,-11.084151 
3,1576154915080,-9.513018,1.4849122,-8.013736 
3,1576154915100,-11.280542,1.8776954,-6.1695704 
3,1576154915120,-11.860137,2.7686427,-8.646021 
3,1576154915140,-10.739268,2.5530908,-9.541759 
3,1576154915165,-11.074571,1.5376027,-7.1323686 
3,1576154915185,-13.675562,1.2022998,-7.5395217 
3,1576154915205,-16.583117,1.5280225,-10.571617 
3,1576154915227,-19.48588,1.8920655,-12.420572 
3,1576154915246,-20.980371,1.9878663,-12.387041 
3,1576154915264,-21.607866,1.7579445,-10.863809 
3,1576154915286,-21.531227,1.5232325,-9.79084 
3,1576154915306,-20.079845,1.1687696,-9.7621 
3,1576154915325,-18.566193,0.89573735,-9.445957 
3,1576154915343,-16.769928,0.5508545,-8.981323 
3,1576154915364,-14.777271,0.21076173,-8.262817 
3,1576154915384,-13.009747,0.07185059,-7.812554 
3,1576154915403,-11.03625,-0.1101709,-7.6592727 
3,1576154915423,-8.943004,-0.3544629,-7.1563187 
3,1576154915445,-7.2329593,-0.3305127,-6.07856 
3,1576154915468,-5.5947657,-0.14370118,-5.4366946 
3,1576154915487,-3.65959,0.10538086,-5.1636624 
3,1576154915506,-1.9639161,0.36883304,-4.4499464 
3,1576154915526,-0.43110353,0.89573735,-3.6404297 
3,1576154915548,1.719624,1.6908839,-3.4919386 
3,1576154915566,3.5110989,2.4141798,-2.672842 
3,1576154915588,4.2918754,3.300337,-1.3603711 
3,1576154915609,5.2834134,4.368516,-0.98195803 
3,1576154915635,6.830596,5.4223247,-0.8143067 
3,1576154915649,8.195757,6.4042826,-0.244292 
3,1576154915669,9.254355,7.3000197,0.16286133 
3,1576154915695,10.815908,7.9562554,0.32572266 
3,1576154915707,11.898458,8.353828,0.5412744 
3,1576154915725,11.850557,8.655601,1.2645704 
3,1576154915755,11.481724,8.866363,1.949546 
3,1576154915770,10.95961,9.0148535,2.0453467 
3,1576154915787,9.580078,9.0148535,1.8681153 
3,1576154915810,7.8604546,8.914263,1.3986914 
3,1576154915829,6.8737063,8.698711,0.9580079 
3,1576154915851,6.3851223,8.291558,0.852627 
3,1576154915867,6.0019193,7.941885,0.8382569 
3,1576154915889,4.742139,7.688013,1.1400293 
3,1576154915906,2.7303224,7.424561,1.0873389 
3,1576154915926,1.0777588,7.4054008,0.033530276 
3,1576154915947,1.0346485,7.391031,-1.7579445 
3,1576154915971,0.8047266,7.2329593,-2.0357666 
3,1576154915991,-0.45984375,6.9311867,-1.3891114 
3,1576154916009,-1.1160791,6.6246243,-1.336421 
3,1576154916031,-1.1064991,6.471343,-1.1448194 
3,1576154916051,-1.9782863,6.5479836,-1.5711329 
3,1576154916072,-3.2141163,6.830596,-2.8931837 
3,1576154916090,-3.4919386,6.926397,-4.2152348 
3,1576154916109,-2.926714,6.8737063,-4.272715 
3,1576154916127,-3.410508,6.710845,-3.7601807 
3,1576154916149,-4.7133985,6.6533647,-4.1960745 
3,1576154916172,-4.9529004,6.6342044,-5.6187162 
3,1576154916195,-5.0582814,6.6821046,-6.327642 
3,1576154916213,-5.384004,6.720425,-5.824688 
3,1576154916232,-5.695357,6.715635,-5.589976 
3,1576154916252,-5.858218,6.437813,-5.7719975 
3,1576154916276,-6.456973,6.0593996,-5.910908 
3,1576154916290,-7.117998,5.863008,-6.557564 
3,1576154916312,-8.076006,5.824688,-7.046148 
3,1576154916332,-8.449629,5.728887,-7.36708 
3,1576154916350,-8.238868,5.1971927,-6.835386 
3,1576154916370,-8.650811,4.5074267,-5.839058 
3,1576154916392,-10.94524,4.3637257,-5.8677983 
3,1576154916409,-13.110337,4.488267,-7.046148 
3,1576154916429,-14.140196,4.4643164,-7.7790236 
3,1576154916450,-14.226417,4.2104445,-7.237749 
3,1576154916470,-13.752203,3.8511915,-6.337222 
3,1576154916492,-13.39295,3.6404297,-5.5708156 
3,1576154916523,-12.813355,3.7458107,-5.1061816 
3,1576154916528,-11.534414,3.9134622,-4.86189 
3,1576154916548,-10.518927,3.9757326,-4.5074267 
3,1576154916568,-10.063872,3.9757326,-4.5074267 
3,1576154916590,-10.260264,4.018843,-4.646338 
3,1576154916610,-9.623189,4.047583,-5.1876125 
3,1576154916630,-8.947793,3.8416114,-5.225933 
3,1576154916653,-9.666299,3.8847218,-5.230723 
3,1576154916675,-10.356065,4.4738965,-5.7959476 
3,1576154916693,-9.604029,4.976851,-5.829478 
3,1576154916715,-8.468789,4.8523097,-5.345684 
3,1576154916733,-7.7502837,4.679868,-5.1780324 
3,1576154916755,-7.194639,5.0343313,-5.364844 
3,1576154916775,-5.6187162,5.206773,-5.9540186 
3,1576154916796,-4.0859036,5.2882032,-5.8007374 
3,1576154916815,-3.1039455,5.484595,-5.087022 
3,1576154916835,-1.9639161,5.728887,-5.3121533 
3,1576154916856,-0.23471193,5.8007374,-5.4319043 
3,1576154916872,1.7435743,5.8917484,-5.0343313 
3,1576154916893,3.6979103,6.1791506,-4.2248144 
3,1576154916912,5.336104,6.576724,-2.936294 
3,1576154916932,7.6017923,7.165899,-2.179468 
3,1576154916956,10.001602,7.846084,-2.3806496 
3,1576154916976,12.133169,8.329878,-2.7207422 
3,1576154916995,13.867164,8.751402,-2.672842 
3,1576154917014,15.040723,8.813672,-2.078877 
3,1576154917034,15.6059475,8.59333,-1.4178516 
3,1576154917057,14.978453,8.258028,-0.7376661 
3,1576154917078,13.34505,7.937095,0.028740235 
3,1576154917096,11.577525,7.534732,0.3879932 
3,1576154917113,9.78605,7.079678,0.40715334 
3,1576154917136,8.224498,6.452183,0.07664063 
3,1576154917158,7.065308,5.637876,-0.06706055 
3,1576154917178,5.829478,4.7804594,0.009580079 
3,1576154917198,4.5553274,3.9517825,-0.10538086 
3,1576154917219,3.4057178,3.0799952,-0.6849756 
3,1576154917236,2.304009,2.0357666,-1.1543995 
3,1576154917259,1.7244141,0.71371585,-1.456172 
3,1576154917273,0.81909674,-0.6466553,-1.7435743 
3,1576154917297,-0.5891748,-2.1459377,-2.0118165 
3,1576154917318,-2.1698878,-3.4775686,-2.4908204 
3,1576154917337,-3.8176613,-4.7229786,-3.2093263 
3,1576154917356,-6.591094,-5.853428,-3.3099172 
3,1576154917374,-10.3512745,-5.872588,-4.0427933 
3,1576154917394,-13.086388,-5.369634,-7.103628 
3,1576154917416,-14.226417,-5.977969,-10.250684 
3,1576154917436,-18.45602,-6.552774,-9.7621 
3,1576154917459,-24.29987,-5.149292,-8.464 
3,1576154917478,-26.469757,-3.558999,-10.341695 
3,1576154917499,-26.148825,-3.1422658,-11.376344 
3,1576154917518,-26.723629,-2.8357031,-9.239985 
3,1576154917540,-26.484127,-2.5004005,-7.932305 
3,1576154917558,-24.007677,-2.42376,-8.990904 
3,1576154917577,-21.330046,-2.5147705,-9.718989 
3,1576154917600,-18.867964,-2.936294,-8.837623 
3,1576154917621,-16.664547,-3.0799952,-7.577842 
3,1576154917640,-14.202466,-3.1374757,-7.175479 
3,1576154917660,-11.323653,-3.2236965,-7.4197707 
3,1576154917676,-9.412427,-2.8452833,-6.595884 
3,1576154917695,-8.028106,-2.2273684,-5.3792143 
3,1576154917715,-5.757627,-1.6669337,-5.0726514 
3,1576154917735,-3.3721876,-0.8813672,-5.221143 
3,1576154917760,-1.5040723,0.119750984,-4.91937 
3,1576154917777,-0.25866213,1.2789404,-4.4212065 
3,1576154917802,0.62749517,2.4956105,-3.803291 
3,1576154917820,1.7866846,3.6308498,-3.3769777 
3,1576154917843,3.2093263,4.8379397,-3.3051271 
3,1576154917857,4.2918754,5.949229,-2.6776319 
3,1576154917877,5.120552,6.7970657,-1.6908839 
3,1576154917898,5.886958,7.688013,-1.4082716 
3,1576154917917,6.844966,8.262817,-1.7771046 
3,1576154917939,7.927515,8.713081,-1.7148341 
3,1576154917960,8.847202,9.101074,-1.2597803 
3,1576154917979,9.268726,9.206455,-0.19160157 
3,1576154918002,9.335787,9.110655,1.0873389 
3,1576154918019,9.268726,9.0004835,1.7531544 
3,1576154918039,8.957374,8.847202,2.0022364 
3,1576154918062,8.53585,8.62207,2.2944288 
3,1576154918082,8.3250885,8.377779,2.3758595 
3,1576154918100,8.52627,7.927515,1.9830762 
3,1576154918120,8.47837,7.3096,1.9399658 
3,1576154918141,7.941885,6.6533647,2.2704787 
3,1576154918163,7.1275783,5.9013286,2.3662794 
3,1576154918184,6.13604,5.110972,2.0980372 
3,1576154918206,4.9289503,4.311035,1.4082716 
3,1576154918224,3.903882,3.3530276,0.6562354 
3,1576154918244,3.027305,2.1507277,-0.019160157 
3,1576154918265,1.9830762,0.79035646,-0.39757326 
3,1576154918282,-0.16765137,-0.7041358,-0.7376661 
3,1576154918305,-4.368516,-1.5663428,-1.4130616 
3,1576154918322,-9.910591,-1.0490186,-4.493057 
3,1576154918341,-12.755875,0.033530276,-10.317744 
3,1576154918360,-13.330679,0.847837,-13.646822 
3,1576154918385,-14.844332,1.3843213,-12.4684725 
3,1576154918400,-15.371236,1.6573536,-9.72857 
3,1576154918420,-14.925762,1.6429834,-8.598121 
3,1576154918441,-16.185543,1.8202149,-9.80521 
3,1576154918464,-19.658321,2.308799,-11.208692 
3,1576154918483,-22.240152,2.8836036,-11.999048 
3,1576154918503,-22.010231,3.0225148,-11.879297 
3,1576154918524,-19.62,2.5866213,-10.092612 
3,1576154918546,-17.05733,2.2417383,-8.066426 
3,1576154918564,-14.8108015,1.954336,-6.950347 
3,1576154918586,-13.507911,1.7627344,-6.342012 
3,1576154918606,-12.837305,1.6621436,-6.2270513 
3,1576154918626,-12.1379595,1.7435743,-6.1408305 
3,1576154918646,-10.935659,1.5519727,-5.7767873 
3,1576154918666,-9.604029,1.6334034,-5.0582814 
3,1576154918687,-8.406519,2.0070264,-4.0763235 
3,1576154918707,-6.9551373,2.1746778,-3.171006 
3,1576154918727,-5.3217335,2.308799,-3.027305 
3,1576154918747,-4.497847,2.5770411,-2.907554 
3,1576154918766,-3.0129347,2.6009912,-3.1470559 
3,1576154918787,-0.7424561,2.5530908,-3.151846 
3,1576154918808,1.8681153,2.663262,-2.5770411 
3,1576154918826,4.5696974,3.2236965,-1.9782863 
3,1576154918844,6.375542,4.1625443,-1.5328126 
3,1576154918863,7.6209526,5.2929935,-0.97237796 
3,1576154918883,9.604029,6.5000834,-0.7664063 
3,1576154918904,11.539205,7.2425394,-0.1101709 
3,1576154918924,13.052857,8.004155,0.19160157 
3,1576154918943,13.996494,8.55501,0.043110352 
3,1576154918966,14.303058,8.818462,-0.16765137 
3,1576154918986,14.350958,8.909473,-0.7759864 
3,1576154919007,14.049185,8.842413,-1.5136524 
3,1576154919026,13.105548,8.646021,-1.7148341 
3,1576154919044,11.831397,8.248447,-1.3699512 
3,1576154919068,10.638678,7.6257424,-0.9915381 
3,1576154919089,9.407638,6.825806,-0.57001466 
3,1576154919107,8.277188,5.9061184,-0.12454102 
3,1576154919127,7.28565,4.991221,-0.14849122 
3,1576154919148,6.1456203,4.038003,-0.79993653 
3,1576154919168,4.84752,2.811753,-1.2885206 
3,1576154919187,3.3434474,1.6094532,-1.1304493 
3,1576154919209,1.4370118,0.45026368,-1.22146 
3,1576154919228,-0.4406836,-0.6179151,-1.9926564 
3,1576154919249,-2.1028273,-1.7244141,-2.912344 
3,1576154919266,-5.149292,-2.6441016,-3.1374757 
3,1576154919291,-9.292676,-2.3662794,-3.4488282 
3,1576154919312,-11.294912,-1.6190332,-6.485713 
3,1576154919328,-12.080479,-1.22146,-9.177715 
3,1576154919359,-13.574971,-1.1639795,-8.784932 
3,1576154919366,-15.720909,-1.5088624,-6.9790874 
3,1576154919386,-18.37459,-1.341211,-6.318062 
3,1576154919412,-21.195923,-0.7232959,-7.103628 
3,1576154919425,-23.428082,-0.1101709,-8.291558 
3,1576154919447,-24.160957,-0.07664063,-8.832832 
3,1576154919470,-23.897507,-0.3544629,-7.9610453 
3,1576154919490,-22.685625,-0.40715334,-7.199429 
3,1576154919509,-20.530107,-0.34967285,-6.7731156 
3,1576154919529,-17.536333,-0.49337405,-6.255791 
3,1576154919549,-15.289805,-0.5029541,-5.3025737 
3,1576154919569,-13.838424,-0.5125342,-4.6032276 
3,1576154919591,-12.846886,-0.5412744,-4.6032276 
3,1576154919610,-11.864927,-0.22513184,-5.245093 
3,1576154919633,-9.75252,0.23950197,-5.4366946 
3,1576154919652,-6.9168167,0.68018556,-4.718189 
3,1576154919672,-4.4691067,1.3939015,-3.2620168 
3,1576154919692,-2.548301,2.1746778,-1.6238233 
3,1576154919712,-0.7376661,3.0081446,-0.5987549 
3,1576154919732,0.7232959,4.2343946,-0.8430469 
3,1576154919755,1.3843213,5.513335,-1.7244141 
3,1576154919769,0.8861573,6.6581545,-2.318379 
3,1576154919793,0.50774413,7.3479204,-2.6105714 
3,1576154919813,0.7664063,7.5251517,-2.2225783 
3,1576154919831,0.8047266,7.606582,-1.0250684 
3,1576154919850,0.014370117,8.143066,0.2203418 
3,1576154919868,-0.100590825,8.56938,0.60354495 
3,1576154919893,0.0,8.732242,0.9627979 
3,1576154919908,0.3161426,8.56459,1.22625 
3,1576154919929,1.6860938,8.095166,1.5519727 
3,1576154919948,4.3158255,7.6592727,2.189048 
3,1576154919969,7.553892,7.4197707,2.926714 
3,1576154919993,10.399176,7.194639,3.7601807 
3,1576154920009,11.548784,7.3718705,4.488267 
3,1576154920032,12.114009,7.6401124,4.2056546 
3,1576154920052,12.760665,7.822134,2.6584718 
3,1576154920074,12.693604,7.927515,1.2933106 
3,1576154920093,12.228971,7.697593,0.75203615 
3,1576154920114,11.692486,7.3575,0.5556446 
3,1576154920132,11.093731,6.9311867,0.4263135 
3,1576154920155,9.857901,6.456973,0.7664063 
3,1576154920175,8.181387,5.863008,1.1927198 
3,1576154920195,6.878496,5.130132,1.3747413 
3,1576154920215,6.198311,4.253555,0.9627979 
3,1576154920235,5.3217335,3.1422658,0.20597169 
3,1576154920256,4.277505,1.8058448,-0.38320315 
3,1576154920275,2.8548634,0.39278322,-0.76161623 
3,1576154920292,1.1975098,-0.87178713,-1.5280225 
3,1576154920315,-0.9915381,-1.9974464,-2.5004005 
3,1576154920335,-3.6021094,-2.8548634,-3.6452198 
3,1576154920354,-6.1504107,-3.4248781,-5.3073635 
3,1576154920371,-9.465117,-3.8416114,-6.974297 
3,1576154920393,-13.105548,-3.6116896,-9.0004835 
3,1576154920414,-16.027472,-2.806963,-10.212363 
3,1576154920432,-17.196241,-1.9255958,-10.614727 
3,1576154920452,-17.612974,-2.0453467,-9.580078 
3,1576154920476,-20.089424,-2.7399025,-7.606582 
3,1576154920496,-23.969357,-2.1746778,-7.7167535 
3,1576154920514,-25.952433,-1.0154883,-10.538086 
3,1576154920536,-26.646988,-0.4263135,-11.328443 
3,1576154920556,-25.61713,-0.34488282,-10.025552 
3,1576154920574,-22.685625,-0.6514453,-8.746612 
3,1576154920597,-19.730171,-0.8765772,-7.7598634 
3,1576154920618,-17.359102,-1.0729688,-7.34313 
3,1576154920638,-15.87419,-0.977168,-7.817344 
3,1576154920658,-14.058765,-0.847837,-8.823253 
3,1576154920678,-11.769127,-0.8047266,-8.851993 
3,1576154920697,-8.693921,-1.096919,-8.200547 
3,1576154920718,-6.05461,-0.92926764,-6.8497562 
3,1576154920736,-3.5494192,-0.5364844,-5.824688 
3,1576154920757,-0.7951465,0.1580713,-5.7815776 
3,1576154920778,1.1879297,1.22146,-5.944439 
3,1576154920799,2.543511,2.4141798,-5.465435 
3,1576154920819,3.7649708,3.4344583,-4.3206153 
3,1576154920838,5.336104,4.397256,-2.9985645 
3,1576154920856,6.0306597,5.5324955,-1.6669337 
3,1576154920874,6.2510014,6.557564,-0.3784131 
3,1576154920895,6.672525,7.213799,0.5748047 
3,1576154920917,7.688013,7.4054008,1.6525636 
3,1576154920934,9.249566,7.2281694,3.295547 
3,1576154920954,10.356065,7.189849,4.5936475 
3,1576154920979,10.916499,7.1419487,5.6522465 
3,1576154920999,11.438614,6.964717,6.4090724 
3,1576154921019,11.759546,6.6198344,6.7683253 
3,1576154921037,11.443404,6.4330225,6.495293 
3,1576154921059,10.518927,6.4426026,5.3121533 
3,1576154921079,9.484278,6.452183,4.047583 
3,1576154921097,8.832832,6.461763,2.8740237 
3,1576154921118,8.51669,6.2653713,1.695674 
3,1576154921139,8.248447,5.853428,0.8861573 
3,1576154921160,7.429351,5.3121533,0.5029541 
3,1576154921180,6.2510014,4.8427296,0.1820215 
3,1576154921200,5.225933,4.2104445,-0.4742139 
3,1576154921221,4.071533,3.410508,-1.1543995 
3,1576154921241,2.7446926,2.4812403,-1.710044 
3,1576154921261,1.4370118,1.3986914,-2.5578809 
3,1576154921279,-0.0047900393,0.11496094,-3.6979103 
3,1576154921301,-2.2752686,-0.8095166,-4.718189 
3,1576154921322,-6.3228517,-0.9244776,-6.07856 
3,1576154921340,-9.580078,-0.100590825,-8.780142 
3,1576154921360,-11.103311,0.5939649,-10.772799 
3,1576154921379,-12.554693,0.613125,-10.499766 
3,1576154921397,-15.735279,0.9915381,-9.196876 
3,1576154921419,-18.058449,2.2417383,-10.265054 
3,1576154921438,-17.296831,2.7015822,-12.449312 
3,1576154921457,-16.98069,2.5387208,-11.103311 
3,1576154921479,-17.790205,2.543511,-8.693921 
3,1576154921499,-17.407003,2.8596535,-8.305928 
3,1576154921520,-16.262184,3.0847852,-8.085587 
3,1576154921540,-15.174845,3.180586,-7.060518 
3,1576154921559,-13.3689995,3.2189064,-6.222261 
3,1576154921579,-11.395503,3.4344583,-5.815108 
3,1576154921599,-9.977652,3.755391,-5.3217335 
3,1576154921623,-8.727451,4.095484,-5.0487013 
3,1576154921643,-7.7598634,4.4547367,-5.0199614 
3,1576154921663,-6.9168167,4.7133985,-4.8139896 
3,1576154921683,-6.10251,4.9576907,-4.5601172 
3,1576154921703,-5.465435,5.130132,-4.4643164 
3,1576154921723,-4.8139896,5.216353,-4.5553274 
3,1576154921741,-4.8379397,5.2977834,-4.521797 
3,1576154921762,-5.8198977,5.5803957,-4.6032276 
3,1576154921783,-7.074888,5.886958,-5.479805 
3,1576154921805,-8.368198,6.10251,-6.586304 
3,1576154921824,-9.220825,6.08814,-7.391031 
3,1576154921842,-10.384805,5.977969,-7.7454934 
3,1576154921864,-11.999048,5.7863674,-8.109536 
3,1576154921881,-13.651612,5.5468655,-8.808882 
3,1576154921900,-14.532979,5.3792143,-9.244776 
3,1576154921920,-13.129498,4.9481106,-8.737032 
3,1576154921940,-10.298584,4.2296047,-7.185059 
3,1576154921960,-7.31918,3.4057178,-5.609136 
3,1576154921980,-4.9145803,2.8309133,-4.2343946 
3,1576154922004,-2.4620802,2.318379,-3.2284865 
3,1576154922024,-0.27303225,1.8968556,-1.8681153 
3,1576154922043,1.5615528,1.8010547,-0.07664063 
3,1576154922065,3.396138,1.9878663,2.1171973 
3,1576154922086,5.269043,2.7111623,4.7948294 
3,1576154922105,7.9083548,3.68354,6.686895 
3,1576154922124,11.122471,4.287085,7.558682 
3,1576154922143,14.092296,4.996011,6.4042826 
3,1576154922166,16.535215,6.006709,3.8176613 
3,1576154922186,18.34106,6.6294146,1.6669337 
3,1576154922206,19.026035,7.199429,0.31135255 
3,1576154922227,17.967438,7.2616997,0.2203418 
3,1576154922244,15.735279,7.185059,0.7664063 
3,1576154922266,13.277988,6.8593364,0.7376661 
3,1576154922285,10.87818,6.3228517,0.5556446 
3,1576154922309,8.808882,5.4175344,0.30177248 
3,1576154922328,6.8593364,4.5840673,-0.23950197 
3,1576154922345,5.101392,3.6691701,-0.9388477 
3,1576154922366,3.4057178,2.663262,-1.1687696 
3,1576154922386,1.5136524,1.7483643,-1.1927198 
3,1576154922403,-0.5221143,1.0298585,-1.585503 
3,1576154922423,-2.5962012,0.5460645,-2.7494826 
3,1576154922443,-5.096602,0.5748047,-4.4691067 
3,1576154922463,-8.4448395,1.1448194,-6.1791506 
3,1576154922484,-10.322535,2.0405567,-8.190968 
3,1576154922507,-9.139395,2.4668703,-9.398057 
3,1576154922526,-8.646021,1.8154249,-7.788604 
3,1576154922544,-10.346485,1.9064356,-6.337222 
3,1576154922566,-11.534414,2.7830129,-7.688013 
3,1576154922589,-10.418335,2.8979738,-9.7142 
3,1576154922608,-9.570498,1.6717237,-8.990904 
3,1576154922629,-12.319981,0.7951465,-7.103628 
3,1576154922649,-15.87419,0.8334668,-7.917935 
3,1576154922669,-18.38896,1.0106983,-10.317744 
3,1576154922689,-20.199596,0.9436377,-10.801538 
3,1576154922709,-21.416265,0.732876,-8.919053 
3,1576154922730,-21.392315,0.57001466,-6.940767 
3,1576154922747,-19.730171,0.45026368,-6.3707523 
3,1576154922769,-17.756676,0.26345217,-6.0737696 
3,1576154922789,-16.856148,0.014370117,-5.1780324 
3,1576154922810,-16.535215,-0.014370117,-4.8139896 
3,1576154922829,-15.649058,0.07664063,-5.6570363 
3,1576154922849,-14.173726,0.14849122,-6.318062 
3,1576154922868,-12.21939,0.16286133,-6.255791 
3,1576154922886,-10.126143,0.05748047,-5.6809864 
3,1576154922906,-7.711963,0.014370117,-5.513335 
3,1576154922926,-5.388794,0.38320315,-5.8007374 
3,1576154922950,-3.65959,1.0825489,-6.1647806 
3,1576154922966,-1.9926564,1.7627344,-6.198311 
3,1576154922988,-0.038320314,2.1507277,-5.4989653 
3,1576154923015,2.0166066,2.6967921,-4.3301954 
3,1576154923028,3.9805226,3.4057178,-3.1231055 
3,1576154923047,5.724097,4.2152348,-2.0980372 
3,1576154923076,6.720425,5.2019825,-1.2358302 
3,1576154923092,7.7790236,6.2031007,-0.8430469 
3,1576154923110,8.847202,7.2329593,-0.86220706 
3,1576154923135,9.105865,8.023315,-0.5604346 
3,1576154923150,9.125025,8.49753,0.39278322 
3,1576154923173,9.642349,8.784932,0.6322852 
3,1576154923192,9.637559,9.163345,0.45984375 
3,1576154923212,8.53106,9.546548,0.45505372 
3,1576154923231,7.510782,9.77168,0.43110353 
3,1576154923252,6.950347,9.6615095,0.46463382 
3,1576154923272,6.945557,9.244776,0.67539555 
3,1576154923290,7.185059,8.837623,1.2645704 
3,1576154923312,7.180269,8.50711,1.8010547 
3,1576154923332,7.1611085,8.267608,1.829795 
3,1576154923350,7.199429,7.879615,1.7579445 
3,1576154923370,7.094048,7.568262,1.5807129 
3,1576154923389,6.9886675,7.29523,1.3651612 
3,1576154923409,7.046148,6.8689165,1.0346485 
3,1576154923429,6.912027,6.2893214,0.23950197 
3,1576154923448,6.0258694,5.575606,-0.76161623 
3,1576154923468,4.296665,4.9241605,-1.2502003 
3,1576154923489,2.1746778,4.191284,-0.732876 
3,1576154923513,0.32093263,3.171006,-0.1101709 
3,1576154923531,-1.3555812,2.4045997,-0.8861573 
3,1576154923552,-3.8607717,1.839375,-2.2321582 
3,1576154923571,-6.840176,1.4849122,-3.7266505 
3,1576154923592,-10.308165,1.7483643,-5.245093 
3,1576154923613,-11.702065,2.1603076,-7.199429 
3,1576154923631,-11.874507,1.4226416,-6.9790874 
3,1576154923654,-14.499449,0.732876,-4.3301954 
3,1576154923675,-18.216518,1.1400293,-3.9422023 
3,1576154923695,-20.54448,1.9639161,-6.5096636 
3,1576154923714,-21.607866,2.0118165,-7.941885 
3,1576154923733,-23.016138,1.8154249,-6.6246243 
3,1576154923753,-22.858067,2.0501368,-5.2882032 
3,1576154923775,-20.76482,2.5770411,-4.9241605 
3,1576154923795,-18.681152,2.8596535,-4.617598 
3,1576154923815,-16.607065,2.8404932,-4.2296047 
3,1576154923834,-14.70063,2.8261232,-4.7133985 
3,1576154923853,-13.349839,2.8548634,-5.6666164 
3,1576154923873,-12.444522,2.6536818,-5.4319043 
3,1576154923891,-11.03625,2.327959,-5.388794 
3,1576154923912,-8.890313,2.0357666,-5.3408937 
3,1576154923932,-6.581514,1.8250049,-4.181704 
3,1576154923952,-4.5696974,1.6717237,-2.6345215 
3,1576154923972,-2.4668703,1.8441651,-1.7531544 
3,1576154923993,-1.0633887,2.1076174,-0.8669971 
3,1576154924014,0.29698244,2.2896388,-0.014370117 
3,1576154924033,2.5914114,2.6249416,0.5460645 
3,1576154924053,4.9576907,3.4679885,1.0538087 
3,1576154924076,7.668853,4.617598,1.2645704 
3,1576154924096,10.691368,5.494175,2.4956105 
3,1576154924116,13.541441,6.1552005,3.8703518 
3,1576154924134,15.447877,6.9072366,3.9182522 
3,1576154924155,16.803457,7.5874224,3.1039455 
3,1576154924177,17.593815,8.004155,1.9447559 
3,1576154924198,16.784298,8.047266,1.7579445 
3,1576154924217,15.088624,7.879615,1.8824854 
3,1576154924237,13.48875,7.683223,1.1160791 
3,1576154924257,11.591895,7.33355,0.8861573 
3,1576154924275,9.541759,6.720425,1.1160791 
3,1576154924295,7.798184,5.973179,0.98195803 
3,1576154924318,6.600674,5.144502,0.2203418 
3,1576154924339,5.484595,4.239185,-0.5843848 
3,1576154924356,4.5313773,3.2811768,-1.3891114 
3,1576154924376,4.0044727,2.0166066,-2.2417383 
3,1576154924396,3.4871485,0.41194338,-2.9458742 
3,1576154924414,2.1698878,-1.3172607,-2.6441016 
3,1576154924434,0.14849122,-3.0799952,-2.43813 
3,1576154924454,-2.059717,-4.397256,-3.1278956 
3,1576154924475,-3.9182522,-5.278623,-5.3313136 
3,1576154924495,-5.604346,-6.1552005,-7.673643 
3,1576154924518,-8.727451,-7.0509377,-8.49274 
3,1576154924539,-13.019327,-7.247329,-8.995694 
3,1576154924557,-16.717237,-6.7539554,-10.260264 
3,1576154924577,-19.093096,-6.1935205,-12.305611 
3,1576154924599,-22.077291,-5.7767873,-12.9187355 
3,1576154924619,-25.430319,-5.0726514,-11.903248 
3,1576154924640,-28.01694,-4.0427933,-11.716436 
3,1576154924659,-29.449162,-3.1470559,-12.4684725 
3,1576154924679,-29.185709,-2.8357031,-12.324771 
3,1576154924700,-26.009912,-3.0799952,-11.381133 
3,1576154924720,-22.062922,-3.67875,-9.872271 
3,1576154924741,-19.437979,-4.1960745,-9.029224 
3,1576154924760,-17.550703,-4.277505,-9.953702 
3,1576154924777,-15.433507,-4.4259963,-11.031461 
3,1576154924801,-12.717554,-4.761299,-10.844649 
3,1576154924821,-9.168135,-5.206773,-9.3453665 
3,1576154924839,-5.6282964,-5.029541,-6.959927 
3,1576154924858,-3.2141163,-4.138594,-5.125342 
3,1576154924878,-1.2454102,-2.912344,-4.5409575 
3,1576154924898,0.6610254,-1.8106349,-4.737349 
3,1576154924917,2.7494826,-0.6849756,-4.775669 
3,1576154924943,4.8571,0.7185059,-3.5494192 
3,1576154924957,7.0030375,2.4620802,-1.7531544 
3,1576154924976,8.847202,4.430786,-0.35925296 
3,1576154925000,9.948912,6.07856,0.22992188 
3,1576154925019,10.499766,7.429351,0.97237796 
3,1576154925039,10.99314,8.339458,1.346001 
3,1576154925057,11.304493,8.875943,1.8633252 
3,1576154925082,11.266172,8.995694,2.9171338 
3,1576154925101,11.333233,8.794512,3.7362306 
3,1576154925119,11.084151,8.464,3.9901028 
3,1576154925139,10.030342,8.315508,3.894302 
3,1576154925167,9.187295,8.1143265,3.2189064 
3,1576154925186,8.54543,7.9083548,2.5195606 
3,1576154925197,7.8891945,7.4580913,2.059717 
3,1576154925217,7.29523,6.840176,1.6190332 
3,1576154925238,6.452183,6.2031007,1.1783496 
3,1576154925260,5.4510646,5.364844,0.7041358 
3,1576154925279,4.3541455,4.4499464,0.2778223 
3,1576154925303,3.2380664,3.4775686,0.081430666 
3,1576154925323,1.9974464,2.2177882,-0.09580079 
3,1576154925344,0.23950197,1.0633887,-0.90052736 
3,1576154925362,-1.5184424,0.023950197,-2.074087 
3,1576154925382,-3.0368848,-0.8909473,-3.779341 
3,1576154925401,-4.6128078,-1.8250049,-5.2355127 
3,1576154925420,-6.830596,-2.6153615,-5.992339 
3,1576154925441,-8.47837,-3.1135256,-6.7683253 
3,1576154925460,-9.766891,-3.3769777,-7.2616997 
3,1576154925479,-11.00751,-3.7506008,-7.2281694 
3,1576154925500,-12.813355,-4.152964,-6.5048733 
3,1576154925522,-16.027472,-4.382886,-5.886958 
3,1576154925541,-20.467838,-3.8655617,-7.7454934 
3,1576154925563,-25.257877,-2.668052,-11.179952 
3,1576154925583,-28.366613,-1.6573536,-13.8048935 
3,1576154925603,-28.850407,-1.4226416,-14.149776 
3,1576154925625,-26.9775,-1.8106349,-12.607384 
3,1576154925646,-23.600523,-2.5004005,-10.815908 
3,1576154925666,-20.898941,-2.926714,-9.508228 
3,1576154925685,-18.920654,-3.0033545,-9.201666 
3,1576154925705,-16.563955,-3.0847852,-9.541759 
3,1576154925723,-13.589341,-3.3099172,-9.72378 
3,1576154925746,-10.691368,-3.5733693,-9.129815 
3,1576154925764,-7.7550735,-3.4631984,-8.353828 
3,1576154925780,-5.1732426,-3.046465,-7.510782 
3,1576154925806,-3.3147073,-2.3854396,-6.5719337 
3,1576154925826,-1.0442286,-1.6573536,-6.2989016 
3,1576154925844,0.68018556,-0.728086,-5.3169436 
3,1576154925864,2.3423293,0.3784131,-4.0044727 
3,1576154925883,4.598438,1.5998731,-3.046465 
3,1576154925912,6.4186525,2.9937747,-1.3268409 
3,1576154925923,7.812554,4.3637257,-0.14370118 
3,1576154925945,9.374106,5.7815776,-0.2778223 
3,1576154925962,10.97398,7.1467385,-0.05748047 
3,1576154925982,12.085269,8.023315,1.1064991 
3,1576154926003,12.818145,8.6077,2.3950195 
3,1576154926026,13.134288,8.990904,3.0895753 
3,1576154926045,12.583433,9.287886,3.1135256 
3,1576154926064,11.591895,9.244776,2.8883936 
3,1576154926087,10.648257,8.914263,2.6488917 
3,1576154926108,9.68067,8.5502205,2.193838 
3,1576154926125,8.636441,8.032896,1.9878663 
3,1576154926146,7.606582,7.3622904,1.9112257 
3,1576154926168,6.591094,6.720425,1.5280225 
3,1576154926188,5.647456,6.016289,0.9532178 
3,1576154926208,4.6750784,5.1636624,0.68976563 
3,1576154926225,3.6500099,4.296665,0.45505372 
3,1576154926246,2.787803,3.3865578,-0.18681154 
3,1576154926268,2.1555176,2.2273684,-1.0154883 
3,1576154926286,1.4082716,0.8669971,-1.341211 
3,1576154926309,0.10538086,-0.49337405,-1.1496094 
3,1576154926329,-1.3986914,-1.6813037,-1.8154249 
3,1576154926349,-2.3710694,-3.027305,-3.8368216 
3,1576154926367,-4.296665,-4.287085,-5.1636624 
3,1576154926387,-8.717872,-4.88584,-5.5947657 
3,1576154926407,-14.331798,-3.6979103,-6.9072366 
3,1576154926424,-15.390396,-2.692002,-10.854229 
3,1576154926445,-15.907721,-3.2141163,-11.045831 
3,1576154926464,-19.160156,-3.3434474,-9.024434 
3,1576154926485,-23.547832,-2.6393116,-9.144185 
3,1576154926509,-27.509195,-1.5040723,-11.951148 
3,1576154926529,-28.759396,-0.7951465,-14.63836 
3,1576154926548,-27.015821,-0.9867481,-14.010865 
3,1576154926569,-23.974146,-1.3843213,-10.815908 
3,1576154926587,-20.443888,-1.7818946,-8.717872 
3,1576154926612,-17.545914,-1.9687061,-8.262817 
3,1576154926627,-16.022682,-1.7483643,-8.267608 
3,1576154926651,-14.259947,-1.5998731,-8.57417 
3,1576154926676,-11.697276,-1.9064356,-8.464 
3,1576154926688,-9.0148535,-1.9255958,-7.3958206 
3,1576154926711,-6.912027,-1.5615528,-5.709727 
3,1576154926737,-4.6942387,-1.1400293,-4.617598 
3,1576154926752,-2.1267774,-0.5891748,-4.3445654 
3,1576154926772,0.119750984,0.22992188,-4.152964 
3,1576154926792,1.6765138,1.1687696,-3.7170706 
3,1576154926812,3.4344583,2.2417383,-3.3290772 
3,1576154926831,5.2594633,3.4248781,-2.2800586 
3,1576154926850,5.9635987,4.8331494,-0.41194338 
3,1576154926872,6.09772,6.183941,0.5939649 
3,1576154926893,6.835386,7.223379,-0.1101709 
3,1576154926907,7.903565,7.9562554,-0.6993457 
3,1576154926928,8.909473,8.449629,-0.14849122 
3,1576154926950,9.939331,8.904683,0.5891748 
3,1576154926968,10.744058,9.263936,1.2022998 
3,1576154926987,10.94524,9.584868,1.7723145 
3,1576154927012,10.648257,9.81,1.6813037 
3,1576154927031,10.083033,9.81958,1.2597803 
3,1576154927050,9.541759,9.584868,0.9244776 
3,1576154927073,8.856783,9.163345,0.7041358 
3,1576154927093,7.8556643,8.626861,0.40715334 
3,1576154927113,6.744375,8.047266,0.1341211 
3,1576154927131,6.016289,7.3814507,-0.25387207 
3,1576154927150,5.465435,6.5336137,-0.68976563 
3,1576154927173,4.88584,5.455855,-0.7041358 
3,1576154927193,4.028423,4.272715,-0.7089258 
3,1576154927214,2.8788135,3.1470559,-1.0298585 
3,1576154927234,1.575923,1.9878663,-1.5807129 
3,1576154927255,0.2203418,0.8334668,-2.0932472 
3,1576154927273,-1.1831397,-0.14849122,-2.4908204 
3,1576154927291,-2.7830129,-0.9388477,-3.0081446 
3,1576154927315,-4.5840673,-1.829795,-3.6164796 
3,1576154927334,-6.2941117,-2.4812403,-4.5553274 
3,1576154927355,-8.291558,-3.046465,-5.815108 
3,1576154927372,-11.02667,-3.3434474,-6.878496 
3,1576154927392,-14.6671,-3.271597,-8.406519 
3,1576154927411,-18.733843,-2.816543,-10.514136 
3,1576154927431,-21.296515,-1.9734962,-11.136841 
3,1576154927452,-21.818628,-1.7531544,-10.293795 
3,1576154927470,-24.141798,-1.3028907,-9.019644 
3,1576154927490,-26.623037,-0.39757326,-9.977652 
3,1576154927513,-26.421856,0.28740236,-11.352393 
3,1576154927534,-23.796915,0.19639161,-10.499766 
3,1576154927558,-20.400778,-0.40715334,-8.473579 
3,1576154927573,-17.239351,-0.8909473,-7.549102 
3,1576154927596,-15.471827,-0.9053174,-7.831714 
3,1576154927614,-13.886324,-0.847837,-8.631651 
3,1576154927636,-11.740386,-1.0154883,-8.765772 
3,1576154927656,-9.522598,-1.3651612,-7.817344 
3,1576154927676,-7.462881,-1.3986914,-6.576724 
3,1576154927696,-5.5708156,-1.0873389,-5.7719975 
3,1576154927713,-3.6260598,-0.45505372,-5.877378 
3,1576154927734,-1.5663428,0.25866213,-5.982759 
3,1576154927753,-0.119750984,1.3172607,-4.727769 
3,1576154927777,0.89573735,2.0309765,-2.8883936 
3,1576154927797,3.1135256,2.5099807,-1.5328126 
3,1576154927817,5.757627,3.5015187,-1.21188 
3,1576154927836,6.878496,4.8906302,-0.6945557 
3,1576154927855,7.3622904,6.0498195,1.0298585 
3,1576154927875,8.143066,7.074888,2.7063723 
3,1576154927895,9.340576,7.893985,3.166216 
3,1576154927913,10.494976,8.435259,3.2045362 
3,1576154927934,11.357183,8.813672,2.8309133 
3,1576154927954,11.539205,9.048384,2.5770411 
3,1576154927973,11.596685,8.899893,2.687212 
3,1576154927993,11.361973,8.449629,2.6201515 
3,1576154928015,10.509346,8.104747,2.2321582 
3,1576154928036,9.627979,7.913145,1.5136524 
3,1576154928056,8.813672,7.5874224,0.92926764 
3,1576154928076,7.563472,7.2616997,0.87178713 
3,1576154928098,6.375542,6.821016,0.96758795 
3,1576154928117,5.743257,6.241421,0.87178713 
3,1576154928135,4.9576907,5.4031644,0.7568262 
3,1576154928157,3.5206788,4.536167,0.732876 
3,1576154928179,2.3854396,3.755391,-0.043110352 
3,1576154928199,1.5088624,2.8692336,-1.465752 
3,1576154928219,0.5604346,1.8202149,-1.8824854 
3,1576154928239,-0.67539555,0.6706055,-1.4130616 
3,1576154928259,-2.2417383,-0.29698244,-1.7579445 
3,1576154928278,-3.9565725,-1.0585986,-3.558999 
3,1576154928298,-7.0365677,-1.7962648,-5.149292 
3,1576154928320,-10.380015,-1.7627344,-6.4282327 
3,1576154928340,-12.22418,-1.4178516,-7.711963 
3,1576154928359,-14.006075,-1.331631,-8.382568 
3,1576154928379,-16.472944,-1.5711329,-7.697593 
3,1576154928399,-20.027155,-1.3507911,-7.8365045 
3,1576154928417,-24.51542,-0.4981641,-9.101074 
3,1576154928436,-26.96313,0.45026368,-10.715318 
3,1576154928459,-26.618248,0.79035646,-9.7142 
3,1576154928476,-24.927364,0.6610254,-6.706055 
3,1576154928496,-22.268892,0.3879932,-5.374424 
3,1576154928518,-20.146906,0.25866213,-5.5372853 
3,1576154928540,-18.834435,0.244292,-6.183941 
3,1576154928559,-16.750767,-0.009580079,-6.8689165 
3,1576154928578,-13.967754,-0.28740236,-6.595884 
3,1576154928601,-10.830278,-0.52690434,-5.6618266 
3,1576154928619,-8.109536,-0.36883304,-4.7086086 
3,1576154928642,-6.1073003,0.0047900393,-4.3541455 
3,1576154928663,-4.2439747,0.39278322,-4.6846585 
3,1576154928682,-2.0405567,0.78556645,-4.9241605 
3,1576154928702,-0.34009278,1.2454102,-4.023633 
3,1576154928722,1.8489552,1.8681153,-3.175796 
3,1576154928742,4.018843,2.9171338,-2.5291407 
3,1576154928760,5.0630717,4.1050634,-1.0681788 
3,1576154928778,6.198311,5.3313136,0.0047900393 
3,1576154928802,7.582632,6.591094,0.44547364 
3,1576154928822,8.583751,7.5970025,0.97237796 
3,1576154928840,9.570498,8.334668,1.3651612 
3,1576154928861,10.92608,8.780142,2.2752686 
3,1576154928880,12.12838,9.101074,2.8309133 
3,1576154928903,12.664864,9.153765,2.5339308 
3,1576154928920,12.837305,8.861572,1.8968556 
3,1576154928939,12.329561,8.51669,1.3028907 
3,1576154928958,11.323653,8.123906,0.852627 
3,1576154928979,10.255474,7.6496925,0.732876 
3,1576154928999,9.101074,7.0413575,0.9196875 
3,1576154929022,7.8844047,6.303692,0.9196875 
3,1576154929042,6.6581545,5.5516553,0.6658155 
3,1576154929061,5.527705,4.6654983,0.3305127 
3,1576154929080,4.1002736,3.6979103,-0.07664063 
3,1576154929101,2.4860303,2.7303224,-0.1820215 
3,1576154929124,1.0059083,1.8776954,-0.38320315 
3,1576154929141,-0.19639161,0.92926764,-1.1400293 
3,1576154929165,-1.1160791,-0.07185059,-1.9926564 
3,1576154929184,-2.3614893,-1.1783496,-2.7399025 
3,1576154929202,-4.502637,-2.304009,-3.391348 
3,1576154929225,-7.094048,-2.9171338,-4.4451566 
3,1576154929240,-9.541759,-3.1039455,-5.973179 
3,1576154929265,-12.147539,-2.9650342,-7.1132083 
3,1576154929285,-13.790523,-2.5914114,-8.258028 
3,1576154929305,-15.170054,-2.7542725,-7.8652444 
3,1576154929325,-18.935026,-2.8357031,-6.3947024 
3,1576154929346,-23.768175,-1.9208057,-7.0174074 
3,1576154929366,-27.552305,-0.57959473,-8.698711 
3,1576154929385,-28.682755,0.038320314,-8.799302 
3,1576154929405,-27.461294,-0.081430666,-7.1706886 
3,1576154929423,-25.214767,-0.2778223,-5.858218 
3,1576154929441,-22.407804,-0.53169435,-6.0833497 
3,1576154929461,-19.974464,-0.85741705,-6.0833497 
3,1576154929481,-17.742306,-1.2070899,-6.0354495 
3,1576154929501,-15.912511,-1.465752,-5.599556 
3,1576154929525,-13.843213,-1.5471827,-5.527705 
3,1576154929545,-11.390714,-1.5040723,-5.8917484 
3,1576154929564,-8.952583,-1.336421,-5.4606447 
3,1576154929586,-6.825806,-1.21188,-4.258345 
3,1576154929606,-4.6032276,-0.9915381,-3.539839 
3,1576154929626,-2.44292,-0.35925296,-3.7458107 
3,1576154929646,-0.613125,0.43589357,-3.63564 
3,1576154929664,1.0250684,1.4130616,-2.8979738 
3,1576154929686,2.2656887,2.6488917,-1.9830762 
3,1576154929708,3.8751419,3.9469924,-1.3986914 
3,1576154929727,5.087022,5.384004,-0.17244141 
3,1576154929748,6.006709,6.864126,0.12454102 
3,1576154929766,6.8832865,7.9610453,-0.2203418 
3,1576154929788,7.7646537,8.823253,-0.4023633 
3,1576154929807,8.847202,9.513018,-0.48379397 
3,1576154929826,9.857901,9.83874,-0.14849122 
3,1576154929846,10.863809,9.8866415,0.20118165 
3,1576154929867,11.160791,9.73815,0.19160157 
3,1576154929886,10.590776,9.508228,-0.047900394 
3,1576154929907,10.044712,9.144185,-0.5556446 
3,1576154929924,9.508228,8.5598,-0.53169435 
3,1576154929944,8.698711,7.846084,-0.05269043 
3,1576154929967,7.793394,6.9934573,0.3065625 
3,1576154929985,6.8689165,6.09293,0.41194338 
3,1576154930004,6.1216702,4.9624805,0.43589357 
3,1576154930027,5.3025737,3.803291,0.43589357 
3,1576154930047,4.0811133,2.692002,0.1580713 
3,1576154930066,2.3758595,1.4849122,-0.44547364 
3,1576154930087,0.45505372,0.05748047,-1.1735597 
3,1576154930109,-1.6813037,-1.1975098,-2.0261867 
3,1576154930129,-3.3626075,-2.42376,-3.7937112 
3,1576154930146,-4.761299,-3.65959,-5.5612354 
3,1576154930168,-7.7502837,-4.7804594,-5.1636624 
3,1576154930189,-10.461446,-4.9720607,-4.9145803 
3,1576154930210,-10.758429,-5.2882032,-6.638994 
3,1576154930230,-10.260264,-6.3803325,-7.568262 
3,1576154930250,-12.803775,-7.3383403,-5.5516553 
3,1576154930275,-16.645386,-7.5059915,-4.785249 
3,1576154930288,-20.300186,-7.0174074,-7.31918 
3,1576154930311,-24.37651,-6.361172,-9.402847 
3,1576154930336,-28.721075,-5.5660257,-8.722662 
3,1576154930351,-30.40238,-4.9864306,-8.143066 
3,1576154930372,-29.750935,-4.4547367,-7.673643 
3,1576154930396,-26.90086,-4.3637257,-6.6485744 
3,1576154930410,-22.417383,-4.7948294,-5.637876 
3,1576154930428,-18.973345,-5.1397123,-4.5457473 
3,1576154930456,-17.512384,-5.0774417,-4.4355764 
3,1576154930467,-16.175962,-4.981641,-6.006709 
3,1576154930487,-14.68626,-4.9289503,-7.0365677 
3,1576154930507,-12.899576,-5.029541,-6.9311867 
3,1576154930531,-10.221944,-5.1732426,-6.485713 
3,1576154930549,-7.807764,-4.775669,-5.6426663 
3,1576154930569,-6.09772,-4.0667434,-4.8379397 
3,1576154930590,-4.382886,-3.319497,-4.6750784 
3,1576154930612,-1.8010547,-2.6536818,-4.761299 
3,1576154930631,0.32093263,-1.4082716,-3.8799317 
3,1576154930652,1.7675245,0.15328126,-2.7638526 
3,1576154930672,3.67875,1.7723145,-2.179468 
3,1576154930695,5.877378,3.63564,-1.6765138 
3,1576154930713,7.4197707,5.4414845,-0.51732427 
3,1576154930732,8.416099,7.1275783,0.47900394 
3,1576154930749,9.575289,8.57896,0.41194338 
3,1576154930773,10.126143,9.484278,0.7568262 
3,1576154930791,10.370435,9.829161,1.5471827 
3,1576154930808,10.514136,10.001602,1.5280225 
3,1576154930832,10.365645,9.953702,0.8813672 
3,1576154930851,10.197993,9.7812605,0.2203418 
3,1576154930872,10.063872,9.354947,-0.14849122 
3,1576154930892,9.829161,8.669971,-0.1101709 
3,1576154930913,9.326206,7.8508744,0.2921924 
3,1576154930932,8.401729,6.8880763,0.8909473 
3,1576154930950,7.223379,5.872588,1.22146 
3,1576154930970,6.337222,5.024751,0.85741705 
3,1576154930990,6.1312504,4.148174,-0.32572266 
3,1576154931009,5.9300685,2.6249416,-1.2070899 
3,1576154931032,4.608018,0.8143067,-1.2981006 
3,1576154931050,2.5147705,-0.8813672,-0.44547364 
3,1576154931070,0.56522465,-2.304009,-1.1160791 
3,1576154931091,-1.6621436,-3.6260598,-2.304009 
3,1576154931111,-4.1960745,-4.8139896,-3.3386574 
3,1576154931133,-6.7300053,-5.853428,-4.1002736 
3,1576154931153,-10.130933,-6.480923,-4.981641 
3,1576154931173,-13.867164,-6.4330225,-7.592212 
3,1576154931190,-17.459694,-5.9300685,-9.881851 
3,1576154931212,-21.684507,-5.3073635,-10.303374 
3,1576154931233,-26.79069,-3.9517825,-10.370435 
3,1576154931255,-29.937746,-2.2896388,-11.361973 
3,1576154931275,-30.134136,-1.585503,-12.080479 
3,1576154931293,-29.27672,-1.3172607,-10.442286 
3,1576154931316,-26.699678,-1.4226416,-9.110655 
3,1576154931336,-23.480772,-1.5950831,-8.813672 
3,1576154931356,-20.060684,-2.0166066,-8.5502205 
3,1576154931376,-17.13397,-2.4620802,-8.128696 
3,1576154931394,-15.409556,-2.567461,-7.9945755 
3,1576154931414,-13.8048935,-2.3566992,-8.58854 
3,1576154931432,-11.1176815,-2.3519094,-8.732242 
3,1576154931462,-8.186177,-2.304009,-7.846084 
3,1576154931472,-6.13604,-2.078877,-6.0833497 
3,1576154931493,-4.4259963,-1.6717237,-4.5409575 
3,1576154931512,-2.0261867,-1.0250684,-4.2248144 
3,1576154931535,-0.038320314,-0.14849122,-3.779341 
3,1576154931555,0.98195803,0.8095166,-2.1555176 
3,1576154931574,2.0022364,1.8633252,-0.5843848 
3,1576154931599,3.68354,3.1183155,0.1101709 
3,1576154931616,5.4414845,4.6032276,0.06706055 
3,1576154931635,6.0450296,6.198311,0.4167334 
3,1576154931652,6.5719337,7.544312,0.62749517 
3,1576154931674,7.9945755,8.741821,0.42152345 
3,1576154931696,9.599238,9.632769,0.60354495 
3,1576154931713,10.509346,10.178833,0.9915381 
3,1576154931732,10.619517,10.480606,1.0202783 
3,1576154931753,10.365645,10.691368,0.6658155 
3,1576154931773,9.977652,10.653048,-0.14849122 
3,1576154931794,9.484278,10.188414,-0.8334668 
3,1576154931819,8.875943,9.359736,-0.728086 
3,1576154931836,8.080796,8.205338,-0.16286133 
3,1576154931856,7.079678,6.959927,0.19639161 
3,1576154931876,5.9061184,5.724097,0.2921924 
3,1576154931898,5.005591,4.497847,0.39757326 
3,1576154931924,4.7133985,2.9985645,0.29698244 
3,1576154931933,4.287085,1.2597803,-0.21076173 
3,1576154931959,2.8596535,-0.5125342,-0.7759864 
3,1576154931975,0.50774413,-1.9734962,-1.346001 
3,1576154931995,-2.8213332,-3.1231055,-2.1555176 
3,1576154932015,-5.9635987,-3.5877395,-4.1146436 
3,1576154932037,-7.6161623,-3.9422023,-6.591094 
3,1576154932057,-8.828042,-4.3637257,-6.926397 
3,1576154932079,-10.279425,-4.9624805,-6.222261 
3,1576154932101,-12.674444,-5.1971927,-6.835386 
3,1576154932120,-15.93167,-4.493057,-8.473579 
3,1576154932139,-19.279907,-3.5494192,-8.842413 
3,1576154932157,-22.383854,-3.2332766,-8.871153 
3,1576154932182,-27.284063,-2.5387208,-9.254355 
3,1576154932201,-32.213013,-1.3076807,-10.370435 
3,1576154932221,-32.89799,-0.67539555,-11.472144 
3,1576154932241,-29.904215,-1.1975098,-9.70941 
3,1576154932262,-25.133335,-2.1698878,-7.573052 
3,1576154932279,-20.908522,-2.8261232,-6.9934573 
3,1576154932302,-17.905167,-3.1422658,-7.1275783 
3,1576154932322,-15.490987,-3.4009278,-7.462881 
3,1576154932342,-12.664864,-3.4919386,-7.807764 
3,1576154932363,-9.939331,-3.410508,-7.3958206 
3,1576154932382,-7.3766603,-3.0608351,-6.2031007 
3,1576154932400,-5.120552,-2.4908204,-5.0918117 
3,1576154932420,-3.6164796,-1.5950831,-4.6846585 
3,1576154932438,-1.9351759,-0.7568262,-4.703819 
3,1576154932463,-0.3544629,-0.12933107,-3.9326222 
3,1576154932480,1.1735597,0.6466553,-2.6776319 
3,1576154932498,2.7111623,1.8441651,-1.7771046 
3,1576154932520,3.8080812,3.1374757,-0.79035646 
3,1576154932542,4.9145803,4.4116263,0.07185059 
3,1576154932560,6.0833497,5.872588,0.3784131 
3,1576154932582,6.8928666,7.223379,0.63707525 
3,1576154932603,7.606582,8.267608,1.0777588 
3,1576154932623,8.425679,9.259146,1.0490186 
3,1576154932643,8.828042,10.217154,0.8669971 
3,1576154932663,9.048384,10.6817875,0.79993653 
3,1576154932681,9.5561285,10.715318,0.5125342 
3,1576154932703,9.944121,10.542876,-0.21555176 
3,1576154932722,9.536968,10.068663,-0.79993653 
3,1576154932744,8.885523,9.445957,-0.93405765 
3,1576154932764,8.090376,8.62207,-0.67539555 
3,1576154932786,7.1563187,7.6496925,-0.3784131 
3,1576154932804,6.4186525,6.543194,-0.3544629 
3,1576154932824,5.752837,5.278623,-0.488584 
3,1576154932842,4.9145803,3.899092,-0.74724615 
3,1576154932862,3.7122805,2.3758595,-0.92926764 
3,1576154932881,2.0022364,0.74724615,-0.93405765 
3,1576154932905,0.06227051,-0.60833496,-1.5950831 
3,1576154932922,-1.954336,-1.7292042,-3.1039455 
3,1576154932940,-4.095484,-2.7638526,-4.267925 
3,1576154932964,-5.6905665,-3.65959,-4.9624805 
3,1576154932981,-6.912027,-4.6607084,-5.6618266 
3,1576154933000,-9.575289,-5.1732426,-6.006709 
3,1576154933021,-13.689932,-4.751719,-7.7215433 
3,1576154933044,-16.343615,-4.023633,-10.015972 
3,1576154933063,-18.149458,-3.8847218,-9.666299 
3,1576154933086,-20.932472,-3.6068995,-7.534732 
3,1576154933105,-25.142916,-2.9794044,-6.734795 
3,1576154933123,-29.564123,-1.9399658,-7.9945755 
3,1576154933143,-30.958023,-1.1304493,-9.532178 
3,1576154933163,-28.745026,-1.3076807,-8.52148 
3,1576154933186,-24.625591,-2.0118165,-6.346802 
3,1576154933207,-20.6786,-2.5387208,-5.2355127 
3,1576154933227,-18.173409,-2.7159522,-5.0918117 
3,1576154933247,-16.607065,-2.8309133,-5.8821683 
3,1576154933266,-14.552139,-3.1278956,-6.6821046 
3,1576154933286,-12.19544,-3.3530276,-6.495293 
3,1576154933307,-9.948912,-3.3530276,-6.212681 
3,1576154933327,-7.5970025,-2.8644435,-5.992339 
3,1576154933348,-5.733677,-2.179468,-5.0678616 
3,1576154933367,-4.014053,-1.3651612,-4.368516 
3,1576154933388,-1.8537452,-0.4981641,-4.272715 
3,1576154933407,-0.21555176,0.40715334,-3.5254688 
3,1576154933425,0.3784131,1.6286134,-2.2608986 
3,1576154933451,0.9580079,2.9985645,-1.3651612 
3,1576154933463,2.1267774,3.9613624,-0.6179151 
3,1576154933483,4.7708793,4.751719,0.033530276 
3,1576154933504,7.5012016,5.7145166,0.5508545 
3,1576154933523,8.880733,6.969507,0.60354495 
3,1576154933543,9.1202345,8.095166,0.5508545 
3,1576154933565,9.704619,8.8951025,0.6179151 
3,1576154933586,10.633887,9.417217,0.45026368 
3,1576154933610,11.2374325,9.584868,0.9532178 
3,1576154933629,11.721226,9.426797,1.7675245 
3,1576154933649,11.654165,9.043594,1.8824854 
3,1576154933667,10.710527,8.741821,1.5423926 
3,1576154933689,9.465117,8.406519,1.0681788 
3,1576154933709,8.267608,7.8891945,0.78556645 
3,1576154933726,7.0988383,7.30481,0.7185059 
3,1576154933748,6.1935205,6.471343,1.1304493 
3,1576154933767,5.4750147,5.455855,1.3076807 
3,1576154933789,4.8666797,4.4212065,1.1064991 
3,1576154933809,4.2248144,3.3147073,0.4742139 
3,1576154933829,3.2859669,2.2465284,-0.5412744 
3,1576154933848,1.9112257,1.1256592,-1.5950831 
3,1576154933868,0.06227051,-0.15328126,-1.9112257 
3,1576154933890,-2.198628,-1.1591895,-2.0070264 
3,1576154933910,-4.311035,-1.9447559,-3.1183155 
3,1576154933932,-5.977969,-2.6009912,-4.6990285 
3,1576154933947,-7.429351,-3.3290772,-6.09293 
3,1576154933967,-9.230406,-3.9948928,-7.046148 
3,1576154933991,-10.873389,-4.5936475,-7.8412943 
3,1576154934006,-12.971426,-5.005591,-8.171807 
3,1576154934027,-16.247812,-4.7469287,-8.689131 
3,1576154934054,-19.763702,-3.8559816,-9.125025 
3,1576154934068,-21.718039,-3.319497,-9.072334 
3,1576154934090,-24.213648,-3.2332766,-8.042476 
3,1576154934114,-27.164312,-2.7399025,-7.199429 
3,1576154934129,-28.510313,-2.069297,-7.702383 
3,1576154934149,-27.418184,-1.6525636,-8.291558 
3,1576154934167,-23.911877,-2.0118165,-7.903565 
3,1576154934189,-20.486998,-2.5195606,-6.715635 
3,1576154934213,-17.909956,-2.8357031,-6.246211 
3,1576154934232,-16.147223,-2.9698243,-6.830596 
3,1576154934252,-14.662311,-3.0943654,-7.549102 
3,1576154934269,-12.631333,-3.1614258,-8.128696 
3,1576154934290,-10.0063925,-3.166216,-8.0999565 
3,1576154934311,-7.2521195,-2.931504,-7.089258 
3,1576154934333,-4.9241605,-2.4333398,-5.623506 
3,1576154934353,-2.7303224,-1.6190332,-4.87626 
3,1576154934373,-0.71371585,-0.45505372,-4.679868 
3,1576154934393,1.0202783,0.7376661,-4.406836 
3,1576154934412,2.2800586,2.1124072,-3.1997461 
3,1576154934430,3.5973196,3.4775686,-2.0022364 
3,1576154934452,4.9337406,4.9385304,-1.0585986 
3,1576154934469,6.0306597,6.351592,-0.28261232 
3,1576154934488,6.7731156,7.6017923,-0.25866213 
3,1576154934509,7.3000197,8.52627,-0.44547364 
3,1576154934531,7.7790236,9.273516,-0.45505372 
3,1576154934547,8.008945,9.7621,0.023950197 
3,1576154934567,8.109536,10.116563,0.19160157 
3,1576154934587,8.286768,10.289004,-0.46463382 
3,1576154934607,8.425679,10.202784,-1.5519727 
3,1576154934627,8.396939,9.79563,-1.6094532 
3,1576154934647,8.49753,9.287886,-1.3795313 
3,1576154934667,8.583751,8.5502205,-1.2837305 
3,1576154934689,8.104747,7.683223,-1.0538087 
3,1576154934712,7.0030375,6.8737063,-1.1975098 
3,1576154934729,5.585186,5.992339,-1.4034815 
3,1576154934751,4.152964,4.761299,-1.1160791 
3,1576154934769,3.0608351,3.4009278,-0.9580079 
3,1576154934790,2.0549269,1.7914747,-0.8286768 
3,1576154934810,0.7424561,0.1820215,-0.7089258 
3,1576154934832,-0.86220706,-1.0585986,-1.0346485 
3,1576154934852,-2.672842,-2.074087,-1.839375 
3,1576154934872,-4.7229786,-3.2572267,-2.5051906 
3,1576154934896,-7.6017923,-4.3254056,-2.9458742 
3,1576154934913,-11.764337,-4.488267,-4.1146436 
3,1576154934932,-15.625108,-3.8799317,-6.701265 
3,1576154934954,-18.31232,-3.5733693,-8.449629 
3,1576154934972,-21.703669,-3.1039455,-7.6592727 
3,1576154934991,-24.041206,-2.069297,-6.9024467 
3,1576154935012,-24.750134,-1.3939015,-6.6916847 
3,1576154935032,-25.66024,-1.1639795,-6.255791 
3,1576154935053,-26.627829,-0.7568262,-6.6485744 
3,1576154935073,-25.818312,-0.38320315,-7.692803 
3,1576154935096,-22.632936,-0.57959473,-7.692803 
3,1576154935115,-19.188898,-0.9963282,-6.495293 
3,1576154935131,-16.429834,-1.2070899,-5.6857767 
3,1576154935154,-14.70063,-1.0873389,-5.5947657 
3,1576154935177,-13.100758,-0.9580079,-6.12646 
3,1576154935196,-11.151212,-1.0538087,-6.207891 
3,1576154935218,-8.708291,-1.2358302,-5.6187162 
3,1576154935237,-6.5479836,-1.1735597,-4.8379397 
3,1576154935259,-4.991221,-0.9484278,-3.923042 
3,1576154935275,-3.7985013,-0.5604346,-3.1278956 
3,1576154935297,-2.189048,-0.009580079,-3.415298 
3,1576154935316,0.19639161,0.9388477,-4.1625443 
3,1576154935335,2.4764502,2.1124072,-3.63564 
3,1576154935358,4.785249,3.4919386,-2.4141798 
3,1576154935378,6.926397,5.0822315,-1.5328126 
3,1576154935398,8.066426,6.974297,-0.7041358 
3,1576154935414,8.689131,8.612491,-0.7759864 
3,1576154935438,10.035132,9.766891,-1.6094532 
3,1576154935461,11.8074465,10.600357,-2.3135889 
3,1576154935475,12.851675,10.720108,-2.1411476 
3,1576154935495,12.703184,10.533297,-1.8202149 
3,1576154935515,11.697276,10.221944,-2.0357666 
3,1576154935535,10.025552,9.7142,-2.193838 
3,1576154935556,8.4448395,8.957374,-2.2225783 
3,1576154935576,6.940767,7.9466753,-1.8154249 
3,1576154935598,5.5612354,6.816226,-0.7711963 
3,1576154935617,4.718189,5.6618266,-0.07664063 
3,1576154935635,4.2152348,4.488267,0.009580079 
3,1576154935659,3.6404297,3.056045,0.21555176 
3,1576154935680,2.4956105,1.4465919,0.8813672 
3,1576154935701,0.9244776,0.07185059,1.3939015 
3,1576154935719,-0.4167334,-1.0250684,0.8334668 
3,1576154935740,-1.331631,-2.1171973,-0.3784131 
3,1576154935757,-2.6009912,-3.2332766,-1.1783496 
3,1576154935781,-4.5553274,-4.119434,-1.6717237 
3,1576154935799,-6.4138627,-4.761299,-3.755391 
3,1576154935817,-9.369317,-5.3792143,-6.466553 
3,1576154935838,-14.806011,-5.0678616,-8.914263 
3,1576154935857,-19.548151,-3.3673975,-11.452984 
3,1576154935878,-21.085752,-2.4956105,-12.846886 
3,1576154935900,-23.26522,-2.0309765,-10.882969 
3,1576154935920,-26.258995,-0.9532178,-9.158555 
3,1576154935940,-28.275602,-0.009580079,-9.422008 
3,1576154935963,-29.34857,0.33530274,-8.372989 
3,1576154935977,-27.849289,0.1101709,-7.084468 
3,1576154935997,-24.21844,-0.2921924,-6.5479836 
3,1576154936018,-20.69297,-0.60354495,-6.332432 
3,1576154936037,-18.159039,-0.7711963,-6.581514 
3,1576154936057,-16.161592,-0.9580079,-7.2425394 
3,1576154936078,-13.723462,-1.3747413,-7.6305327 
3,1576154936101,-10.791959,-1.8202149,-7.204219 
3,1576154936120,-7.9706254,-1.8776954,-6.567144 
3,1576154936141,-5.5708156,-1.3939015,-5.839058 
3,1576154936158,-3.7314405,-0.7807764,-4.996011 
3,1576154936181,-2.42855,-0.19160157,-3.8320315 
3,1576154936203,-0.9532178,0.3879932,-2.9698243 
3,1576154936223,0.81909674,1.1256592,-2.44771 
3,1576154936243,2.806963,2.189048,-2.2273684 
3,1576154936263,3.9326222,3.6116896,-1.4753321 
3,1576154936281,4.7229786,5.149292,-0.26345217 
3,1576154936304,6.342012,6.6342044,0.3161426 
3,1576154936323,7.9897857,8.071217,0.7759864 
3,1576154936343,8.851993,9.1202345,1.3124708 
3,1576154936365,9.503438,9.718989,1.585503 
3,1576154936384,10.174044,9.948912,1.341211 
3,1576154936405,10.236314,9.929751,0.87178713 
3,1576154936422,9.996812,9.613608,0.57001466 
3,1576154936452,9.766891,9.134604,0.033530276 
3,1576154936459,9.254355,8.4448395,-0.3305127 
3,1576154936479,8.372989,7.573052,-0.12454102 
3,1576154936500,7.472461,6.586304,0.23950197 
3,1576154936520,6.6533647,5.455855,0.28261232 
3,1576154936540,5.8342676,4.3254056,0.26345217 
3,1576154936562,4.9576907,2.9794044,0.09101075 
3,1576154936582,3.8224514,1.4178516,-0.16286133 
3,1576154936604,2.3614893,-0.21555176,-0.4263135 
3,1576154936625,0.39278322,-1.6813037,-0.9963282 
3,1576154936642,-1.8010547,-2.9889846,-2.0166066 
3,1576154936662,-4.176914,-3.9948928,-3.4488282 
3,1576154936684,-6.5048733,-4.799619,-5.039121 
3,1576154936703,-9.398057,-5.3792143,-6.351592 
3,1576154936726,-12.300821,-5.7001467,-7.4580913 
3,1576154936746,-15.744859,-5.647456,-8.157437 
3,1576154936766,-19.49546,-5.1540823,-8.765772 
3,1576154936786,-24.146587,-3.9805226,-9.125025 
3,1576154936807,-27.394234,-2.6536818,-9.996812 
3,1576154936826,-28.759396,-1.829795,-9.81958 
3,1576154936844,-29.24798,-1.4178516,-8.473579 
3,1576154936865,-27.657686,-1.3507911,-8.028106 
3,1576154936885,-24.596851,-1.3986914,-8.277188 
3,1576154936904,-21.195923,-1.7483643,-8.181387 
3,1576154936926,-18.42728,-2.2513185,-7.2185893 
3,1576154936944,-16.592695,-2.6105714,-6.5048733 
3,1576154936964,-14.418018,-2.8548634,-7.055728 
3,1576154936983,-11.802657,-2.8309133,-7.3575 
3,1576154937003,-9.517808,-2.7303224,-6.5000834 
3,1576154937023,-7.2664895,-2.5914114,-5.2594633 
3,1576154937043,-4.87626,-2.2896388,-4.2296047 
3,1576154937064,-2.8644435,-1.5376027,-3.6404297 
3,1576154937083,-1.0011182,-0.53169435,-3.6979103 
3,1576154937108,0.20597169,0.44547364,-3.0847852 
3,1576154937124,1.5136524,1.6525636,-2.2465284 
3,1576154937145,3.3865578,3.051255,-2.198628 
3,1576154937166,4.737349,4.5313773,-1.4992822 
3,1576154937186,6.0498195,5.9300685,-0.56522465 
3,1576154937209,7.7311234,7.2281694,-0.22513184 
3,1576154937229,8.828042,8.305928,-0.09101075 
3,1576154937249,9.948912,9.029224,0.06227051 
3,1576154937267,11.510465,9.570498,-0.10538086 
3,1576154937286,12.607384,9.953702,-0.23950197 
3,1576154937309,12.674444,9.7621,0.119750984 
3,1576154937329,11.836187,9.441168,0.43589357 
3,1576154937349,10.614727,9.0004835,-0.033530276 
3,1576154937369,9.364527,8.377779,-0.64186525 
3,1576154937389,8.195757,7.558682,-0.82388675 
3,1576154937410,7.1611085,6.6198344,-0.9388477 
3,1576154937428,6.09293,5.585186,-1.1448194 
3,1576154937448,4.87147,4.4595265,-1.0825489 
3,1576154937469,3.63564,3.2572267,-1.1735597 
3,1576154937484,2.5291407,1.9591261,-1.5950831 
3,1576154937509,1.3891114,0.6179151,-2.0932472 
3,1576154937525,0.17723145,-0.7089258,-2.1315675 
3,1576154937546,-0.75203615,-2.0022364,-2.6009912 
3,1576154937565,-2.4093897,-3.3865578,-3.6021094 
3,1576154937591,-5.110972,-4.3541455,-4.670288 
3,1576154937610,-7.9945755,-5.206773,-6.3803325 
3,1576154937631,-11.270963,-5.4462748,-8.48316 
3,1576154937653,-14.509029,-5.0439115,-10.643467 
3,1576154937672,-17.20103,-4.718189,-11.00751 
3,1576154937691,-19.39008,-4.4116263,-9.72378 
3,1576154937715,-22.431753,-4.1242237,-8.401729 
3,1576154937729,-26.81464,-3.1566358,-8.205338 
3,1576154937749,-29.832365,-2.088457,-9.359736 
3,1576154937772,-30.028757,-1.5232325,-10.015972 
3,1576154937792,-27.025402,-1.8441651,-9.129815 
3,1576154937812,-22.920338,-2.4620802,-7.673643 
3,1576154937831,-19.48109,-2.8788135,-6.586304 
3,1576154937850,-16.875309,-3.0752053,-6.734795 
3,1576154937870,-15.246695,-3.0177248,-7.36708 
3,1576154937892,-13.43127,-2.9650342,-7.807764 
3,1576154937910,-10.629097,-3.3051271,-7.664063 
3,1576154937932,-8.032896,-3.2045362,-6.437813 
3,1576154937956,-6.07856,-2.548301,-5.4271145 
3,1576154937968,-4.608018,-1.7244141,-5.024751 
3,1576154937988,-3.1183155,-0.9244776,-4.775669 
3,1576154938009,-1.2981006,-0.2682422,-3.9805226 
3,1576154938028,0.5508545,0.68018556,-2.7494826 
3,1576154938048,2.2944288,1.9591261,-1.7914747 
3,1576154938068,4.0811133,2.9650342,-0.9867481 
3,1576154938090,6.0019193,4.014053,-0.5939649 
3,1576154938113,7.6592727,5.518125,-0.5221143 
3,1576154938131,8.8951025,6.935977,-0.081430666 
3,1576154938153,10.370435,8.133487,0.364043 
3,1576154938171,12.21939,8.995694,0.7807764 
3,1576154938190,13.713882,9.398057,1.3172607 
3,1576154938210,14.130616,9.268726,2.2369483 
3,1576154938233,13.622871,8.866363,2.4525 
3,1576154938255,12.300821,8.55501,1.3028907 
3,1576154938273,10.859019,8.095166,0.21076173 
3,1576154938291,9.546548,7.3766603,-0.14849122 
3,1576154938314,8.387359,6.4186525,-0.1101709 
3,1576154938335,7.2569094,5.2882032,0.019160157 
3,1576154938355,6.2270513,4.009263,0.20118165 
3,1576154938375,5.0199614,2.6584718,0.1341211 
3,1576154938394,3.6116896,1.1735597,-0.39757326 
3,1576154938416,1.9974464,-0.24908204,-1.1639795 
3,1576154938435,0.2778223,-1.5088624,-1.7723145 
3,1576154938455,-1.6573536,-2.8883936,-2.2896388 
3,1576154938470,-4.756509,-3.903882,-2.9458742 
3,1576154938496,-8.339458,-4.2104445,-4.157754 
3,1576154938511,-10.538086,-3.9661524,-6.696475 
3,1576154938531,-11.754756,-4.176914,-8.171807 
3,1576154938551,-14.202466,-4.4212065,-7.3958206 
3,1576154938572,-18.202148,-3.8511915,-7.0078273 
3,1576154938593,-20.515738,-2.6057813,-8.794512 
3,1576154938615,-21.224665,-2.1076174,-10.2315235 
3,1576154938635,-23.19816,-1.829795,-8.981323 
3,1576154938656,-25.176447,-1.2454102,-8.55501 
3,1576154938676,-27.226583,-0.6227051,-8.986114 
3,1576154938696,-27.490036,-0.4167334,-9.321417 
3,1576154938717,-24.457941,-1.0777588,-8.5502205 
3,1576154938737,-21.780308,-1.7818946,-6.615044 
3,1576154938756,-19.653532,-2.2225783,-6.05461 
3,1576154938775,-17.632135,-2.4620802,-7.0509377 
3,1576154938796,-15.481407,-2.7494826,-8.052056 
3,1576154938818,-12.9187355,-3.3386574,-8.109536 
3,1576154938837,-10.154883,-4.038003,-7.0126176 
3,1576154938854,-7.194639,-4.311035,-5.958809 
3,1576154938876,-4.7133985,-3.7601807,-5.1540823 
3,1576154938896,-2.6345215,-3.0033545,-4.5744877 
3,1576154938918,-0.6466553,-2.1267774,-4.028423 
3,1576154938938,1.1735597,-1.0442286,-3.1614258 
3,1576154938957,3.4488282,0.17244141,-2.2129982 
3,1576154938974,6.0498195,1.8154249,-0.9053174 
3,1576154938994,8.665181,3.8464015,1.0202783 
3,1576154939016,10.600357,5.949229,3.1422658 
3,1576154939034,11.309282,7.7646537,4.497847 
3,1576154939054,11.663746,9.101074,3.9422023 
3,1576154939076,12.008629,9.992022,1.7627344 
3,1576154939096,12.147539,10.403965,-0.1820215 
3,1576154939118,12.1235895,10.466236,-1.2693604 
3,1576154939137,11.529625,10.197993,-1.456172 
3,1576154939159,10.260264,9.68067,-1.0442286 
3,1576154939177,9.105865,8.990904,-0.89573735 
3,1576154939199,8.272398,8.056846,-0.76161623 
3,1576154939219,7.424561,6.8737063,-0.22513184 
3,1576154939239,6.456973,5.5947657,0.14370118 
3,1576154939257,5.4366946,4.2918754,0.2921924 
3,1576154939279,4.4212065,3.027305,0.22992188 
3,1576154939296,3.5254688,1.5184424,-0.21076173 
3,1576154939320,2.4908204,-0.14370118,-1.1831397 
3,1576154939338,1.3603711,-1.8681153,-2.0261867 
3,1576154939360,-0.009580079,-3.9182522,-3.1470559 
3,1576154939380,-1.8489552,-5.848638,-4.138594 
3,1576154939399,-4.3206153,-7.0269876,-4.4403663 
3,1576154939420,-8.023315,-7.5970025,-4.4643164 
3,1576154939439,-12.353511,-7.558682,-6.09293 
3,1576154939459,-15.371236,-6.821016,-10.178833 
3,1576154939476,-16.635807,-6.06419,-13.206139 
3,1576154939499,-18.767374,-6.595884,-11.486514 
3,1576154939517,-24.639961,-6.2510014,-8.119117 
3,1576154939536,-29.961695,-4.756509,-9.83874 
3,1576154939558,-32.739918,-3.1326857,-13.033697 
3,1576154939577,-31.71485,-2.7159522,-12.9187355 
3,1576154939599,-27.399025,-3.4679885,-10.202784 
3,1576154939621,-22.412594,-4.263135,-7.999366 
3,1576154939637,-18.714684,-4.478687,-7.2281694 
3,1576154939662,-16.511265,-4.253555,-7.438931 
3,1576154939679,-14.475498,-4.1625443,-8.076006 
3,1576154939697,-11.692486,-4.311035,-8.468789 
3,1576154939719,-8.780142,-4.430786,-7.7550735 
3,1576154939739,-6.3132715,-3.9134622,-6.1552005 
3,1576154939759,-4.157754,-3.171006,-4.761299 
3,1576154939782,-2.5291407,-2.1219873,-4.253555 
3,1576154939802,-1.101709,-0.85741705,-4.6511283 
3,1576154939821,0.6610254,0.28261232,-4.9481106 
3,1576154939840,2.5099807,1.4034815,-3.779341 
3,1576154939862,3.9182522,2.668052,-1.4322218 
3,1576154939881,5.0534916,4.0427933,0.1101709 
3,1576154939902,6.1216702,5.4319043,-0.32093263 
3,1576154939920,6.792276,6.734795,-1.2166699 
3,1576154939942,7.27128,7.8412943,-1.21188 
3,1576154939963,8.071217,8.641231,-0.56522465 
3,1576154939987,8.923843,9.187295,0.29698244 
3,1576154939999,9.7142,9.613608,0.90052736 
3,1576154940033,10.289004,9.963282,0.6179151 
3,1576154940037,9.75252,10.322535,-0.23950197 
3,1576154940058,8.727451,10.423125,-0.78556645 
3,1576154940078,8.104747,10.049502,-0.6993457 
3,1576154940099,7.683223,9.235196,-0.43110353 
3,1576154940119,7.0269876,8.286768,-0.51732427 
3,1576154940140,6.2605815,7.3958206,-0.7089258 
3,1576154940159,5.455855,6.3994923,-0.74724615 
3,1576154940182,4.6990285,5.3313136,-0.8143067 
3,1576154940201,3.788921,4.152964,-0.8909473 
3,1576154940224,2.4141798,2.7446926,-0.3544629 
3,1576154940244,1.0442286,1.3603711,-0.43110353 
3,1576154940264,0.67539555,-0.1341211,-1.2981006 
3,1576154940282,-0.32572266,-1.8441651,-1.8106349 
3,1576154940303,-2.7590625,-3.2572267,-2.3854396 
3,1576154940326,-4.86189,-4.2200246,-4.2439747 
3,1576154940346,-7.932305,-4.8523097,-5.1732426 
3,1576154940366,-11.888878,-4.358936,-6.5000834 
3,1576154940383,-13.464801,-3.774551,-10.360855 
3,1576154940405,-15.208375,-3.2141163,-12.022999 
3,1576154940425,-18.135088,-2.7590625,-10.068663 
3,1576154940445,-21.387526,-2.2129982,-8.54543 
3,1576154940464,-25.305777,-1.22146,-9.77647 
3,1576154940489,-28.596535,-0.019160157,-11.783497 
3,1576154940502,-29.032429,0.47900394,-12.022999 
3,1576154940524,-26.65178,0.14849122,-10.044712 
3,1576154940542,-22.747896,-0.45026368,-8.008945 
3,1576154940562,-19.160156,-0.9196875,-7.094048 
3,1576154940582,-16.865728,-1.1639795,-6.8880763 
3,1576154940606,-15.308966,-1.4226416,-7.31439 
3,1576154940627,-13.124707,-1.9064356,-7.9706254 
3,1576154940645,-10.700948,-2.3566992,-7.4006104 
3,1576154940667,-8.631651,-2.4045997,-5.7145166 
3,1576154940687,-6.6485744,-2.2465284,-4.6654983 
3,1576154940704,-4.756509,-1.8058448,-4.8139896 
3,1576154940727,-3.2236965,-1.0346485,-5.206773 
3,1576154940745,-1.4849122,0.009580079,-4.641548 
3,1576154940767,0.46942386,1.1975098,-3.7410207 
3,1576154940784,2.6105714,2.7111623,-2.672842 
3,1576154940808,4.6511283,4.1146436,-1.2981006 
3,1576154940825,6.09293,5.3552637,0.28740236 
3,1576154940842,7.117998,6.5479836,1.341211 
3,1576154940866,9.062755,7.429351,0.52690434 
3,1576154940884,10.768008,8.181387,0.1341211 
3,1576154940909,11.357183,8.756192,1.1783496 
3,1576154940929,11.936778,9.0004835,2.0070264 
3,1576154940947,12.640914,8.952583,1.6286134 
3,1576154940965,12.343931,8.765772,1.2789404 
3,1576154940994,11.251802,8.53585,1.5136524 
3,1576154941006,9.982442,8.258028,1.5376027 
3,1576154941027,8.732242,7.7550735,1.5184424 
3,1576154941046,7.510782,7.1323686,1.5280225 
3,1576154941065,6.4905033,6.361172,1.1496094 
3,1576154941085,5.738467,5.398374,0.7089258 
3,1576154941106,5.1540823,4.3206153,0.43110353 
3,1576154941126,4.263135,3.1135256,0.07664063 
3,1576154941146,2.8883936,1.7723145,-0.52690434 
3,1576154941168,1.0202783,0.4263135,-1.4370118 
3,1576154941187,-0.49337405,-0.81909674,-2.5339308 
3,1576154941206,-2.0022364,-2.1171973,-3.3482375 
3,1576154941228,-3.6452198,-3.3530276,-4.0811133 
3,1576154941255,-4.4355764,-4.382886,-5.364844 
3,1576154941270,-3.8847218,-6.06419,-7.3479204 
3,1576154941288,-6.3947024,-8.349038,-7.453301 
3,1576154941316,-14.62399,-8.281978,-5.264253 
3,1576154941331,-18.805695,-6.2893214,-8.138277 
3,1576154941351,-18.786533,-6.0689797,-12.712764 
3,1576154941376,-20.295397,-6.7395854,-12.20023 
3,1576154941391,-22.388643,-6.9934573,-9.374106 
3,1576154941411,-24.821983,-6.4426026,-7.9849954 
3,1576154941432,-28.361822,-5.0534916,-8.2197075 
3,1576154941449,-28.610905,-4.3541455,-9.671089 
3,1576154941469,-25.799152,-4.4691067,-9.182506 
3,1576154941490,-21.780308,-4.88584,-7.3622904 
3,1576154941508,-18.738634,-4.9337406,-6.346802 
3,1576154941526,-17.09086,-4.617598,-6.332432 
3,1576154941548,-16.084951,-4.3301954,-6.8497562 
3,1576154941567,-14.379698,-4.4451566,-7.683223 
3,1576154941587,-11.970308,-4.8283596,-8.363408 
3,1576154941611,-9.64714,-4.8187795,-8.013736 
3,1576154941630,-7.7215433,-4.3062453,-6.974297 
3,1576154941650,-5.738467,-3.7362306,-6.1791506 
3,1576154941671,-3.6404297,-3.0177248,-5.695357 
3,1576154941688,-2.198628,-1.9878663,-4.82357 
3,1576154941708,-0.6706055,-0.60354495,-4.0763235 
3,1576154941732,0.6514453,1.2502003,-3.5685792 
3,1576154941752,2.1603076,2.806963,-2.6009912 
3,1576154941773,3.908672,4.009263,-0.8095166 
3,1576154941793,5.9635987,5.216353,0.74724615 
3,1576154941813,7.5155716,6.5623536,1.2693604 
3,1576154941832,8.57896,7.7598634,1.2166699 
3,1576154941850,9.402847,8.55501,1.7531544 
3,1576154941871,10.083033,9.019644,2.42855 
3,1576154941893,10.734478,9.278306,2.5578809 
3,1576154941914,11.01709,9.412427,2.088457 
3,1576154941934,10.844649,9.311836,1.4034815 
3,1576154941952,10.207574,9.062755,0.90052736 
3,1576154941969,9.350157,8.636441,0.79993653 
3,1576154941993,8.631651,8.167017,0.6658155 
3,1576154942010,7.999366,7.434141,0.8143067 
3,1576154942032,7.414981,6.5192432,1.0202783 
3,1576154942050,6.7731156,5.479805,1.092129 
3,1576154942070,6.0019193,4.521797,0.75203615 
3,1576154942091,5.465435,3.3482375,-0.119750984 
3,1576154942114,4.368516,1.5807129,-0.081430666 
3,1576154942133,2.7542725,-0.2682422,0.7664063 
3,1576154942151,0.98195803,-1.5998731,0.57001466 
3,1576154942174,-0.488584,-3.0943654,-1.1208692 
3,1576154942193,-1.9974464,-4.4643164,-3.4631984 
3,1576154942215,-3.7362306,-6.006709,-4.967271 
3,1576154942236,-5.398374,-7.7646537,-5.853428 
3,1576154942256,-7.7790236,-9.551338,-6.485713 
3,1576154942275,-12.497212,-10.643467,-6.912027 
3,1576154942293,-17.972227,-10.183623,-9.1202345 
3,1576154942316,-21.066593,-9.273516,-12.430152 
3,1576154942336,-24.275919,-8.368198,-12.23376 
3,1576154942356,-28.625275,-7.563472,-8.986114 
3,1576154942372,-32.131584,-6.456973,-7.1706886 
3,1576154942396,-32.95547,-5.374424,-8.004155 
3,1576154942417,-31.346018,-4.84752,-8.416099 
3,1576154942436,-26.92481,-5.225933,-7.7454934 
3,1576154942455,-21.799469,-5.973179,-6.3707523 
3,1576154942473,-18.776955,-6.1073003,-5.3169436 
3,1576154942494,-16.683706,-5.848638,-6.0402393 
3,1576154942513,-14.322217,-5.589976,-7.673643 
3,1576154942533,-11.797867,-5.278623,-8.396939 
3,1576154942553,-8.804092,-5.0774417,-7.941885 
3,1576154942573,-5.8342676,-4.5888577,-6.9072366 
3,1576154942596,-3.544629,-3.6691701,-5.613926 
3,1576154942618,-2.3135889,-2.5147705,-4.4451566 
3,1576154942635,-0.85741705,-1.2597803,-4.358936 
3,1576154942654,0.8143067,-0.023950197,-4.033213 
3,1576154942678,2.5051906,1.0442286,-2.3854396 
3,1576154942696,3.9901028,2.323169,-0.2203418 
3,1576154942717,5.2019825,3.9278321,1.1543995 
3,1576154942739,6.466553,5.489385,0.76161623 
3,1576154942759,7.0988383,7.0413575,0.38320315 
3,1576154942779,7.2425394,8.286768,0.85741705 
3,1576154942799,7.7215433,9.053174,1.5663428 
3,1576154942819,8.339458,9.618399,2.0022364 
3,1576154942838,8.990904,9.982442,2.074087 
3,1576154942858,9.79084,9.992022,1.9160157 
3,1576154942877,10.4566555,9.78605,1.8968556 
3,1576154942899,10.499766,9.374106,1.8154249 
3,1576154942919,9.872271,8.804092,1.4370118 
3,1576154942940,8.957374,8.138277,1.3172607 
3,1576154942958,8.013736,7.2808595,1.5711329 
3,1576154942976,7.0126176,6.217471,1.8058448 
3,1576154942995,5.8821683,5.1061816,1.8250049 
3,1576154943016,4.751719,3.9278321,1.3795313 
3,1576154943037,3.784131,2.5530908,0.6466553 
3,1576154943055,2.787803,0.9963282,-0.12933107 
3,1576154943076,1.7292042,-0.613125,-1.1160791 
3,1576154943096,-0.038320314,-2.179468,-1.710044 
3,1576154943116,-2.2752686,-3.5829494,-1.8824854 
3,1576154943139,-4.3349857,-4.8044095,-2.672842 
3,1576154943157,-6.365962,-5.609136,-4.1146436 
3,1576154943179,-8.0999565,-6.375542,-5.997129 
3,1576154943198,-9.690249,-7.3527102,-7.074888 
3,1576154943221,-11.352393,-8.626861,-6.8880763 
3,1576154943242,-16.635807,-9.230406,-5.9252787 
3,1576154943261,-25.382418,-7.711963,-6.6246243 
3,1576154943279,-30.847853,-4.9337406,-10.461446 
3,1576154943302,-31.887291,-3.5637891,-11.931988 
3,1576154943321,-32.241753,-3.391348,-8.856783 
3,1576154943342,-30.785582,-3.276387,-7.1371584 
3,1576154943363,-26.86254,-3.420088,-7.8844047 
3,1576154943382,-22.958658,-3.9278321,-7.6017923 
3,1576154943403,-19.840343,-4.4691067,-6.222261 
3,1576154943422,-17.627344,-4.7086086,-5.613926 
3,1576154943442,-15.86461,-4.905,-6.0833497 
3,1576154943460,-13.986915,-4.996011,-6.844966 
3,1576154943480,-11.491304,-4.88584,-7.5299416 
3,1576154943498,-8.689131,-4.5744877,-7.4006104 
3,1576154943518,-6.2701616,-3.999683,-6.2031007 
3,1576154943537,-4.263135,-3.4919386,-4.4691067 
3,1576154943558,-1.8154249,-2.7255323,-3.3578174 
3,1576154943578,0.8286768,-1.5567628,-3.2572267 
3,1576154943601,1.8824854,0.043110352,-3.0847852 
3,1576154943621,2.083667,1.6094532,-2.2129982 
3,1576154943643,3.4631984,3.0895753,-1.456172 
3,1576154943660,5.3025737,4.3541455,0.038320314 
3,1576154943682,6.8018556,5.752837,1.9591261 
3,1576154943703,8.396939,7.4101906,2.7303224 
3,1576154943724,10.255474,9.220825,2.4525 
3,1576154943745,12.300821,10.571617,2.5004005 
3,1576154943763,13.177398,10.8925495,3.8272414 
3,1576154943782,12.899576,10.571617,5.4462748 
3,1576154943801,12.25771,9.929751,5.5229154 
3,1576154943823,11.366763,9.196876,3.4296682 
3,1576154943842,10.111773,8.377779,1.4226416 
3,1576154943860,8.909473,7.27128,0.5221143 
3,1576154943882,7.5874224,6.09772,0.34967285 
3,1576154943903,6.332432,4.8139896,0.43589357 
3,1576154943922,5.1157618,3.6164796,0.3879932 
3,1576154943946,3.9805226,2.4716604,0.009580079 
3,1576154943963,2.687212,1.2502003,-0.06227051 
3,1576154943983,1.1112891,-0.023950197,-0.18681154 
3,1576154944001,-0.60354495,-1.1735597,-0.5364844 
3,1576154944021,-2.43813,-2.2465284,-1.2454102 
3,1576154944040,-4.5649076,-3.0608351,-2.0261867 
3,1576154944061,-5.944439,-3.7458107,-3.4488282 
3,1576154944081,-7.879615,-4.4738965,-3.8799317 
3,1576154944102,-9.350157,-5.096602,-4.703819 
3,1576154944123,-10.2315235,-5.7145166,-6.07856 
3,1576154944143,-12.022999,-6.461763,-6.4905033 
3,1576154944166,-15.567628,-6.710845,-6.466553 
3,1576154944184,-19.897823,-6.006709,-7.510782 
3,1576154944203,-23.2269,-5.216353,-9.0004835 
3,1576154944225,-25.832682,-4.6607084,-9.292676 
3,1576154944243,-28.141481,-4.129014,-9.029224 
3,1576154944265,-28.754606,-3.530259,-9.038804 
3,1576154944284,-27.073301,-3.2428565,-8.947793 
3,1576154944307,-24.093897,-3.2476466,-8.004155 
3,1576154944323,-20.434307,-3.5542092,-7.0988383 
3,1576154944347,-17.368683,-3.6068995,-6.461763 
3,1576154944365,-15.299385,-3.2811768,-6.13604 
3,1576154944388,-13.124707,-2.9171338,-6.3994923 
3,1576154944408,-11.299703,-2.5770411,-6.557564 
3,1576154944427,-9.699829,-2.1746778,-6.2605815 
3,1576154944448,-8.655601,-1.5998731,-5.5324955 
3,1576154944467,-8.1143265,-1.0538087,-4.86189 
3,1576154944486,-7.0269876,-0.74724615,-4.5792775 
3,1576154944506,-5.5468655,-0.5508545,-4.119434 
3,1576154944523,-4.061953,-0.32093263,-3.420088 
3,1576154944544,-2.8309133,0.081430666,-2.548301 
3,1576154944563,-1.7675245,0.68976563,-1.7866846 
3,1576154944584,-0.42152345,1.6860938,-1.5567628 
3,1576154944606,0.63707525,2.955454,-1.096919 
3,1576154944628,1.8058448,4.2008643,-0.26345217 
3,1576154944649,3.046465,5.398374,0.6562354 
3,1576154944669,3.8080812,6.706055,1.465752 
3,1576154944690,4.4834766,8.167017,1.6046631 
3,1576154944709,5.4750147,9.479487,1.1975098 
3,1576154944728,6.351592,10.466236,1.1448194 
3,1576154944749,7.5155716,11.01709,1.0873389 
3,1576154944767,8.847202,11.304493,0.41194338 
3,1576154944787,9.75731,11.280542,-0.09101075 
3,1576154944809,10.083033,10.882969,-0.2203418 
3,1576154944827,10.092612,10.250684,-0.39757326 
3,1576154944848,9.666299,9.407638,-0.41194338 
3,1576154944868,9.019644,8.449629,-0.15328126 
3,1576154944889,8.248447,7.4676714,0.05269043 
3,1576154944915,7.185059,6.375542,0.34488282 
3,1576154944930,5.992339,5.254673,0.6610254 
3,1576154944951,4.9864306,4.047583,0.732876 
3,1576154944973,4.071533,2.7734327,0.68976563 
3,1576154944990,3.0177248,1.465752,0.5221143 
3,1576154945010,1.5615528,0.033530276,0.019160157 
3,1576154945033,-0.2682422,-1.3986914,-0.57001466 
3,1576154945048,-2.2608986,-2.682422,-1.4897022 
3,1576154945067,-4.018843,-3.788921,-2.7111623 
3,1576154945092,-5.815108,-4.8331494,-3.5829494 
3,1576154945106,-8.119117,-5.848638,-4.311035 
3,1576154945128,-10.897339,-6.2893214,-5.484595 
3,1576154945156,-13.680352,-6.375542,-6.8737063 
3,1576154945175,-16.707657,-5.992339,-7.965835 
3,1576154945189,-19.126627,-5.4031644,-8.875943 
3,1576154945209,-21.109703,-5.0630717,-8.952583 
3,1576154945232,-24.089108,-4.5936475,-7.879615 
3,1576154945252,-27.379864,-4.1960745,-7.074888 
3,1576154945271,-30.646671,-3.65959,-7.3000197 
3,1576154945290,-31.034664,-2.8404932,-8.665181 
3,1576154945312,-26.81464,-2.936294,-9.632769 
3,1576154945332,-21.9767,-3.4919386,-7.831714 
3,1576154945351,-18.42728,-3.803291,-5.728887 
3,1576154945373,-15.93167,-3.6500099,-5.633086 
3,1576154945393,-14.413228,-3.410508,-6.327642 
3,1576154945413,-12.602593,-3.396138,-6.3707523 
3,1576154945433,-10.073453,-3.3338673,-6.4330225 
3,1576154945453,-8.243657,-3.1853762,-6.006709 
3,1576154945472,-6.7683253,-3.0608351,-4.9385304 
3,1576154945491,-5.005591,-2.7063723,-4.095484 
3,1576154945515,-3.051255,-2.1028273,-3.7649708 
3,1576154945529,-1.829795,-1.2310401,-2.9458742 
3,1576154945549,-0.74724615,-0.32093263,-1.9687061 
3,1576154945568,0.7807764,0.8143067,-1.3124708 
3,1576154945589,2.663262,2.3135889,-0.46463382 
3,1576154945609,4.3445654,4.1625443,0.46463382 
3,1576154945633,5.824688,6.0019193,1.1112891 
3,1576154945653,6.945557,7.573052,1.8106349 
3,1576154945672,7.654483,8.842413,2.9746144 
3,1576154945694,8.090376,9.81958,3.4631984 
3,1576154945715,8.669971,10.413546,2.8836036 
3,1576154945734,9.311836,10.729688,1.585503 
3,1576154945754,9.407638,10.902129,0.53169435 
3,1576154945775,9.172925,10.729688,-0.028740235 
3,1576154945795,8.885523,10.154883,-0.047900394 
3,1576154945815,8.454419,9.479487,0.3065625 
3,1576154945835,8.090376,8.804092,0.71371585 
3,1576154945850,7.5395217,7.9562554,1.0106983 
3,1576154945870,6.782696,7.103628,1.1064991 
3,1576154945895,6.09772,6.183941,0.9867481 
3,1576154945916,5.4366946,5.0343313,0.8909473 
3,1576154945936,4.6846585,3.8607717,0.76161623 
3,1576154945955,3.8559816,2.548301,0.1341211 
3,1576154945973,2.682422,1.0729688,-0.29698244 
3,1576154945995,0.6993457,-0.22992188,-0.14370118 
3,1576154946019,-1.2358302,-1.2454102,-0.852627 
3,1576154946032,-2.0932472,-2.4141798,-3.0368848 
3,1576154946051,-3.0033545,-3.7218604,-4.89542 
3,1576154946071,-6.5144534,-5.0199614,-4.0427933 
3,1576154946093,-11.151212,-4.9529004,-3.803291 
3,1576154946114,-13.110337,-4.3637257,-8.056846 
3,1576154946135,-13.134288,-4.6128078,-12.832515 
3,1576154946156,-15.634688,-4.6846585,-12.506792 
3,1576154946178,-19.337389,-4.181704,-9.77168 
3,1576154946195,-22.446123,-4.009263,-8.602911 
3,1576154946215,-26.148825,-3.032095,-9.062755 
3,1576154946237,-27.600206,-2.2321582,-10.504556 
3,1576154946258,-27.025402,-1.8537452,-10.475816 
3,1576154946275,-25.186026,-1.8250049,-9.0148535 
3,1576154946296,-22.618565,-1.8633252,-8.329878 
3,1576154946318,-19.385288,-2.088457,-8.258028 
3,1576154946338,-17.11002,-2.3566992,-7.5874224 
3,1576154946358,-15.668219,-2.5004005,-6.8832865 
3,1576154946378,-13.814473,-2.5578809,-6.8928666 
3,1576154946398,-11.577525,-2.7159522,-6.964717 
3,1576154946418,-9.216036,-2.816543,-6.5719337 
3,1576154946438,-7.683223,-2.5578809,-5.6187162 
3,1576154946459,-6.222261,-2.2225783,-4.9385304 
3,1576154946478,-4.493057,-1.7531544,-4.6990285 
3,1576154946499,-2.8931837,-1.0490186,-4.191284 
3,1576154946519,-1.839375,-0.19160157,-2.9506643 
3,1576154946534,-0.2203418,0.5364844,-2.1171973 
3,1576154946559,1.7387843,1.6525636,-1.4130616 
3,1576154946573,3.415298,3.0656252,-0.6514453 
3,1576154946595,4.905,4.598438,-0.36883304 
3,1576154946614,6.5240335,6.1552005,0.028740235 
3,1576154946639,7.8748245,7.5970025,0.91010743 
3,1576154946658,9.570498,8.794512,1.5280225 
3,1576154946677,11.251802,9.70941,1.9399658 
3,1576154946697,12.26729,10.380015,2.1363575 
3,1576154946717,12.310401,10.614727,2.0022364 
3,1576154946739,11.567945,10.538086,1.2022998 
3,1576154946759,10.552457,10.356065,0.27303225 
3,1576154946780,9.517808,9.920172,-0.06227051 
3,1576154946800,8.650811,9.196876,-0.028740235 
3,1576154946819,7.831714,8.382568,0.1580713 
3,1576154946843,6.9551373,7.5970025,0.14370118 
3,1576154946859,6.1216702,6.7683253,0.014370117 
3,1576154946878,5.3073635,5.8821683,-0.086220704 
3,1576154946901,4.727769,4.799619,-0.100590825 
3,1576154946921,4.2918754,3.5110989,-0.033530276 
3,1576154946941,3.3817677,2.1124072,-0.39278322 
3,1576154946962,1.9303858,0.75203615,-1.0490186 
3,1576154946980,0.047900394,-0.47900394,-1.5184424 
3,1576154947002,-1.8489552,-1.6238233,-2.3471193 
3,1576154947028,-3.1997461,-2.7494826,-3.755391 
3,1576154947036,-4.014053,-3.923042,-5.029541 
3,1576154947063,-5.724097,-5.345684,-4.679868 
3,1576154947077,-9.216036,-6.4090724,-3.7362306 
3,1576154947097,-13.043277,-6.864126,-4.488267 
3,1576154947118,-16.96632,-6.2797413,-6.9311867 
3,1576154947139,-19.48588,-5.120552,-9.604029 
3,1576154947162,-20.77919,-4.517007,-9.5561285 
3,1576154947183,-22.182673,-4.4595265,-6.5192432 
3,1576154947200,-24.46273,-4.2056546,-4.5553274 
3,1576154947220,-27.207422,-3.415298,-5.4414845 
3,1576154947242,-28.457623,-2.7638526,-7.117998 
3,1576154947263,-27.264904,-2.4908204,-7.5874224 
3,1576154947282,-23.820866,-2.7542725,-7.031778 
3,1576154947300,-19.907404,-3.2572267,-5.863008 
3,1576154947323,-17.957857,-3.3434474,-4.785249 
3,1576154947341,-16.597486,-3.2141163,-5.388794 
3,1576154947363,-14.523399,-3.0943654,-6.835386 
3,1576154947383,-12.966637,-2.9794044,-6.782696 
3,1576154947403,-11.151212,-3.0608351,-6.2893214 
3,1576154947424,-8.57417,-3.2524366,-6.2989016 
3,1576154947443,-6.567144,-2.9027638,-6.06419 
3,1576154947465,-4.8379397,-2.2848487,-5.7815776 
3,1576154947482,-2.663262,-1.5950831,-5.733677 
3,1576154947502,-0.7089258,-0.7424561,-5.1157618 
3,1576154947519,0.53169435,0.3065625,-3.9469924 
3,1576154947540,2.088457,1.5232325,-3.1231055 
3,1576154947560,3.6691701,2.9650342,-2.3327491 
3,1576154947580,5.0822315,4.493057,-1.22146 
3,1576154947600,6.6533647,6.0450296,-0.16286133 
3,1576154947624,8.056846,7.4101906,0.87178713 
3,1576154947643,9.192085,8.780142,1.6429834 
3,1576154947664,10.260264,9.862691,1.7818946 
3,1576154947685,10.710527,10.509346,1.3603711 
3,1576154947705,11.045831,10.662627,0.91010743 
3,1576154947725,11.476934,10.542876,0.6849756 
3,1576154947746,11.352393,10.202784,0.50774413 
3,1576154947766,10.432706,9.72378,0.39757326 
3,1576154947786,9.575289,9.2256155,0.033530276 
3,1576154947806,8.626861,8.56938,-0.1341211 
3,1576154947825,7.549102,7.774234,0.038320314 
3,1576154947843,6.672525,6.854546,0.18681154 
3,1576154947864,6.05461,5.7959476,0.22513184 
3,1576154947885,5.3792143,4.5744877,0.12933107 
3,1576154947905,4.502637,3.2284865,0.19160157 
3,1576154947925,3.276387,1.8441651,0.14370118 
3,1576154947946,1.949546,0.5364844,-0.4981641 
3,1576154947967,0.50774413,-0.5125342,-1.6621436 
3,1576154947985,-1.0106983,-1.6621436,-2.5291407 
3,1576154948006,-2.9937747,-3.0129347,-2.5339308 
3,1576154948023,-5.1636624,-3.9661524,-2.9219239 
3,1576154948043,-7.510782,-4.5696974,-4.0571632 
3,1576154948063,-8.976534,-4.761299,-6.0593996 
3,1576154948081,-9.910591,-5.6761966,-7.2808595 
3,1576154948102,-13.263618,-6.437813,-5.992339 
3,1576154948124,-17.766256,-5.6666164,-5.815108 
3,1576154948144,-20.166065,-4.4259963,-7.9706254 
3,1576154948165,-21.660557,-4.239185,-9.057964 
3,1576154948186,-24.831564,-3.8320315,-8.416099 
3,1576154948205,-27.490036,-3.056045,-8.760982 
3,1576154948225,-29.23361,-2.193838,-9.283096 
3,1576154948246,-28.558214,-1.9016455,-9.081915 
3,1576154948267,-24.783663,-2.308799,-8.028106 
3,1576154948286,-20.453468,-2.8979738,-6.638994 
3,1576154948308,-18.082397,-2.9985645,-5.470225 
3,1576154948327,-16.635807,-2.931504,-5.7624173 
3,1576154948346,-15.0359335,-3.046465,-6.7731156 
3,1576154948369,-13.512701,-3.2332766,-6.9311867 
3,1576154948389,-11.156001,-3.5063088,-6.844966 
3,1576154948409,-9.038804,-3.4584084,-6.365962 
3,1576154948429,-7.9083548,-2.955454,-5.6570363 
3,1576154948449,-6.246211,-2.42855,-5.839058 
3,1576154948469,-4.282295,-1.7531544,-5.7863674 
3,1576154948489,-2.42855,-0.91010743,-5.144502 
3,1576154948509,-0.7232959,0.033530276,-4.4403663 
3,1576154948528,0.32093263,1.2981006,-3.295547 
3,1576154948545,1.2022998,2.7063723,-2.1555176 
3,1576154948571,2.8357031,3.8895118,-1.9160157 
3,1576154948585,4.8187795,5.0199614,-1.6860938 
3,1576154948605,6.672525,6.11209,-0.8813672 
3,1576154948635,8.195757,7.31918,0.14849122 
3,1576154948649,9.067544,8.344249,0.8095166 
3,1576154948669,10.025552,9.168135,1.0442286 
3,1576154948694,11.06978,9.68067,1.346001 
3,1576154948710,11.773916,9.82437,1.7292042 
3,1576154948729,11.936778,9.800421,1.8729054 
3,1576154948753,11.342813,9.570498,1.9734962 
3,1576154948771,10.183623,9.101074,2.0980372 
3,1576154948791,8.971744,8.636441,1.6477735 
3,1576154948812,8.018526,8.143066,0.8813672 
3,1576154948830,7.3622904,7.3814507,0.36883304 
3,1576154948849,6.715635,6.3707523,0.13891114 
3,1576154948869,5.9540186,5.206773,0.20118165 
3,1576154948892,5.225933,3.9901028,0.15328126 
3,1576154948911,4.1002736,2.6967921,-0.081430666 
3,1576154948932,2.3662794,1.3028907,-0.64186525 
3,1576154948952,0.488584,0.06227051,-1.4178516 
3,1576154948972,-0.71371585,-1.1687696,-2.692002 
3,1576154948992,-1.695674,-2.787803,-3.7027004 
3,1576154949011,-3.8895118,-4.3349857,-3.7649708 
3,1576154949034,-6.1216702,-5.0822315,-3.9805226 
3,1576154949046,-8.042476,-5.6522465,-4.2152348 
3,1576154949067,-9.929751,-6.4138627,-4.5457473 
3,1576154949088,-12.554693,-6.959927,-5.0726514 
3,1576154949108,-16.300503,-6.6294146,-6.576724 
3,1576154949129,-20.180435,-5.944439,-7.965835 
3,1576154949151,-24.984844,-5.0582814,-7.941885 
3,1576154949170,-30.095818,-3.7218604,-8.195757 
3,1576154949192,-32.91236,-2.3806496,-9.077125 
3,1576154949211,-32.371086,-1.9255958,-8.856783 
3,1576154949230,-28.970158,-2.3950195,-7.34313 
3,1576154949253,-24.156168,-3.1374757,-6.2749515 
3,1576154949272,-20.185225,-3.5685792,-5.360054 
3,1576154949292,-17.818947,-3.6452198,-4.7708793 
3,1576154949313,-16.180752,-3.6308498,-5.3121533 
3,1576154949329,-14.240787,-3.8272414,-6.222261 
3,1576154949353,-12.080479,-3.7314405,-6.480923 
3,1576154949375,-9.992022,-3.5110989,-6.1887307 
3,1576154949395,-8.157437,-3.2284865,-5.815108 
3,1576154949415,-6.744375,-2.6584718,-5.5420756 
3,1576154949434,-5.374424,-2.1124072,-5.120552 
3,1576154949454,-3.6548,-1.5280225,-4.277505 
3,1576154949474,-1.4322218,-0.7807764,-3.2141163 
3,1576154949494,0.033530276,0.20118165,-2.078877 
3,1576154949513,0.71371585,1.4322218,-1.1304493 
3,1576154949540,1.9878663,2.8452833,-0.9196875 
3,1576154949550,3.6260598,4.2152348,-0.5125342 
3,1576154949572,5.494175,5.4510646,-0.019160157 
3,1576154949590,6.7779055,6.725215,0.37362307 
3,1576154949610,7.472461,7.999366,0.87178713 
3,1576154949631,8.454419,8.871153,1.0729688 
3,1576154949654,9.608819,9.445957,0.9388477 
3,1576154949673,10.279425,10.025552,0.7807764 
3,1576154949695,10.605147,10.308165,0.51732427 
3,1576154949715,11.04104,10.111773,0.17244141 
3,1576154949734,10.950029,9.75252,0.038320314 
3,1576154949756,10.183623,9.302257,0.047900394 
3,1576154949772,9.388477,8.62207,0.038320314 
3,1576154949794,8.54064,7.8029737,0.23950197 
3,1576154949816,7.678433,6.854546,0.60354495 
3,1576154949832,6.864126,5.733677,0.92926764 
3,1576154949853,6.0498195,4.5744877,1.1304493 
3,1576154949873,5.158872,3.3673975,1.0585986 
3,1576154949895,4.1146436,1.949546,0.46942386 
3,1576154949916,2.811753,0.47900394,-0.2778223 
3,1576154949937,1.3220508,-0.852627,-1.4226416 
3,1576154949957,-0.22992188,-2.3566992,-2.6393116 
3,1576154949975,-2.1315675,-3.8511915,-3.1614258 
3,1576154949996,-4.387676,-5.087022,-3.8080812 
3,1576154950017,-6.7300053,-5.9156985,-5.039121 
3,1576154950033,-9.85311,-6.351592,-6.1743608 
3,1576154950053,-13.009747,-6.3084817,-8.698711 
3,1576154950073,-14.207256,-6.0498195,-10.887759 
3,1576154950094,-15.122154,-5.4989653,-8.828042 
3,1576154950114,-16.386724,-6.231841,-5.872588 
3,1576154950135,-22.369484,-6.236631,-4.8091993 
3,1576154950156,-28.903097,-4.550537,-8.406519 
3,1576154950177,-32.179485,-3.0847852,-10.7871685 
3,1576154950194,-32.754288,-2.308799,-8.49753 
3,1576154950216,-29.391682,-2.931504,-6.1791506 
3,1576154950236,-24.778873,-3.0895753,-5.5803957 
3,1576154950259,-21.090544,-3.1135256,-5.8965383 
3,1576154950278,-18.460812,-3.2476466,-6.4282327 
3,1576154950297,-17.253721,-3.2859669,-6.8832865 
3,1576154950319,-16.185543,-3.3338673,-7.664063 
3,1576154950339,-13.646822,-3.6452198,-8.0999565 
3,1576154950359,-10.715318,-3.8464015,-7.5874224 
3,1576154950379,-8.598121,-3.6548,-6.567144 
3,1576154950399,-7.089258,-3.151846,-5.8198977 
3,1576154950419,-5.254673,-2.5770411,-5.4175344 
3,1576154950439,-2.9650342,-1.949546,-5.010381 
3,1576154950459,-1.0154883,-1.1687696,-3.9182522 
3,1576154950477,0.5508545,-0.2921924,-2.3662794 
3,1576154950497,1.6573536,1.0585986,-1.2885206 
3,1576154950518,2.5339308,2.5051906,-0.86220706 
3,1576154950538,3.0416749,3.8847218,-0.26345217 
3,1576154950556,3.8176613,5.144502,0.17723145 
3,1576154950578,4.8139896,6.2941117,0.39757326 
3,1576154950596,5.5420756,7.3718705,1.1543995 
3,1576154950615,6.4282327,8.234077,1.8441651 
3,1576154950637,7.558682,9.067544,1.6860938 
3,1576154950660,8.679551,9.872271,1.0154883 
3,1576154950681,9.398057,10.207574,0.8861573 
3,1576154950697,9.78605,10.126143,0.9053174 
3,1576154950721,9.872271,9.872271,0.76161623 
3,1576154950741,9.388477,9.5561285,0.6227051 
3,1576154950761,8.828042,9.115445,0.45505372 
3,1576154950782,8.49274,8.49753,0.28740236 
3,1576154950802,8.344249,7.6257424,0.5460645 
3,1576154950819,8.267608,6.615044,0.8669971 
3,1576154950841,7.822134,5.508545,1.1400293 
3,1576154950859,6.715635,4.267925,1.336421 
3,1576154950876,5.3408937,3.0081446,1.1687696 
3,1576154950902,3.8799317,1.7723145,0.27303225 
3,1576154950922,2.2752686,0.34009278,-0.7376661 
3,1576154950942,1.0059083,-1.0394385,-1.7771046 
3,1576154950962,-0.28261232,-2.7590625,-2.5914114 
3,1576154950983,-2.2273684,-4.7325587,-2.9410841 
3,1576154951002,-4.9720607,-6.327642,-3.4344583 
3,1576154951022,-7.5203614,-7.414981,-5.5229154 
3,1576154951043,-11.405084,-8.152647,-7.3000197 
3,1576154951058,-16.731607,-7.965835,-8.133487 
3,1576154951083,-21.186344,-6.6581545,-8.823253 
3,1576154951099,-22.498814,-5.2834134,-8.995694 
3,1576154951119,-22.762266,-5.216353,-7.1706886 
3,1576154951141,-25.334518,-4.8139896,-4.5601172 
3,1576154951163,-28.491154,-3.7218604,-4.981641 
3,1576154951183,-30.105396,-2.5866213,-7.046148 
3,1576154951202,-28.04568,-2.3950195,-7.999366 
3,1576154951221,-24.041206,-2.8644435,-6.4905033 
3,1576154951243,-19.984043,-3.271597,-4.8523097 
3,1576154951263,-17.224981,-3.3242872,-4.402046 
3,1576154951281,-16.061,-3.171006,-4.91937 
3,1576154951304,-15.083834,-3.0799952,-5.9875493 
3,1576154951326,-13.34505,-3.1231055,-6.7539554 
3,1576154951344,-11.452984,-3.2524366,-6.342012 
3,1576154951364,-9.565708,-3.3242872,-5.5372853 
3,1576154951385,-8.138277,-2.907554,-4.718189 
3,1576154951405,-6.461763,-2.3662794,-4.751719 
3,1576154951425,-4.5457473,-1.6860938,-4.89542 
3,1576154951445,-2.663262,-0.9915381,-4.181704 
3,1576154951465,-1.096919,-0.22513184,-2.7446926 
3,1576154951486,0.28740236,0.76161623,-1.7675245 
3,1576154951504,2.4333398,2.0357666,-1.7435743 
3,1576154951524,5.0487013,3.5015187,-1.456172 
3,1576154951542,5.9156985,5.4414845,-0.047900394 
3,1576154951561,5.8917484,6.912027,1.0011182 
3,1576154951584,6.586304,8.224498,0.87178713 
3,1576154951602,7.2808595,9.503438,0.91010743 
3,1576154951623,7.33355,10.442286,1.096919 
3,1576154951643,7.774234,11.0123005,0.39278322 
3,1576154951665,8.449629,11.156001,-0.35925296 
3,1576154951686,9.105865,10.854229,-0.7664063 
3,1576154951705,9.532178,10.442286,-1.3795313 
3,1576154951723,9.273516,9.862691,-1.4418018 
3,1576154951742,8.420889,9.115445,-0.85741705 
3,1576154951763,7.3479204,8.382568,-0.2682422 
3,1576154951787,6.5384035,7.6592727,0.19160157 
3,1576154951807,6.07856,6.7683253,0.67539555 
3,1576154951826,5.613926,5.7767873,0.977168 
3,1576154951846,5.000801,4.761299,1.1448194 
3,1576154951866,4.2296047,3.68354,0.9867481 
3,1576154951886,3.3578174,2.4572902,0.39278322 
3,1576154951907,2.1459377,1.0585986,-0.023950197 
3,1576154951925,0.81909674,-0.19160157,-0.48379397 
3,1576154951946,-0.26345217,-1.6765138,-1.4082716 
3,1576154951968,-1.7004639,-3.5110989,-2.4572902 
3,1576154951988,-4.296665,-5.125342,-3.2380664 
3,1576154952007,-7.070098,-6.1456203,-4.7469287 
3,1576154952028,-10.092612,-6.6198344,-6.5336137 
3,1576154952054,-12.281661,-6.4186525,-9.374106 
3,1576154952066,-12.957056,-6.959927,-10.274634 
3,1576154952085,-14.475498,-7.3814507,-8.58854 
3,1576154952103,-17.488434,-7.1419487,-7.774234 
3,1576154952124,-21.722828,-6.821016,-8.277188 
3,1576154952148,-26.76195,-6.1695704,-9.513018 
3,1576154952170,-31.844181,-4.7804594,-11.108101 
3,1576154952189,-33.08001,-3.8751419,-12.042159 
3,1576154952211,-29.846735,-4.0427933,-10.523716 
3,1576154952232,-24.821983,-4.7229786,-7.783814 
3,1576154952249,-20.003204,-5.345684,-6.222261 
3,1576154952270,-17.402212,-5.4462748,-5.767207 
3,1576154952293,-16.152012,-5.4175344,-6.6485744 
3,1576154952309,-14.456339,-5.599556,-7.8269243 
3,1576154952330,-11.788286,-6.016289,-8.090376 
3,1576154952356,-9.148975,-5.910908,-7.046148 
3,1576154952370,-7.7407036,-5.4750147,-5.5372853 
3,1576154952390,-6.346802,-4.785249,-5.0678616 
3,1576154952416,-4.1625443,-3.9517825,-5.589976 
3,1576154952430,-2.6536818,-2.912344,-5.2115626 
3,1576154952450,-1.6525636,-1.8106349,-3.894302 
3,1576154952466,0.7568262,-0.89573735,-2.8692336 
3,1576154952492,3.5733693,0.3161426,-1.9016455 
3,1576154952510,5.5947657,2.1698878,-0.9053174 
3,1576154952530,7.3718705,4.033213,0.0047900393 
3,1576154952552,8.243657,5.7624173,1.5040723 
3,1576154952567,9.292676,7.2808595,2.2944288 
3,1576154952587,10.509346,8.363408,2.3902297 
3,1576154952606,11.294912,9.115445,2.668052 
3,1576154952627,11.970308,9.5561285,3.056045 
3,1576154952649,12.693604,9.666299,3.0847852 
3,1576154952670,12.482842,9.484278,3.1566358 
3,1576154952691,11.491304,9.139395,3.0177248 
3,1576154952711,10.418335,8.665181,2.43813 
3,1576154952730,9.479487,8.119117,1.8776954 
3,1576154952752,8.57417,7.443721,1.5376027 
3,1576154952771,7.683223,6.6581545,1.1208692 
3,1576154952790,6.758745,5.7863674,0.732876 
3,1576154952810,5.8198977,4.8523097,0.6658155 
3,1576154952832,4.967271,3.7697608,0.39757326 
3,1576154952850,4.009263,2.44292,-0.100590825 
3,1576154952870,2.8404932,0.977168,-0.732876 
3,1576154952892,1.336421,-0.38320315,-1.5950831 
3,1576154952911,-0.19160157,-1.7435743,-2.663262 
3,1576154952933,-1.8824854,-3.027305,-3.923042 
3,1576154952949,-3.5829494,-4.3014555,-5.2977834 
3,1576154952968,-4.5649076,-5.6809864,-6.6198344 
3,1576154952987,-6.9072366,-6.950347,-7.3096 
3,1576154953007,-11.2374325,-7.2760696,-7.151529 
3,1576154953028,-14.825171,-6.744375,-7.7646537 
3,1576154953051,-15.620318,-6.7683253,-10.667418 
3,1576154953068,-17.153131,-7.1419487,-12.042159 
3,1576154953089,-21.430635,-6.8832865,-10.590776 
3,1576154953110,-25.334518,-5.944439,-9.948912 
3,1576154953129,-27.135572,-5.2594633,-10.705738 
3,1576154953153,-28.539055,-4.3062453,-10.360855 
3,1576154953172,-27.834919,-3.8320315,-8.741821 
3,1576154953193,-24.175327,-4.0571632,-8.032896 
3,1576154953214,-20.223545,-4.3541455,-7.3479204 
3,1576154953232,-17.828526,-4.406836,-6.461763 
3,1576154953253,-15.946041,-4.373306,-6.08814 
3,1576154953274,-14.068345,-4.138594,-5.886958 
3,1576154953292,-12.415782,-3.8368216,-5.240303 
3,1576154953315,-10.9644,-3.6068995,-4.9385304 
3,1576154953335,-9.517808,-3.2668068,-5.7480474 
3,1576154953354,-8.52627,-2.7446926,-6.0306597 
3,1576154953376,-7.074888,-2.4668703,-5.599556 
3,1576154953396,-4.5649076,-2.2513185,-5.3121533 
3,1576154953416,-2.8261232,-1.4992822,-4.3158255 
3,1576154953436,-1.5376027,-0.5987549,-3.151846 
3,1576154953456,0.6993457,0.22513184,-2.1315675 
3,1576154953476,3.271597,1.6334034,-0.9963282 
3,1576154953496,5.3121533,3.295547,-0.1101709 
3,1576154953516,6.9934573,5.015171,0.35925296 
3,1576154953535,7.592212,7.046148,0.79993653 
3,1576154953553,7.5155716,8.823253,1.21188 
3,1576154953575,8.4304695,9.920172,1.0873389 
3,1576154953592,10.068663,10.423125,0.6322852 
3,1576154953612,11.242222,10.624307,0.25866213 
3,1576154953632,11.936778,10.475816,0.34009278 
3,1576154953653,11.999048,9.992022,0.29698244 
3,1576154953676,10.91171,9.335787,0.5412744 
3,1576154953697,9.623189,8.641231,0.43110353 
3,1576154953716,8.5598,7.8844047,0.100590825 
3,1576154953738,7.5203614,7.0078273,-0.06227051 
3,1576154953757,6.5288234,6.12646,-0.009580079 
3,1576154953777,5.738467,5.125342,0.41194338 
3,1576154953799,4.799619,4.0859036,0.62749517 
3,1576154953816,3.7937112,3.0368848,0.4742139 
3,1576154953836,2.6441016,1.8441651,-0.12454102 
3,1576154953855,1.4274317,0.488584,-0.57001466 
3,1576154953876,0.0047900393,-0.9053174,-0.8047266 
3,1576154953898,-1.3555812,-2.42376,-1.585503 
3,1576154953919,-2.931504,-3.8272414,-3.9326222 
3,1576154953939,-4.905,-5.623506,-5.752837 
3,1576154953959,-10.801538,-6.236631,-4.0427933 
3,1576154953979,-16.583117,-4.521797,-3.755391 
3,1576154953997,-14.566509,-4.143384,-8.372989 
3,1576154954017,-12.712764,-5.3935843,-9.857901 
3,1576154954038,-15.514937,-5.997129,-6.696475 
3,1576154954063,-19.026035,-5.5420756,-4.727769 
3,1576154954075,-20.496578,-4.8379397,-6.4282327 
3,1576154954097,-21.799469,-4.622388,-8.171807 
3,1576154954114,-24.510632,-4.248765,-7.678433 
3,1576154954135,-26.230255,-3.803291,-7.4580913 
3,1576154954155,-25.746462,-3.5973196,-7.8604546 
3,1576154954178,-24.089108,-3.65959,-7.391031 
3,1576154954199,-21.665348,-4.3158255,-6.361172 
3,1576154954219,-20.051104,-4.6607084,-5.1684523 
3,1576154954237,-18.3219,-4.5696974,-5.264253 
3,1576154954260,-15.687379,-4.670288,-6.1216702 
3,1576154954278,-13.383369,-4.5888577,-6.318062 
3,1576154954299,-11.294912,-4.430786,-5.8965383 
3,1576154954322,-9.297466,-4.047583,-5.1780324 
3,1576154954339,-7.0126176,-3.6500099,-4.5601172 
3,1576154954356,-4.86189,-3.1326857,-3.8368216 
3,1576154954380,-3.1853762,-2.318379,-3.2811768 
3,1576154954399,-1.2454102,-1.3795313,-2.9937747 
3,1576154954419,0.39757326,-0.28740236,-2.0309765 
3,1576154954441,1.6717237,0.9484278,-0.76161623 
3,1576154954462,3.0656252,2.4716604,0.06706055 
3,1576154954482,4.3493557,4.133804,0.44547364 
3,1576154954502,5.2019825,5.704937,1.0346485 
3,1576154954521,5.848638,6.983877,1.7148341 
3,1576154954542,7.2760696,8.008945,2.078877 
3,1576154954565,9.536968,8.875943,1.949546 
3,1576154954579,11.443404,9.536968,1.8058448 
3,1576154954599,12.502003,9.901011,2.1219873 
3,1576154954618,12.909156,9.963282,2.2944288 
3,1576154954638,12.439732,9.79563,1.705254 
3,1576154954657,11.290123,9.517808,0.7424561 
3,1576154954679,10.226734,8.952583,0.10538086 
3,1576154954700,9.259146,8.167017,-0.22992188 
3,1576154954719,8.085587,7.2616997,-0.12933107 
3,1576154954742,6.8737063,6.183941,0.17723145 
3,1576154954762,5.8342676,5.000801,0.1580713 
3,1576154954782,4.8906302,3.6931202,-0.1820215 
3,1576154954803,3.8511915,2.193838,-0.68018556 
3,1576154954823,2.567461,0.5604346,-1.1975098 
3,1576154954841,0.9484278,-1.0394385,-1.7771046 
3,1576154954861,-0.488584,-2.7111623,-2.682422 
3,1576154954881,-1.5088624,-4.4691067,-3.9757326 
3,1576154954904,-3.7410207,-6.375542,-4.3445654 
3,1576154954925,-7.932305,-7.165899,-4.3206153 
3,1576154954944,-11.203902,-6.7300053,-5.973179 
3,1576154954964,-12.410992,-6.6437845,-8.832832 
3,1576154954982,-13.828843,-6.940767,-9.718989 
3,1576154955003,-16.698076,-6.6581545,-8.1143265 
3,1576154955022,-19.164948,-6.744375,-6.9934573 
3,1576154955045,-22.364693,-6.6342044,-7.2664895 
3,1576154955064,-26.618248,-5.738467,-8.602911 
3,1576154955080,-29.34857,-4.6894484,-10.552457 
3,1576154955102,-29.391682,-4.0667434,-11.088941 
3,1576154955120,-26.70447,-4.1960745,-9.74294 
3,1576154955142,-22.666466,-4.617598,-7.7215433 
3,1576154955164,-19.184107,-4.766089,-6.437813 
3,1576154955184,-17.277672,-4.5696974,-6.1073003 
3,1576154955204,-16.137642,-4.378096,-6.935977 
3,1576154955222,-14.413228,-4.4212065,-8.229287 
3,1576154955242,-12.070899,-4.5696974,-8.49753 
3,1576154955264,-9.814791,-4.478687,-7.4820414 
3,1576154955283,-7.434141,-4.1002736,-6.552774 
3,1576154955306,-5.589976,-3.3578174,-5.637876 
3,1576154955326,-4.5792775,-2.5291407,-4.8427296 
3,1576154955346,-3.271597,-1.719624,-4.742139 
3,1576154955366,-2.1076174,-0.7376661,-4.5074267 
3,1576154955386,-0.89573735,0.17244141,-3.9757326 
3,1576154955406,0.67539555,1.2837305,-3.2141163 
3,1576154955424,2.4189699,2.6201515,-2.1411476 
3,1576154955447,3.6260598,3.8559816,-0.8143067 
3,1576154955467,4.8283596,5.326524,0.028740235 
3,1576154955487,6.0833497,6.7970657,0.49337405 
3,1576154955508,7.065308,8.037686,0.9915381 
3,1576154955526,7.9802055,9.292676,1.1591895 
3,1576154955544,9.326206,10.207574,0.79035646 
3,1576154955564,10.605147,10.710527,0.39757326 
3,1576154955583,11.625425,10.835069,-0.1341211 
3,1576154955605,11.9128275,10.791959,-0.8143067 
3,1576154955623,11.194322,10.466236,-1.0202783 
3,1576154955643,10.360855,9.944121,-0.9388477 
3,1576154955667,9.402847,9.2256155,-0.7089258 
3,1576154955687,8.291558,8.420889,-0.21555176 
3,1576154955708,7.194639,7.582632,0.119750984 
3,1576154955725,6.1552005,6.662945,0.19639161 
3,1576154955748,5.130132,5.733677,0.18681154 
3,1576154955769,4.191284,4.7325587,0.1580713 
3,1576154955787,3.4631984,3.6404297,-0.12933107 
3,1576154955809,2.8548634,2.3662794,-0.76161623 
3,1576154955828,2.184258,0.8334668,-1.2597803 
3,1576154955847,0.8047266,-0.64186525,-1.2933106 
3,1576154955867,-0.9532178,-2.069297,-1.7435743 
3,1576154955891,-2.6201515,-3.295547,-2.8883936 
3,1576154955904,-4.191284,-4.493057,-4.1960745 
3,1576154955929,-6.1743608,-5.5420756,-4.799619 
3,1576154955954,-8.167017,-6.2701616,-5.245093 
3,1576154955966,-10.030342,-6.734795,-6.217471 
3,1576154955986,-11.960728,-7.668853,-7.1084185 
3,1576154956015,-15.380816,-8.272398,-7.592212 
3,1576154956028,-20.094215,-7.563472,-8.305928 
3,1576154956047,-23.849606,-6.0689797,-9.843531 
3,1576154956066,-25.751251,-5.613926,-10.030342 
3,1576154956086,-27.705587,-5.2019825,-8.334668 
3,1576154956105,-28.610905,-4.6032276,-7.8365045 
3,1576154956126,-27.868448,-4.0859036,-8.243657 
3,1576154956146,-25.066275,-4.1146436,-8.133487 
3,1576154956170,-21.425846,-4.5840673,-7.414981 
3,1576154956189,-18.436861,-4.967271,-6.5192432 
3,1576154956209,-16.535215,-5.264253,-5.872588 
3,1576154956228,-15.117364,-5.216353,-6.0210795 
3,1576154956248,-13.201348,-4.9337406,-6.8928666 
3,1576154956269,-11.1176815,-4.6654983,-7.194639 
3,1576154956288,-9.172925,-4.4643164,-6.9072366 
3,1576154956307,-7.27128,-4.038003,-6.12646 
3,1576154956331,-5.0582814,-3.3099172,-5.5947657 
3,1576154956353,-3.2572267,-2.3662794,-5.5420756 
3,1576154956372,-1.5711329,-1.0729688,-5.609136 
3,1576154956392,0.1580713,0.1820215,-4.967271 
3,1576154956412,1.2406201,1.2933106,-3.4344583 
3,1576154956432,1.9112257,2.4908204,-2.2513185 
3,1576154956452,3.1853762,3.6212697,-1.710044 
3,1576154956472,5.527705,4.6750784,-1.3507911 
3,1576154956492,7.4964113,6.006709,-0.7376661 
3,1576154956512,8.320298,7.553892,0.39757326 
3,1576154956532,9.307046,8.698711,1.4513819 
3,1576154956552,11.05541,9.560919,1.9160157 
3,1576154956568,12.27208,10.284214,2.4189699 
3,1576154956589,12.616963,10.609937,2.7686427 
3,1576154956611,12.363091,10.408755,2.912344 
3,1576154956628,11.486514,9.920172,2.5243506 
3,1576154956648,10.164463,9.307046,1.4897022 
3,1576154956670,8.775352,8.52627,0.5412744 
3,1576154956692,7.573052,7.6017923,-0.028740235 
3,1576154956713,6.5719337,6.6677346,-0.6993457 
3,1576154956731,5.5708156,5.609136,-1.5663428 
3,1576154956752,4.181704,4.5840673,-1.7387843 
3,1576154956771,2.7638526,3.4823585,-1.3028907 
3,1576154956789,1.341211,2.3662794,-0.60833496 
3,1576154956814,0.043110352,1.3124708,-0.3784131 
3,1576154956833,-0.6610254,0.28261232,-1.0729688 
3,1576154956852,-1.6717237,-0.8143067,-1.4465919 
3,1576154956872,-3.5254688,-1.9687061,-1.2837305 
3,1576154956895,-5.9156985,-2.811753,-1.9160157 
3,1576154956915,-8.784932,-3.1997461,-3.0752053 
3,1576154956935,-11.136841,-3.3147073,-4.430786 
3,1576154956955,-12.377461,-3.391348,-6.0402393 
3,1576154956975,-13.857584,-3.6691701,-6.3899126 
3,1576154956996,-16.635807,-3.7458107,-5.6714063 
3,1576154957016,-19.275118,-3.1422658,-6.557564 
3,1576154957031,-21.464167,-2.299219,-7.4916215 
3,1576154957053,-22.743107,-1.8537452,-7.429351 
3,1576154957075,-24.180119,-1.7627344,-6.806646 
3,1576154957091,-26.254206,-1.4609619,-6.5719337 
3,1576154957111,-26.91523,-1.1352394,-7.4916215 
3,1576154957131,-24.553741,-1.4609619,-7.927515 
3,1576154957152,-21.296515,-2.189048,-6.591094 
3,1576154957175,-18.393751,-2.7303224,-5.5612354 
3,1576154957195,-16.597486,-2.7734327,-5.479805 
3,1576154957216,-14.767691,-2.8644435,-6.1408305 
3,1576154957233,-12.420572,-2.9219239,-6.552774 
3,1576154957253,-10.265054,-2.7063723,-6.5048733 
3,1576154957276,-8.028106,-2.4716604,-6.0354495 
3,1576154957296,-6.016289,-2.0118165,-5.2738333 
3,1576154957318,-4.91937,-1.2789404,-4.253555 
3,1576154957337,-3.535049,-0.4981641,-3.5781593 
3,1576154957357,-1.8681153,0.40715334,-2.7494826 
3,1576154957377,-0.19639161,1.5423926,-1.9303858 
3,1576154957397,1.4130616,2.9794044,-1.8441651 
3,1576154957418,2.8883936,4.3541455,-1.6621436 
3,1576154957438,4.3014555,5.623506,-1.0777588 
3,1576154957458,5.4366946,6.835386,0.038320314 
3,1576154957478,6.557564,7.8556643,0.78556645 
3,1576154957498,7.711963,8.684341,0.9196875 
3,1576154957519,8.732242,9.311836,1.1304493 
3,1576154957536,10.015972,9.671089,1.5615528 
3,1576154957555,11.132051,9.72857,1.9255958 
3,1576154957574,11.524835,9.589659,2.2800586 
3,1576154957594,11.361973,9.211246,2.543511 
3,1576154957616,10.700948,8.780142,1.9399658 
3,1576154957634,9.551338,8.277188,1.0490186 
3,1576154957654,8.272398,7.683223,0.91010743 
3,1576154957677,7.1419487,6.969507,1.0011182 
3,1576154957696,6.0402393,6.1456203,0.9244776 
3,1576154957719,5.0199614,5.249883,0.68018556 
3,1576154957737,3.9422023,4.2343946,0.39278322 
3,1576154957755,3.166216,3.0608351,0.0 
3,1576154957776,2.3566992,1.6669337,-0.57959473 
3,1576154957799,1.1256592,0.14370118,-1.5519727 
3,1576154957815,-0.39278322,-1.4226416,-2.5962012 
3,1576154957839,-2.2465284,-3.0895753,-3.0799952 
3,1576154957857,-4.373306,-4.550537,-3.4009278 
3,1576154957877,-6.581514,-5.733677,-4.009263 
3,1576154957899,-9.048384,-6.5048733,-4.9864306 
3,1576154957920,-10.159674,-7.199429,-6.591094 
3,1576154957939,-11.290123,-8.205338,-7.185059 
3,1576154957958,-14.3749075,-8.765772,-6.3228517 
3,1576154957980,-17.670454,-8.58854,-6.423443 
3,1576154958001,-21.052223,-7.965835,-7.247329 
3,1576154958022,-24.865093,-7.2329593,-8.052056 
3,1576154958040,-28.452833,-6.4186525,-8.962164 
3,1576154958068,-31.168785,-5.1828227,-9.158555 
3,1576154958084,-29.34857,-4.5792775,-9.393267 
3,1576154958096,-24.4771,-5.015171,-8.368198 
3,1576154958117,-20.486998,-5.364844,-5.944439 
3,1576154958137,-18.159039,-5.4175344,-4.5696974 
3,1576154958157,-17.560284,-5.4462748,-4.7229786 
3,1576154958178,-17.498013,-5.216353,-6.198311 
3,1576154958201,-15.797549,-5.125342,-7.917935 
3,1576154958222,-12.770245,-5.125342,-7.8748245 
3,1576154958239,-10.030342,-4.6032276,-6.342012 
3,1576154958259,-7.8652444,-3.9517825,-5.0343313 
3,1576154958280,-6.10251,-3.1566358,-4.3301954 
3,1576154958302,-4.258345,-2.2704787,-4.526587 
3,1576154958323,-2.9027638,-1.1208692,-4.88105 
3,1576154958342,-1.7387843,-0.05269043,-4.7133985 
3,1576154958362,-0.14370118,0.62749517,-3.6212697 
3,1576154958381,0.8334668,1.5184424,-1.6142433 
3,1576154958402,2.1411476,2.668052,-0.67539555 
3,1576154958423,3.9661524,3.9709425,-1.0825489 
3,1576154958443,4.6654983,5.3552637,-0.977168 
3,1576154958463,5.000801,6.701265,-0.67539555 
3,1576154958483,6.351592,7.846084,-0.60354495 
3,1576154958503,7.711963,8.794512,-0.100590825 
3,1576154958521,8.58854,9.604029,0.74724615 
3,1576154958543,9.350157,10.039923,1.6238233 
3,1576154958562,9.915381,10.164463,2.308799 
3,1576154958584,10.130933,10.106983,2.304009 
3,1576154958601,9.75252,9.857901,1.590293 
3,1576154958621,9.053174,9.460327,0.64186525 
3,1576154958639,8.372989,8.746612,0.047900394 
3,1576154958659,7.462881,7.893985,-0.038320314 
3,1576154958681,6.337222,6.9551373,-0.10538086 
3,1576154958704,5.407954,5.9061184,-0.119750984 
3,1576154958724,4.6990285,4.7469287,-0.13891114 
3,1576154958744,4.038003,3.5254688,-0.3065625 
3,1576154958762,3.2189064,2.1315675,-0.5843848 
3,1576154958783,2.069297,0.5221143,-0.91010743 
3,1576154958806,0.33530274,-0.90052736,-1.3220508 
3,1576154958825,-1.2358302,-2.3902297,-2.064507 
3,1576154958843,-3.1901662,-3.8799317,-2.7015822 
3,1576154958864,-5.8821683,-5.024751,-3.515889 
3,1576154958884,-9.057964,-5.6809864,-5.0582814 
3,1576154958905,-11.486514,-6.0019193,-6.8689165 
3,1576154958926,-13.129498,-6.5240335,-7.9849954 
3,1576154958946,-16.769928,-6.7731156,-7.1275783 
3,1576154958966,-20.951632,-6.016289,-6.715635 
3,1576154958986,-22.757477,-5.0582814,-8.133487 
3,1576154959004,-24.280708,-4.751719,-8.435259 
3,1576154959026,-27.451715,-4.4259963,-6.8832865 
3,1576154959046,-29.19529,-3.8559816,-6.940767 
3,1576154959066,-29.200079,-3.3578174,-7.4054008 
3,1576154959083,-26.158405,-3.5925295,-7.563472 
3,1576154959103,-21.627028,-4.2056546,-7.1132083 
3,1576154959121,-18.28358,-4.4738965,-5.949229 
3,1576154959141,-16.084951,-4.3493557,-5.3073635 
3,1576154959162,-14.144986,-4.148174,-5.4606447 
3,1576154959185,-12.008629,-4.0571632,-5.848638 
3,1576154959206,-10.729688,-3.8272414,-5.7145166 
3,1576154959228,-9.163345,-3.4536183,-5.992339 
3,1576154959245,-7.079678,-2.8357031,-6.1887307 
3,1576154959264,-5.5516553,-2.1028273,-5.360054 
3,1576154959286,-4.488267,-1.3124708,-4.1242237 
3,1576154959308,-3.290757,-0.31135255,-3.3290772 
3,1576154959328,-1.9399658,0.7041358,-3.046465 
3,1576154959348,-0.7424561,1.8250049,-2.5291407 
3,1576154959368,-0.07185059,3.0081446,-1.695674 
3,1576154959384,0.732876,3.9853127,-0.8095166 
3,1576154959407,2.069297,4.8427296,-0.13891114 
3,1576154959428,3.391348,5.8438478,0.22513184 
3,1576154959449,4.5313773,6.950347,0.7568262 
3,1576154959469,5.733677,7.8508744,1.0729688 
3,1576154959488,6.638994,8.751402,1.1927198 
3,1576154959507,7.30481,9.575289,1.3939015 
3,1576154959529,8.368198,10.068663,1.3220508 
3,1576154959553,9.498648,10.207574,1.1831397 
3,1576154959569,10.609937,10.063872,1.1687696 
3,1576154959596,11.323653,9.637559,1.1112891 
3,1576154959610,11.00272,9.148975,0.96758795 
3,1576154959627,10.083033,8.650811,0.6514453 
3,1576154959645,9.412427,8.186177,-0.043110352 
3,1576154959671,8.454419,7.6353226,-0.52690434 
3,1576154959685,7.28565,6.878496,-0.488584 
3,1576154959709,6.2749515,5.8917484,-0.488584 
3,1576154959734,5.3552637,4.87626,-0.7711963 
3,1576154959749,4.373306,3.7601807,-0.732876 
3,1576154959767,3.4009278,2.4045997,-0.5556446 
3,1576154959790,2.2369483,0.89573735,-0.75203615 
3,1576154959810,0.76161623,-0.5556446,-1.5998731 
3,1576154959829,-1.341211,-1.8345851,-2.4812403 
3,1576154959849,-4.152964,-3.3578174,-2.7063723 
3,1576154959869,-8.047266,-4.2918754,-3.3147073 
3,1576154959891,-12.042159,-4.0044727,-5.2594633 
3,1576154959909,-14.264737,-3.056045,-7.33355 
3,1576154959931,-14.006075,-3.5254688,-8.368198 
3,1576154959951,-16.401094,-4.4116263,-5.977969 
3,1576154959970,-21.124073,-3.6068995,-4.071533 
3,1576154959989,-23.25085,-2.088457,-5.839058 
3,1576154960012,-22.982609,-2.1076174,-7.3958206 
3,1576154960032,-24.50105,-2.6153615,-6.0306597 
3,1576154960050,-26.076973,-2.9650342,-5.6570363 
3,1576154960071,-26.412277,-2.9506643,-6.7395854 
3,1576154960094,-24.592062,-2.8404932,-7.563472 
3,1576154960107,-21.751568,-3.0177248,-6.337222 
3,1576154960126,-18.681152,-3.166216,-4.8523097 
3,1576154960147,-16.343615,-3.0991554,-4.497847 
3,1576154960168,-14.6671,-2.8261232,-4.9433208 
3,1576154960187,-12.870835,-2.318379,-6.2749515 
3,1576154960212,-10.93087,-1.8872755,-6.964717 
3,1576154960230,-9.378897,-1.6190332,-6.327642 
3,1576154960251,-7.831714,-1.2981006,-5.724097 
3,1576154960271,-6.5048733,-0.7664063,-5.096602 
3,1576154960290,-4.7133985,-0.22513184,-4.9002104 
3,1576154960313,-2.4956105,0.41194338,-4.9385304 
3,1576154960333,-1.0490186,1.2406201,-4.1625443 
3,1576154960353,-0.42152345,2.0166066,-2.682422 
3,1576154960373,0.8334668,2.7303224,-1.7435743 
3,1576154960393,3.3578174,3.5973196,-1.456172 
3,1576154960413,5.8917484,4.7948294,-0.9053174 
3,1576154960435,8.128696,5.872588,-0.16765137 
3,1576154960455,9.7812605,6.9216065,0.3784131 
3,1576154960474,11.496095,7.697593,0.41194338 
3,1576154960493,13.057647,8.248447,0.5748047 
3,1576154960512,14.259947,8.454419,1.1879297 
3,1576154960534,14.8108015,8.459209,2.2225783 
3,1576154960552,14.815592,8.277188,2.9506643 
3,1576154960574,14.063556,8.028106,3.2380664 
3,1576154960591,12.923526,7.7215433,2.6009912 
3,1576154960610,11.510465,7.448511,1.4513819 
3,1576154960630,9.881851,6.950347,0.9963282 
3,1576154960651,8.54064,6.255791,0.68976563 
3,1576154960671,7.165899,5.479805,0.18681154 
3,1576154960692,5.8965383,4.493057,0.05748047 
3,1576154960714,4.9529004,3.396138,-0.05269043 
3,1576154960735,3.9661524,2.1267774,-0.39757326 
3,1576154960754,2.6105714,0.732876,-0.8861573 
3,1576154960775,0.9963282,-0.50774413,-1.7962648 
3,1576154960796,-0.9963282,-1.9734962,-3.1087356 
3,1576154960816,-4.766089,-3.1470559,-3.7410207 
3,1576154960835,-9.230406,-3.290757,-4.6942387 
3,1576154960853,-11.414663,-3.1853762,-6.3084817 
3,1576154960875,-12.046948,-4.1146436,-6.950347 
3,1576154960895,-15.735279,-4.3493557,-5.4031644 
3,1576154960914,-19.49546,-2.802173,-5.134922 
3,1576154960933,-19.279907,-2.0405567,-6.605464 
3,1576154960956,-18.958975,-2.2465284,-6.476133 
3,1576154960977,-20.362457,-2.43813,-5.1924024 
3,1576154960997,-22.297632,-2.672842,-4.3301954 
3,1576154961017,-25.157286,-2.8644435,-4.4499464 
3,1576154961038,-28.333082,-1.9687061,-5.1924024 
3,1576154961055,-27.700798,-1.1831397,-6.3851223 
3,1576154961076,-23.868765,-1.3939015,-6.1504107 
3,1576154961095,-20.554058,-1.9447559,-4.392466 
3,1576154961114,-18.614092,-2.1028273,-3.3099172 
3,1576154961138,-16.827408,-1.7675245,-3.9805226 
3,1576154961153,-14.446758,-1.6094532,-5.2019825 
3,1576154961173,-11.639795,-1.9926564,-5.704937 
3,1576154961197,-8.990904,-2.4716604,-5.364844 
3,1576154961217,-6.792276,-2.3375392,-4.8139896 
3,1576154961238,-4.766089,-1.9255958,-4.4116263 
3,1576154961255,-2.955454,-1.2310401,-4.071533 
3,1576154961276,-1.1879297,-0.36883304,-3.803291 
3,1576154961296,0.100590825,0.75203615,-3.558999 
3,1576154961319,0.98195803,1.954336,-2.692002 
3,1576154961339,2.7973828,3.0799952,-1.7962648 
3,1576154961359,5.2355127,4.526587,-1.1064991 
3,1576154961379,7.27128,5.934859,-0.23471193 
3,1576154961399,8.832832,7.175479,0.6849756 
3,1576154961419,10.4566555,8.076006,1.1687696 
3,1576154961440,12.5738535,8.813672,1.0394385 
3,1576154961460,14.758111,9.216036,0.4406836 
3,1576154961479,16.171173,9.019644,0.364043 
3,1576154961499,16.717237,8.49274,1.1735597 
3,1576154961519,16.324453,8.028106,1.5328126 
3,1576154961539,14.518609,7.6353226,1.0633887 
3,1576154961559,12.147539,7.2616997,0.22992188 
3,1576154961579,9.915381,6.638994,-0.1580713 
3,1576154961597,8.210127,5.872588,-0.3784131 
3,1576154961617,6.854546,4.9529004,-0.9053174 
3,1576154961636,5.8342676,3.7458107,-0.7185059 
3,1576154961656,4.8187795,2.2177882,-0.4263135 
3,1576154961676,3.67875,0.60354495,-0.96758795 
3,1576154961699,2.2513185,-1.1496094,-1.9303858 
3,1576154961719,0.17244141,-3.0799952,-2.6393116 
3,1576154961741,-1.9351759,-5.1061816,-3.3338673 
3,1576154961760,-5.407954,-6.557564,-3.4009278 
3,1576154961780,-9.268726,-6.5048733,-4.028423 
3,1576154961799,-10.250684,-6.792276,-6.327642 
3,1576154961819,-12.382252,-7.577842,-7.2808595 
3,1576154961840,-17.948277,-7.793394,-6.3084817 
3,1576154961859,-24.007677,-6.2797413,-5.6714063 
3,1576154961879,-26.129663,-4.4547367,-7.3622904 
3,1576154961900,-26.388327,-3.7266505,-8.837623 
3,1576154961922,-28.07442,-3.0225148,-7.434141 
3,1576154961942,-28.840826,-2.42376,-6.11688 
3,1576154961962,-27.399025,-2.1507277,-7.031778 
3,1576154961983,-24.50584,-2.0261867,-8.109536 
3,1576154962000,-20.975582,-2.2704787,-7.6401124 
3,1576154962022,-17.948277,-2.7015822,-6.12646 
3,1576154962042,-16.061,-2.7542725,-5.2882032 
3,1576154962060,-14.561719,-2.7303224,-5.3408937 
3,1576154962081,-12.669654,-2.8213332,-5.7624173 
3,1576154962098,-9.79563,-3.0368848,-6.212681 
3,1576154962118,-7.27128,-3.0847852,-5.407954 
3,1576154962138,-5.757627,-2.9746144,-3.8320315 
3,1576154962159,-4.703819,-2.5818312,-2.8404932 
3,1576154962178,-3.151846,-1.8585353,-2.936294 
3,1576154962199,-1.3891114,-0.9580079,-2.9841945 
3,1576154962222,-0.28261232,0.19639161,-2.2800586 
3,1576154962240,1.0011182,1.5998731,-1.590293 
3,1576154962261,3.171006,2.9171338,-1.0777588 
3,1576154962282,4.981641,4.598438,-0.22992188 
3,1576154962302,7.4676714,6.1504107,-0.019160157 
3,1576154962324,10.102193,7.414981,-0.043110352 
3,1576154962344,11.381133,8.650811,0.0047900393 
3,1576154962365,12.061319,9.79084,-0.62749517 
3,1576154962384,13.095967,10.447076,-1.3507911 
3,1576154962404,14.087505,10.585987,-1.2549903 
3,1576154962424,14.959292,10.284214,-1.2070899 
3,1576154962445,14.64315,9.766891,-1.4705421 
3,1576154962465,13.091177,9.220825,-1.8681153 
3,1576154962486,11.457774,8.62207,-2.1411476 
3,1576154962505,9.85311,7.9227247,-1.9112257 
3,1576154962525,8.368198,7.0988383,-1.6238233 
3,1576154962546,7.070098,6.09293,-1.465752 
3,1576154962564,6.1887307,4.8044095,-1.2310401 
3,1576154962585,5.6570363,3.4488282,-0.8047266 
3,1576154962605,5.278623,2.0357666,-0.488584 
3,1576154962621,4.6750784,0.5508545,-0.8143067 
3,1576154962641,3.5685792,-1.0538087,-1.3651612 
3,1576154962661,1.5136524,-2.663262,-1.949546 
3,1576154962682,-1.6573536,-3.8128712,-2.064507 
3,1576154962703,-4.521797,-4.493057,-2.7830129 
3,1576154962725,-6.638994,-4.8091993,-4.4547367 
3,1576154962743,-9.493857,-5.2594633,-5.6522465 
3,1576154962763,-12.770245,-5.326524,-7.1371584 
3,1576154962786,-15.289805,-5.398374,-8.363408 
3,1576154962806,-18.35543,-5.0918117,-8.957374 
3,1576154962827,-21.981491,-4.742139,-9.053174 
3,1576154962845,-25.516539,-3.9326222,-9.034014 
3,1576154962865,-27.9403,-2.806963,-9.0004835 
3,1576154962885,-28.548634,-2.189048,-8.353828 
3,1576154962906,-28.337872,-1.8441651,-7.5299416 
3,1576154962926,-26.570349,-1.8010547,-7.534732 
3,1576154962948,-22.743107,-2.1459377,-8.109536 
3,1576154962967,-19.241589,-2.7255323,-7.2904396 
3,1576154962985,-17.13397,-2.9410841,-5.944439 
3,1576154963008,-15.428717,-2.8979738,-5.728887 
3,1576154963028,-13.800103,-2.792593,-5.8342676 
3,1576154963049,-11.476934,-2.6393116,-5.724097 
3,1576154963067,-9.685459,-2.308799,-4.981641 
3,1576154963086,-8.109536,-1.8824854,-4.358936 
3,1576154963105,-6.217471,-1.4801221,-4.2296047 
3,1576154963124,-4.2104445,-1.0346485,-3.6452198 
3,1576154963146,-2.2273684,-0.39278322,-2.9841945 
3,1576154963164,-0.57001466,0.38320315,-2.44771 
3,1576154963184,0.8334668,1.2741505,-2.2225783 
3,1576154963211,2.0070264,2.3375392,-2.0980372 
3,1576154963227,2.4956105,3.6739602,-1.9064356 
3,1576154963246,3.3338673,4.9624805,-1.705254 
3,1576154963271,5.1971927,6.365962,-1.3651612 
3,1576154963286,7.472461,7.673643,-0.46463382 
3,1576154963309,10.274634,8.617281,0.34488282 
3,1576154963334,12.650494,9.407638,0.8861573 
3,1576154963349,13.991705,9.74773,1.3843213 
3,1576154963370,14.259947,9.685459,1.9734962 
3,1576154963390,13.589341,9.431587,2.088457 
3,1576154963409,12.391831,9.081915,1.1687696 
3,1576154963430,11.00272,8.56938,0.09101075 
3,1576154963450,9.517808,7.807764,-0.26345217 
3,1576154963470,8.205338,6.816226,-0.07664063 
3,1576154963490,7.089258,5.613926,-0.0047900393 
3,1576154963509,6.1552005,4.3637257,-0.1820215 
3,1576154963529,5.1971927,2.9698243,-0.4167334 
3,1576154963550,3.999683,1.3268409,-0.82388675 
3,1576154963569,2.6009912,-0.40715334,-1.346001 
3,1576154963588,1.1160791,-2.208208,-1.7339942 
3,1576154963606,-0.60833496,-3.7458107,-2.323169 
3,1576154963631,-2.1411476,-5.1828227,-3.9901028 
3,1576154963647,-4.4116263,-6.782696,-5.388794 
3,1576154963667,-8.53585,-7.8748245,-5.455855 
3,1576154963687,-13.924644,-7.6161623,-4.84752 
3,1576154963708,-16.563955,-6.935977,-7.3479204 
3,1576154963729,-17.426163,-7.117998,-10.734478 
3,1576154963751,-20.424726,-7.4054008,-10.068663 
3,1576154963768,-25.708141,-6.600674,-6.945557 
3,1576154963792,-28.237282,-5.4462748,-6.710845 
3,1576154963812,-28.797716,-4.8427296,-7.8604546 
3,1576154963831,-29.24798,-4.3301954,-7.654483 
3,1576154963850,-27.571466,-4.0427933,-7.2185893 
3,1576154963870,-24.069948,-4.1625443,-6.9311867 
3,1576154963892,-20.702549,-4.4499464,-6.452183 
3,1576154963910,-18.599722,-4.493057,-5.7767873 
3,1576154963932,-16.827408,-4.536167,-5.6426663 
3,1576154963953,-14.523399,-4.4643164,-5.977969 
3,1576154963976,-11.888878,-4.3301954,-6.2701616 
3,1576154963989,-9.326206,-4.1098537,-6.327642 
3,1576154964013,-7.443721,-3.4536183,-5.7863674 
3,1576154964033,-6.246211,-2.7015822,-5.144502 
3,1576154964052,-4.536167,-2.0357666,-5.216353 
3,1576154964071,-2.3519094,-1.1831397,-5.369634 
3,1576154964091,-0.60833496,-0.28740236,-4.406836 
3,1576154964108,1.1352394,0.57001466,-2.9841945 
3,1576154964129,2.8404932,1.9160157,-1.6286134 
3,1576154964150,4.5649076,3.4344583,-0.8143067 
3,1576154964169,6.222261,4.976851,-0.45984375 
3,1576154964190,7.568262,6.4186525,0.09580079 
3,1576154964212,8.598121,7.7790236,0.9196875 
3,1576154964234,9.522598,8.952583,1.5471827 
3,1576154964253,10.609937,9.766891,1.6190332 
3,1576154964272,11.529625,10.035132,1.4609619 
3,1576154964291,11.730806,10.011182,1.2789404 
3,1576154964315,11.194322,9.910591,0.9053174 
3,1576154964335,10.303374,9.68067,0.32572266 
3,1576154964355,9.292676,9.244776,-0.12454102 
3,1576154964373,8.281978,8.660391,-0.081430666 
3,1576154964393,7.4197707,7.817344,0.15328126 
3,1576154964409,6.782696,6.844966,0.3161426 
3,1576154964430,6.1073003,5.752837,0.06706055 
3,1576154964450,5.254673,4.6032276,-0.18681154 
3,1576154964470,4.138594,3.4488282,-0.33530274 
3,1576154964490,2.787803,2.2513185,-0.5556446 
3,1576154964510,1.5088624,0.9244776,-1.2502003 
3,1576154964530,-0.18681154,-0.39278322,-1.8968556 
3,1576154964550,-2.5530908,-1.4609619,-2.548301 
3,1576154964570,-4.751719,-2.5339308,-3.7170706 
3,1576154964589,-5.7719975,-3.410508,-5.024751 
3,1576154964611,-8.042476,-4.8044095,-5.863008 
3,1576154964630,-13.292359,-5.125342,-6.835386 
3,1576154964651,-17.263302,-4.358936,-7.9610453 
3,1576154964671,-18.786533,-3.290757,-8.420889 
3,1576154964691,-19.701431,-3.3769777,-6.792276 
3,1576154964711,-22.465284,-3.319497,-4.1960745 
3,1576154964731,-24.903414,-2.5051906,-4.5792775 
3,1576154964752,-26.91044,-1.7387843,-5.6187162 
3,1576154964771,-28.266022,-1.2406201,-5.6761966 
3,1576154964791,-26.86254,-1.3124708,-5.934859 
3,1576154964812,-23.624474,-1.7627344,-5.575606 
3,1576154964832,-20.8223,-2.2465284,-4.4547367 
3,1576154964856,-18.733843,-2.4572902,-3.9853127 
3,1576154964870,-16.664547,-2.44292,-4.4643164 
3,1576154964896,-15.083834,-2.3566992,-4.679868 
3,1576154964916,-13.033697,-2.4333398,-4.89542 
3,1576154964938,-10.212363,-2.5147705,-5.1971927 
3,1576154964958,-8.023315,-2.3758595,-4.742139 
3,1576154964977,-6.346802,-1.9447559,-4.2104445 
3,1576154964996,-4.387676,-1.2981006,-4.3493557 
3,1576154965016,-2.7446926,-0.5460645,-4.0044727 
3,1576154965038,-1.3172607,0.28740236,-2.9937747 
3,1576154965057,0.06227051,1.3555812,-2.2513185 
3,1576154965077,1.6765138,2.7446926,-2.42855 
3,1576154965097,3.4488282,4.406836,-2.7351124 
3,1576154965115,5.5372853,5.944439,-2.1555176 
3,1576154965134,8.076006,7.2569094,-1.0250684 
3,1576154965155,10.336905,8.200547,0.5939649 
3,1576154965175,11.697276,8.784932,2.6153615 
3,1576154965195,12.420572,9.263936,3.5925295 
3,1576154965217,13.0241165,9.484278,3.2476466 
3,1576154965239,13.052857,9.182506,3.0225148 
3,1576154965256,12.051739,8.722662,2.9985645 
3,1576154965276,10.753638,8.258028,2.543511 
3,1576154965295,9.7812605,7.7502837,1.6717237 
3,1576154965318,8.842413,7.0988383,1.0106983 
3,1576154965339,7.932305,6.0306597,0.7711963 
3,1576154965360,6.7874856,4.8187795,0.7664063 
3,1576154965379,5.743257,3.4919386,0.6993457 
3,1576154965400,4.7708793,1.829795,0.21555176 
3,1576154965421,3.5829494,0.033530276,-0.57001466 
3,1576154965441,2.2752686,-1.8968556,-1.5136524 
3,1576154965461,0.728086,-4.023633,-2.3471193 
3,1576154965479,-1.4130616,-6.303692,-2.8740237 
3,1576154965501,-4.785249,-8.056846,-3.439248 
3,1576154965521,-9.623189,-8.57417,-4.2152348 
3,1576154965541,-12.942686,-7.424561,-7.094048 
3,1576154965561,-12.851675,-7.31918,-10.653048 
3,1576154965579,-13.622871,-8.004155,-9.848321 
3,1576154965603,-17.11002,-8.866363,-6.9024467 
3,1576154965616,-22.407804,-8.54543,-6.10251 
3,1576154965637,-27.058931,-7.462881,-8.55501 
3,1576154965658,-29.564123,-6.8737063,-11.692486 
3,1576154965678,-31.887291,-6.0306597,-11.941567 
3,1576154965698,-31.374758,-5.6857767,-10.150093 
3,1576154965719,-27.370285,-5.9540186,-8.128696 
3,1576154965742,-22.747896,-6.5384035,-6.8018556 
3,1576154965762,-19.44756,-6.5719337,-5.8677983 
3,1576154965782,-17.16271,-6.2701616,-5.934859 
3,1576154965803,-15.122154,-6.05461,-6.6773148 
3,1576154965823,-12.540323,-5.863008,-7.558682 
3,1576154965841,-9.891431,-5.5372853,-7.3000197 
3,1576154965861,-7.6161623,-5.1780324,-6.2510014 
3,1576154965879,-5.374424,-4.387676,-5.455855 
3,1576154965899,-3.439248,-3.2668068,-4.87626 
3,1576154965919,-1.9255958,-2.1411476,-4.4738965 
3,1576154965938,-0.5604346,-0.85741705,-4.2918754 
3,1576154965962,0.9053174,0.35925296,-4.028423 
3,1576154965983,3.1614258,1.4705421,-3.3817677 
3,1576154966003,4.7133985,3.046465,-1.456172 
3,1576154966024,5.599556,4.6511283,0.68018556 
3,1576154966045,7.1563187,6.016289,1.5615528 
3,1576154966064,9.043594,7.28565,2.308799 
3,1576154966083,10.619517,8.286768,3.7266505 
3,1576154966109,12.037369,8.818462,5.2115626 
3,1576154966119,12.660074,9.230406,5.503755 
3,1576154966140,12.549903,9.220825,4.617598 
3,1576154966160,11.711646,8.957374,3.396138 
3,1576154966179,10.418335,8.722662,2.1459377 
3,1576154966200,9.398057,8.296348,1.0681788 
3,1576154966223,8.4448395,7.5251517,0.6466553 
3,1576154966244,7.2521195,6.5336137,0.4981641 
3,1576154966263,5.977969,5.4510646,0.4406836 
3,1576154966281,4.703819,4.3397756,0.33530274 
3,1576154966305,3.5494192,3.0704153,-0.043110352 
3,1576154966326,2.3710694,1.6860938,-0.75203615 
3,1576154966345,0.79993653,0.23471193,-1.5184424 
3,1576154966366,-0.5748047,-1.1783496,-2.2417383 
3,1576154966383,-2.0405567,-2.6584718,-2.672842 
3,1576154966403,-4.191284,-4.038003,-2.9841945 
3,1576154966421,-6.1935205,-5.206773,-4.014053 
3,1576154966444,-8.487949,-6.0354495,-5.087022 
3,1576154966464,-11.050621,-6.480923,-6.476133 
3,1576154966486,-13.613292,-6.974297,-8.042476 
3,1576154966506,-17.20103,-7.055728,-8.741821 
3,1576154966526,-21.679718,-6.5192432,-9.172925 
3,1576154966548,-26.167984,-5.4031644,-9.666299 
3,1576154966565,-29.21924,-4.598438,-9.627979 
3,1576154966585,-30.804743,-3.8847218,-8.53106 
3,1576154966606,-30.53171,-3.3865578,-7.4580913 
3,1576154966623,-27.734327,-3.3099172,-7.079678 
3,1576154966642,-23.998096,-3.5206788,-6.710845 
3,1576154966662,-20.62591,-3.9182522,-5.9061184 
3,1576154966683,-18.18299,-4.071533,-5.3217335 
3,1576154966703,-16.137642,-4.0763235,-5.8103175 
3,1576154966726,-13.8048935,-4.0906935,-6.4905033 
3,1576154966745,-10.868599,-3.9565725,-6.830596 
3,1576154966766,-8.4304695,-3.4679885,-6.1695704 
3,1576154966787,-5.527705,-3.1135256,-5.728887 
3,1576154966805,-3.4775686,-2.2177882,-4.8044095 
3,1576154966825,-2.3327491,-1.096919,-3.8751419 
3,1576154966845,-0.5029541,-0.13891114,-3.784131 
3,1576154966871,0.6562354,1.0298585,-3.175796 
3,1576154966887,1.7435743,2.2800586,-2.059717 
3,1576154966909,3.2141163,3.7170706,-1.3124708 
3,1576154966934,4.536167,5.4223247,-0.6322852 
3,1576154966949,5.2019825,7.0365677,0.5364844 
3,1576154966969,5.4750147,8.832832,1.590293 
3,1576154966995,6.605464,9.307046,2.1459377 
3,1576154967009,8.784932,9.024434,1.8920655 
3,1576154967029,11.00751,9.1202345,1.9734962 
3,1576154967049,12.391831,9.0004835,2.663262 
3,1576154967069,12.5738535,8.770562,3.2811768 
3,1576154967088,11.491304,8.411309,3.5781593 
3,1576154967108,10.360855,7.807764,3.4919386 
3,1576154967133,9.541759,7.079678,2.7973828 
3,1576154967145,8.631651,6.1456203,1.9208057 
3,1576154967168,7.462881,5.206773,1.4274317 
3,1576154967185,6.318062,4.282295,0.7568262 
3,1576154967205,5.125342,3.2811768,0.033530276 
3,1576154967225,3.8511915,2.193838,-0.38320315 
3,1576154967249,2.5051906,0.9484278,-0.68018556 
3,1576154967269,0.9436377,-0.39757326,-1.2070899 
3,1576154967287,-0.78556645,-1.7387843,-1.7818946 
3,1576154967311,-2.4620802,-3.0991554,-2.6201515 
3,1576154967332,-4.311035,-4.4403663,-3.4440382 
3,1576154967351,-6.1599903,-5.5372853,-4.239185 
3,1576154967371,-8.238868,-6.361172,-5.1061816 
3,1576154967392,-10.269844,-7.175479,-6.0498195 
3,1576154967412,-12.21939,-7.7598634,-6.935977 
3,1576154967430,-14.3749075,-7.8987746,-7.7167535 
3,1576154967449,-17.296831,-8.272398,-7.831714 
3,1576154967469,-23.428082,-7.917935,-7.1467385 
3,1576154967492,-29.46832,-6.08814,-8.50711 
3,1576154967513,-31.80586,-4.382886,-11.122471 
3,1576154967532,-32.126793,-3.7506008,-10.581197 
3,1576154967551,-30.105396,-3.8464015,-8.157437 
3,1576154967570,-25.871002,-4.152964,-6.638994 
3,1576154967590,-22.03897,-4.536167,-5.704937 
3,1576154967610,-20.228336,-4.5888577,-5.3073635 
3,1576154967631,-18.25963,-4.6942387,-6.3707523 
3,1576154967649,-16.084951,-4.84752,-7.0126176 
3,1576154967667,-13.819263,-4.991221,-7.1611085 
3,1576154967688,-10.806329,-5.029541,-7.27128 
3,1576154967710,-8.813672,-4.775669,-6.212681 
3,1576154967728,-6.456973,-4.3254056,-5.527705 
3,1576154967752,-4.3014555,-3.539839,-4.9529004 
3,1576154967773,-2.926714,-2.6441016,-4.1625443 
3,1576154967790,-1.1639795,-1.5471827,-3.6308498 
3,1576154967813,0.20118165,-0.3784131,-2.43813 
3,1576154967833,1.6429834,0.7951465,-1.0873389 
3,1576154967850,2.931504,2.3135889,-0.12933107 
3,1576154967872,4.181704,3.784131,0.24908204 
3,1576154967893,5.407954,5.216353,0.52690434 
3,1576154967912,6.7395854,6.6581545,1.092129 
3,1576154967935,7.7167535,8.042476,1.6621436 
3,1576154967954,9.239985,9.192085,1.6429834 
3,1576154967974,10.91171,9.74773,1.839375 
3,1576154967994,11.673326,9.833951,2.7542725 
3,1576154968015,11.730806,9.666299,3.4009278 
3,1576154968035,11.294912,9.192085,3.535049 
3,1576154968055,10.423125,8.636441,3.2093263 
3,1576154968075,9.393267,7.9802055,2.4620802 
3,1576154968093,8.377779,7.180269,1.705254 
3,1576154968113,7.1275783,6.361172,1.0490186 
3,1576154968134,5.824688,5.4366946,0.6658155 
3,1576154968152,4.6032276,4.4116263,0.27303225 
3,1576154968172,3.5781593,3.2093263,-0.26345217 
3,1576154968191,2.3471193,1.8106349,-0.4742139 
3,1576154968211,0.5891748,0.43589357,-0.29698244 
3,1576154968231,-1.9926564,-0.5939649,0.023950197 
3,1576154968256,-4.1960745,-1.4226416,-1.1783496 
3,1576154968273,-4.905,-2.208208,-3.7985013 
3,1576154968292,-5.388794,-3.276387,-5.0487013 
3,1576154968313,-6.792276,-4.4499464,-4.636758 
3,1576154968332,-8.914263,-5.2929935,-4.263135 
3,1576154968356,-11.199112,-5.815108,-4.5936475 
3,1576154968375,-13.972545,-5.829478,-5.7911572 
3,1576154968395,-16.789087,-5.599556,-7.065308 
3,1576154968415,-19.682272,-5.1828227,-7.4964113 
3,1576154968437,-23.389761,-4.646338,-7.391031 
3,1576154968459,-27.073301,-3.755391,-7.668853 
3,1576154968477,-29.382101,-2.7734327,-8.56938 
3,1576154968497,-29.506641,-2.1650977,-8.990904 
3,1576154968516,-27.892399,-2.0070264,-8.765772 
3,1576154968538,-25.013584,-2.3135889,-7.932305 
3,1576154968557,-21.368364,-2.9027638,-7.2281694 
3,1576154968575,-18.365011,-3.180586,-6.8114357 
3,1576154968597,-15.673009,-3.3147073,-6.725215 
3,1576154968617,-13.2492485,-3.6116896,-6.701265 
3,1576154968636,-11.199112,-4.009263,-6.2845316 
3,1576154968654,-9.359736,-4.0427933,-6.1552005 
3,1576154968675,-7.6161623,-3.4967287,-5.9013286 
3,1576154968694,-5.949229,-2.8788135,-5.3121533 
3,1576154968714,-3.8176613,-2.198628,-4.6128078 
3,1576154968737,-1.8250049,-1.0777588,-3.5494192 
3,1576154968756,-0.11496094,0.22992188,-2.4812403 
3,1576154968777,1.8010547,1.7818946,-1.6525636 
3,1576154968795,4.152964,3.391348,-0.5939649 
3,1576154968817,6.4042826,5.1732426,0.44547364 
3,1576154968838,8.104747,6.844966,1.5088624 
3,1576154968857,9.321417,8.234077,2.2417383 
3,1576154968877,10.106983,9.249566,2.792593 
3,1576154968899,10.518927,9.699829,2.9027638 
3,1576154968919,10.710527,9.718989,2.327959 
3,1576154968939,10.499766,9.498648,1.0442286 
3,1576154968957,9.75731,9.182506,-0.20597169 
3,1576154968980,8.693921,8.804092,-1.0681788 
3,1576154969000,7.688013,8.186177,-1.2549903 
3,1576154969020,6.715635,7.31918,-0.92926764 
3,1576154969040,5.7959476,6.318062,-0.244292 
3,1576154969060,4.8044095,5.149292,0.19639161 
3,1576154969080,3.5733693,3.9853127,0.5125342 
3,1576154969102,2.198628,2.7542725,0.60833496 
3,1576154969119,0.8813672,1.3076807,0.34488282 
3,1576154969137,-0.53169435,-0.07185059,0.19639161 
3,1576154969156,-2.3566992,-1.3124708,0.12933107 
3,1576154969177,-3.894302,-2.5387208,-0.9244776 
3,1576154969196,-5.1540823,-3.6691701,-2.6057813 
3,1576154969217,-6.864126,-4.517007,-4.7229786 
3,1576154969240,-9.057964,-5.206773,-5.9204884 
3,1576154969260,-11.692486,-5.752837,-5.7911572 
3,1576154969279,-14.499449,-5.839058,-6.4186525 
3,1576154969298,-17.488434,-5.360054,-7.783814 
3,1576154969322,-20.419937,-4.617598,-9.613608 
3,1576154969342,-22.973028,-3.7458107,-10.763218 
3,1576154969362,-25.818312,-3.2859669,-10.140513 
3,1576154969382,-28.270811,-2.806963,-9.196876 
3,1576154969402,-28.970158,-2.0118165,-9.584868 
3,1576154969422,-27.015821,-1.8968556,-10.566827 
3,1576154969436,-23.605314,-2.3614893,-10.691368 
3,1576154969462,-20.017574,-3.056045,-10.030342 
3,1576154969482,-16.798668,-3.539839,-9.5561285 
3,1576154969503,-14.288687,-3.8080812,-9.311836 
3,1576154969523,-11.773916,-3.8655617,-8.995694 
3,1576154969543,-9.877061,-3.67875,-8.210127 
3,1576154969562,-7.8987746,-3.5110989,-7.31439 
3,1576154969582,-5.8917484,-3.271597,-6.3084817 
3,1576154969602,-4.3014555,-2.9602442,-5.264253 
3,1576154969628,-3.1422658,-2.184258,-4.2248144 
3,1576154969645,-2.0261867,-1.1879297,-3.2524366 
3,1576154969658,-1.4465919,-0.09101075,-1.9687061 
3,1576154969679,-0.488584,1.1160791,-0.8669971 
3,1576154969698,0.9436377,2.2225783,0.038320314 
3,1576154969718,3.0225148,3.420088,0.7424561 
3,1576154969741,4.9241605,4.88105,2.064507 
3,1576154969761,6.351592,6.3994923,3.4440382 
3,1576154969784,7.7359133,7.711963,3.8320315 
3,1576154969804,8.957374,8.823253,3.5973196 
3,1576154969823,9.929751,9.6615095,3.3530276 
3,1576154969842,11.328443,10.011182,2.5147705 
3,1576154969864,12.506792,10.068663,1.1160791 
3,1576154969884,12.674444,9.77168,0.26345217 
3,1576154969904,11.989469,9.278306,0.0 
3,1576154969925,10.801538,8.746612,-0.07664063 
3,1576154969946,9.637559,8.076006,-0.05748047 
3,1576154969965,8.487949,7.2808595,0.081430666 
3,1576154969983,7.3718705,6.2749515,0.14849122 
3,1576154970005,6.332432,5.130132,0.32093263 
3,1576154970026,5.4031644,3.9853127,0.27303225 
3,1576154970046,4.493057,2.6105714,-0.0047900393 
3,1576154970066,3.3673975,1.1256592,-0.39278322 
3,1576154970086,2.2800586,-0.43110353,-1.2070899 
3,1576154970105,1.4274317,-2.2800586,-2.2896388 
3,1576154970125,0.53169435,-4.378096,-3.1997461 
3,1576154970146,-1.8729054,-6.6581545,-3.6164796 
3,1576154970163,-7.117998,-7.812554,-3.1087356 
3,1576154970184,-11.788286,-7.31439,-4.87147 
3,1576154970202,-12.837305,-7.103628,-9.268726 
3,1576154970222,-14.130616,-7.6353226,-10.739268 
3,1576154970246,-18.130299,-7.7646537,-8.650811 
3,1576154970265,-22.743107,-7.247329,-6.9311867 
3,1576154970284,-26.670938,-5.982759,-7.692803 
3,1576154970303,-29.789255,-4.703819,-9.536968 
3,1576154970327,-31.91603,-3.7170706,-9.632769 
3,1576154970348,-30.938864,-3.1901662,-8.665181 
3,1576154970368,-26.88649,-3.3147073,-7.7598634 
3,1576154970388,-22.335953,-3.7506008,-6.9551373 
3,1576154970408,-18.844015,-3.9853127,-6.2510014 
3,1576154970428,-16.573536,-4.061953,-6.0737696 
3,1576154970448,-14.825171,-4.282295,-6.447393 
3,1576154970468,-12.861256,-4.512217,-6.7300053 
3,1576154970489,-10.461446,-4.4595265,-6.825806 
3,1576154970508,-7.8700347,-4.009263,-6.715635 
3,1576154970528,-6.0737696,-3.3721876,-5.853428 
3,1576154970546,-4.766089,-2.6488917,-4.7708793 
3,1576154970566,-3.0704153,-1.6669337,-4.296665 
3,1576154970595,-1.1496094,-0.48379397,-3.903882 
3,1576154970607,0.4742139,0.6945557,-2.8452833 
3,1576154970628,2.1076174,2.1028273,-1.7004639 
3,1576154970647,3.4009278,3.5781593,-0.71371585 
3,1576154970665,4.3206153,5.000801,0.23950197 
3,1576154970684,5.5564456,6.3851223,0.9388477 
3,1576154970705,7.094048,7.664063,1.3843213 
3,1576154970725,8.104747,8.693921,2.1267774 
3,1576154970747,8.617281,9.302257,2.6584718 
3,1576154970768,8.756192,9.594449,2.912344 
3,1576154970787,9.192085,9.656719,2.7111623 
3,1576154970809,9.929751,9.498648,2.299219 
3,1576154970828,10.504556,9.048384,2.1746778 
3,1576154970848,10.437495,8.583751,2.3662794 
3,1576154970868,9.671089,8.109536,2.4572902 
3,1576154970888,8.660391,7.702383,1.7723145 
3,1576154970909,7.568262,7.2329593,1.0346485 
3,1576154970930,6.4905033,6.567144,0.8765772 
3,1576154970948,5.6666164,5.7767873,0.7807764 
3,1576154970964,4.996011,4.8139896,0.60833496 
3,1576154970990,4.3349857,3.6739602,0.32093263 
3,1576154971010,3.4871485,2.3135889,-0.13891114 
3,1576154971031,2.069297,0.7185059,-0.7232959 
3,1576154971050,0.10538086,-0.8430469,-1.2981006 
3,1576154971070,-1.4465919,-2.3135889,-2.3471193 
3,1576154971092,-2.907554,-3.8559816,-3.3817677 
3,1576154971110,-4.737349,-5.4414845,-3.6212697 
3,1576154971131,-7.3814507,-6.782696,-3.4057178 
3,1576154971148,-10.897339,-7.084468,-4.167334 
3,1576154971173,-12.1379595,-6.935977,-7.1611085 
3,1576154971188,-12.066109,-7.7071733,-9.053174 
3,1576154971207,-15.055094,-8.626861,-7.4820414 
3,1576154971228,-20.348087,-8.214917,-5.829478 
3,1576154971247,-24.39567,-7.0269876,-7.2904396 
3,1576154971269,-27.255323,-6.0354495,-9.604029 
3,1576154971289,-29.597652,-5.216353,-10.250684 
3,1576154971312,-29.961695,-4.718189,-9.7812605 
3,1576154971331,-27.547516,-4.5313773,-9.230406 
3,1576154971351,-23.1311,-4.737349,-8.823253 
3,1576154971372,-19.734962,-4.82357,-7.429351 
3,1576154971391,-17.751886,-4.8331494,-6.222261 
3,1576154971413,-16.707657,-4.4355764,-6.5096636 
3,1576154971433,-15.155684,-4.258345,-8.171807 
3,1576154971453,-13.292359,-4.478687,-8.780142 
3,1576154971473,-11.697276,-4.617598,-7.726333 
3,1576154971493,-9.766891,-4.5840673,-6.662945 
3,1576154971512,-7.5203614,-4.4499464,-6.1408305 
3,1576154971530,-5.4031644,-3.8511915,-5.7145166 
3,1576154971552,-3.4823585,-3.0991554,-4.88105 
3,1576154971572,-2.1459377,-2.1698878,-3.415298 
3,1576154971594,-1.0490186,-0.8669971,-1.9016455 
3,1576154971613,0.7711963,0.37362307,-1.2693604 
3,1576154971633,2.9410841,1.8106349,-0.51732427 
3,1576154971650,4.387676,3.63564,0.8909473 
3,1576154971674,5.527705,5.350474,2.4956105 
3,1576154971689,7.055728,6.686895,3.5063088 
3,1576154971710,8.660391,7.8891945,3.4823585 
3,1576154971730,9.517808,8.866363,3.271597 
3,1576154971753,9.934542,9.412427,3.5110989 
3,1576154971774,10.643467,9.651929,3.1997461 
3,1576154971795,11.132051,9.599238,2.43813 
3,1576154971813,10.724898,9.187295,1.7675245 
3,1576154971834,9.70941,8.646021,1.22146 
3,1576154971852,8.765772,8.018526,0.728086 
3,1576154971872,7.846084,7.199429,0.34009278 
3,1576154971895,6.696475,6.212681,0.023950197 
3,1576154971914,5.5564456,5.1924024,0.009580079 
3,1576154971937,4.497847,4.0763235,0.038320314 
3,1576154971956,3.3865578,2.7494826,-0.019160157 
3,1576154971976,2.2656887,1.3220508,-0.45026368 
3,1576154971997,0.68018556,-0.2203418,-0.9053174 
3,1576154972016,-1.585503,-1.6286134,-1.2454102 
3,1576154972036,-3.894302,-2.8261232,-2.4860303 
3,1576154972057,-5.120552,-4.014053,-4.416416 
3,1576154972076,-5.934859,-5.518125,-5.6714063 
3,1576154972099,-7.31439,-7.2425394,-6.11209 
3,1576154972115,-10.408755,-8.49274,-6.337222 
3,1576154972135,-14.997613,-8.286768,-6.207891 
3,1576154972154,-17.612974,-7.070098,-7.32397 
3,1576154972173,-18.700314,-6.6342044,-8.147857 
3,1576154972193,-21.612658,-6.825806,-6.715635 
3,1576154972212,-26.541607,-6.6102543,-5.853428 
3,1576154972233,-31.393917,-5.4414845,-7.29523 
3,1576154972255,-33.2764,-4.239185,-9.263936 
3,1576154972275,-31.207106,-4.1002736,-9.580078 
3,1576154972294,-25.430319,-5.1397123,-7.7550735 
3,1576154972318,-20.539688,-6.0210795,-5.087022 
3,1576154972338,-17.670454,-5.982759,-3.7937112 
3,1576154972358,-16.022682,-5.589976,-4.5792775 
3,1576154972378,-14.65273,-5.206773,-6.006709 
3,1576154972397,-12.866045,-5.1061816,-6.4426026 
3,1576154972419,-10.748848,-5.005591,-5.848638 
3,1576154972434,-8.756192,-4.646338,-5.1397123 
3,1576154972459,-6.9790874,-4.133804,-4.9529004 
3,1576154972479,-5.4606447,-3.3386574,-4.751719 
3,1576154972499,-4.3254056,-2.2944288,-4.488267 
3,1576154972519,-2.4812403,-1.0585986,-4.3493557 
3,1576154972539,-0.6610254,0.100590825,-3.391348 
3,1576154972559,1.4082716,1.2885206,-2.308799 
3,1576154972577,3.6260598,2.668052,-1.3891114 
3,1576154972600,5.1732426,4.267925,-0.44547364 
3,1576154972618,6.835386,5.647456,-0.028740235 
3,1576154972638,9.005274,7.0988383,0.32572266 
3,1576154972657,10.059082,8.52627,1.7244141 
3,1576154972677,10.571617,9.5561285,2.6967921 
3,1576154972700,11.572735,9.833951,2.668052 
3,1576154972715,11.299703,9.857901,2.8213332 
3,1576154972736,10.552457,9.68067,2.3375392 
3,1576154972757,10.159674,9.235196,1.0442286 
3,1576154972780,9.426797,8.660391,0.09580079 
3,1576154972800,8.420889,8.042476,-0.22513184 
3,1576154972820,7.534732,7.2185893,-0.2778223 
3,1576154972838,6.437813,6.2031007,-0.16765137 
3,1576154972857,5.2977834,5.144502,-0.05269043 
3,1576154972877,4.2343946,4.023633,-0.086220704 
3,1576154972902,3.175796,2.7494826,-0.11496094 
3,1576154972921,2.0309765,1.2693604,-0.5364844 
3,1576154972941,0.7185059,-0.30177248,-1.4992822 
3,1576154972960,-0.35925296,-1.8729054,-2.3375392 
3,1576154972981,-1.6717237,-3.6068995,-2.9027638 
3,1576154973002,-4.0811133,-5.010381,-2.6441016 
3,1576154973022,-6.10251,-5.633086,-3.3290772 
3,1576154973042,-7.3479204,-6.6581545,-4.996011 
3,1576154973062,-9.402847,-7.8652444,-5.623506 
3,1576154973082,-11.534414,-8.995694,-6.959927 
3,1576154973103,-15.581998,-9.354947,-8.0999565 
3,1576154973120,-21.483326,-8.842413,-9.493857 
3,1576154973141,-28.323502,-8.095166,-10.653048 
3,1576154973167,-35.36965,-6.1791506,-11.749967 
3,1576154973180,-37.338356,-4.7469287,-13.3689995 
3,1576154973201,-34.25836,-4.761299,-12.334352 
3,1576154973219,-28.352242,-5.575606,-8.986114 
3,1576154973239,-22.077291,-6.318062,-6.662945 
3,1576154973262,-17.818947,-6.1599903,-5.527705 
3,1576154973281,-15.538887,-5.7001467,-5.585186 
3,1576154973301,-13.661192,-5.4223247,-6.576724 
3,1576154973322,-11.9128275,-5.101392,-7.094048 
3,1576154973343,-9.651929,-4.8091993,-6.821016 
3,1576154973362,-7.4916215,-4.3397756,-5.934859 
3,1576154973384,-5.585186,-3.7601807,-5.029541 
3,1576154973404,-4.095484,-2.8500733,-4.608018 
3,1576154973425,-2.8931837,-1.8106349,-4.5601172 
3,1576154973445,-1.4609619,-0.7759864,-4.2104445 
3,1576154973464,0.2778223,0.33530274,-3.166216 
3,1576154973485,2.304009,1.7292042,-1.9926564 
3,1576154973505,4.133804,3.300337,-1.2406201 
3,1576154973525,5.494175,4.8044095,-0.35925296 
3,1576154973545,7.1563187,6.1552005,0.36883304 
3,1576154973562,9.311836,7.4006104,0.96758795 
3,1576154973585,11.050621,8.200547,2.327959 
3,1576154973606,11.663746,8.703502,4.258345 
3,1576154973625,11.390714,9.0148535,5.398374 
3,1576154973645,10.739268,9.2256155,4.9385304 
3,1576154973670,10.001602,8.976534,2.9937747 
3,1576154973682,8.947793,8.722662,0.75203615 
3,1576154973704,7.592212,8.50711,-0.32093263 
3,1576154973721,6.2893214,8.071217,-0.74724615 
3,1576154973742,5.4223247,7.3575,-0.7951465 
3,1576154973762,4.766089,6.4282327,-0.5460645 
3,1576154973785,4.272715,5.2882032,-0.28261232 
3,1576154973805,3.7027004,4.014053,-0.119750984 
3,1576154973827,2.787803,2.543511,-0.26345217 
3,1576154973845,1.5567628,1.1160791,-0.57959473 
3,1576154973864,-0.23950197,-0.24908204,-1.1208692 
3,1576154973885,-2.074087,-1.3986914,-1.9208057 
3,1576154973908,-3.8128712,-2.567461,-3.420088 
3,1576154973924,-5.1780324,-3.6404297,-5.110972 
3,1576154973947,-6.9216065,-4.378096,-6.1216702 
3,1576154973967,-8.53106,-5.2594633,-7.3000197 
3,1576154973987,-10.686578,-6.217471,-7.668853 
3,1576154974008,-14.65273,-6.485713,-7.8508744 
3,1576154974028,-18.599722,-5.968389,-9.201666 
3,1576154974048,-21.646187,-5.4606447,-10.686578 
3,1576154974068,-25.114176,-5.1732426,-10.92608 
3,1576154974088,-28.510313,-4.5553274,-10.427916 
3,1576154974108,-30.330528,-3.8128712,-10.485396 
3,1576154974127,-29.20487,-3.4488282,-10.451866 
3,1576154974152,-25.425528,-3.803291,-8.943004 
3,1576154974165,-21.636608,-4.2008643,-7.031778 
3,1576154974189,-18.714684,-4.3206153,-6.11688 
3,1576154974206,-16.731607,-4.2152348,-6.183941 
3,1576154974225,-15.275435,-3.9709425,-6.974297 
3,1576154974249,-13.095967,-3.8559816,-7.6401124 
3,1576154974265,-10.566827,-4.018843,-7.443721 
3,1576154974288,-8.406519,-3.8751419,-6.241421 
3,1576154974312,-6.337222,-3.4775686,-5.585186 
3,1576154974327,-5.1732426,-2.9937747,-5.2115626 
3,1576154974348,-5.1971927,-2.1459377,-5.0774417 
3,1576154974369,-3.3578174,-0.9484278,-6.255791 
3,1576154974388,0.49337405,0.14370118,-6.356382 
3,1576154974408,3.515889,1.3076807,-3.4967287 
3,1576154974429,4.133804,2.792593,-0.09101075 
3,1576154974443,4.5553274,4.4595265,0.4742139 
3,1576154974469,7.065308,5.992339,-1.5088624 
3,1576154974489,9.407638,7.247329,-1.3843213 
3,1576154974510,9.029224,8.056846,1.8776954 
3,1576154974530,8.669971,8.890313,3.8895118 
3,1576154974548,10.298584,9.508228,3.2476466 
3,1576154974569,11.491304,9.474698,3.2380664 
3,1576154974590,11.347603,8.875943,4.727769 
3,1576154974611,10.830278,8.291558,5.4750147 
3,1576154974630,10.054293,7.783814,4.536167 
3,1576154974652,8.823253,7.189849,3.0416749 
3,1576154974670,7.424561,6.480923,1.7579445 
3,1576154974687,6.1743608,5.743257,0.8382569 
3,1576154974706,5.1971927,4.996011,0.2778223 
3,1576154974727,4.373306,4.152964,-0.10538086 
3,1576154974747,3.2428565,3.180586,-0.26345217 
3,1576154974767,2.1219873,1.9112257,-0.6849756 
3,1576154974790,0.81909674,0.51732427,-1.7292042 
3,1576154974810,-0.8909473,-0.7568262,-2.8548634 
3,1576154974828,-3.166216,-1.9878663,-3.6212697 
3,1576154974848,-6.11688,-3.0129347,-3.784131 
3,1576154974869,-8.602911,-3.6164796,-4.636758 
3,1576154974892,-10.293795,-4.263135,-5.858218 
3,1576154974911,-12.14275,-5.1540823,-6.246211 
3,1576154974932,-15.399976,-5.3935843,-6.255791 
3,1576154974952,-19.083517,-4.766089,-6.543194 
3,1576154974971,-21.033062,-4.009263,-7.5874224 
3,1576154974992,-22.479654,-3.420088,-7.697593 
3,1576154975012,-24.184908,-2.806963,-6.7779055 
3,1576154975031,-25.152496,-2.4860303,-6.591094 
3,1576154975051,-26.220675,-2.0549269,-6.758745 
3,1576154975072,-26.306896,-1.575923,-7.1227884 
3,1576154975093,-23.796915,-1.6717237,-7.2329593 
3,1576154975113,-20.61633,-2.0453467,-6.4138627 
3,1576154975131,-17.943487,-2.2177882,-5.724097 
3,1576154975151,-15.993941,-2.2848487,-5.623506 
3,1576154975175,-14.202466,-2.3758595,-6.006709 
3,1576154975189,-12.003839,-2.4045997,-6.2605815 
3,1576154975215,-9.172925,-2.5578809,-6.10251 
3,1576154975230,-6.710845,-2.5339308,-5.5660257 
3,1576154975249,-4.9385304,-2.088457,-4.718189 
3,1576154975269,-3.8176613,-1.3220508,-4.028423 
3,1576154975291,-2.8883936,-0.5748047,-4.0906935 
3,1576154975311,-1.8441651,0.21555176,-4.1242237 
3,1576154975331,-0.67539555,1.1591895,-3.544629 
3,1576154975354,0.8382569,2.1028273,-2.3614893 
3,1576154975374,2.6105714,3.2524366,-0.33530274 
3,1576154975394,4.6511283,4.5936475,1.7244141 
3,1576154975412,6.935977,6.4138627,2.5818312 
3,1576154975435,7.9706254,8.363408,2.8548634 
3,1576154975455,8.4448395,9.72378,3.2236965 
3,1576154975475,9.666299,10.375225,3.6979103 
3,1576154975495,11.429033,10.437495,3.9278321 
3,1576154975516,12.114009,10.154883,3.7362306 
3,1576154975535,11.294912,9.85311,2.3135889 
3,1576154975555,9.987232,9.460327,0.3879932 
3,1576154975573,8.8951025,8.823253,-0.71371585 
3,1576154975596,7.9083548,7.9227247,-1.092129 
3,1576154975616,6.7779055,6.816226,-0.8047266 
3,1576154975635,5.886958,5.6857767,-0.1580713 
3,1576154975653,5.0918117,4.478687,0.14370118 
3,1576154975676,4.3349857,3.1374757,0.33530274 
3,1576154975692,3.6452198,1.7244141,0.26345217 
3,1576154975715,2.4812403,0.28740236,-0.30177248 
3,1576154975732,0.60354495,-1.0873389,-0.852627 
3,1576154975752,-1.5567628,-2.3423293,-1.4513819 
3,1576154975773,-3.6979103,-3.4871485,-2.088457 
3,1576154975796,-6.2605815,-4.2918754,-2.9219239 
3,1576154975815,-9.278306,-4.5313773,-4.9145803 
3,1576154975834,-9.972861,-4.248765,-8.315508 
3,1576154975854,-9.101074,-5.398374,-10.097403 
3,1576154975875,-12.085269,-7.0126176,-7.558682 
3,1576154975895,-18.987715,-6.7395854,-5.6570363 
3,1576154975914,-23.490353,-4.751719,-9.206455 
3,1576154975937,-23.792126,-3.8559816,-13.239669 
3,1576154975956,-24.869884,-3.9757326,-11.630216 
3,1576154975973,-26.369165,-3.923042,-8.392149 
3,1576154975998,-26.182354,-3.7362306,-8.047266 
3,1576154976019,-25.463848,-3.2284865,-8.866363 
3,1576154976038,-23.935825,-3.0895753,-8.871153 
3,1576154976058,-21.387526,-3.3721876,-7.903565 
3,1576154976078,-18.599722,-3.5781593,-7.1132083 
3,1576154976098,-16.540005,-3.7074904,-6.830596 
3,1576154976118,-14.62399,-3.7410207,-6.912027 
3,1576154976136,-11.831397,-3.8607717,-7.2329593 
3,1576154976158,-9.072334,-3.9134622,-7.031778 
3,1576154976185,-7.0030375,-3.7218604,-6.1408305 
3,1576154976194,-5.8342676,-3.0608351,-5.2882032 
3,1576154976218,-4.129014,-2.4908204,-4.981641 
3,1576154976235,-2.6776319,-1.6286134,-4.2200246 
3,1576154976256,-1.7579445,-0.64186525,-3.1470559 
3,1576154976275,-0.5364844,0.45984375,-3.046465 
3,1576154976297,0.9867481,1.9016455,-3.515889 
3,1576154976318,2.8692336,3.396138,-2.9841945 
3,1576154976336,4.9241605,4.8139896,-1.4801221 
3,1576154976360,7.5395217,6.246211,0.33530274 
3,1576154976378,10.178833,7.5155716,1.7387843 
3,1576154976400,11.769127,8.49274,2.8692336 
3,1576154976420,12.502003,9.278306,2.7830129 
3,1576154976441,12.506792,9.77168,2.0501368 
3,1576154976461,11.845767,9.580078,1.4178516 
3,1576154976480,11.127261,9.0004835,0.74724615 
3,1576154976499,10.380015,8.310719,0.26345217 
3,1576154976522,9.115445,7.6305327,0.1101709 
3,1576154976541,7.711963,6.964717,0.06227051 
3,1576154976560,6.576724,6.12646,0.18681154 
3,1576154976579,5.647456,5.1540823,0.43589357 
3,1576154976601,4.6942387,4.009263,0.4023633 
3,1576154976622,3.65959,2.6776319,0.06706055 
3,1576154976641,2.562671,1.2789404,-0.028740235 
3,1576154976660,1.5471827,0.009580079,-0.10538086 
3,1576154976678,0.2682422,-1.346001,-0.63707525 
3,1576154976697,-1.590293,-2.8740237,-1.3268409 
3,1576154976718,-4.4499464,-4.311035,-1.7483643 
3,1576154976738,-8.032896,-5.2738333,-2.672842 
3,1576154976757,-9.924961,-5.604346,-5.508545 
3,1576154976779,-9.422008,-6.3707523,-8.861572 
3,1576154976799,-10.729688,-7.3622904,-8.679551 
3,1576154976821,-14.782062,-7.879615,-6.471343 
3,1576154976840,-18.738634,-7.2185893,-6.6581545 
3,1576154976860,-20.61154,-6.6102543,-9.417217 
3,1576154976879,-23.05925,-6.09293,-10.073453 
3,1576154976902,-25.871002,-5.513335,-9.0148535 
3,1576154976921,-27.413395,-5.1157618,-8.243657 
3,1576154976943,-28.261232,-4.598438,-8.464 
3,1576154976963,-27.178682,-4.253555,-9.153765 
3,1576154976983,-24.668703,-4.248765,-8.780142 
3,1576154977003,-21.483326,-4.536167,-8.224498 
3,1576154977025,-18.614092,-5.1780324,-7.975415 
3,1576154977044,-17.22977,-5.695357,-7.8412943 
3,1576154977065,-15.87419,-5.997129,-8.780142 
3,1576154977084,-12.995377,-6.236631,-9.977652 
3,1576154977104,-9.278306,-6.476133,-9.72857 
3,1576154977124,-5.743257,-6.5048733,-8.349038 
3,1576154977141,-3.6739602,-5.757627,-6.6102543 
3,1576154977162,-1.2645704,-4.402046,-5.8965383 
3,1576154977182,1.719624,-2.7446926,-5.738467 
3,1576154977201,5.024751,-1.1256592,-4.4643164 
3,1576154977221,7.8987746,1.0202783,-1.7435743 
3,1576154977241,9.431587,3.65959,0.96758795 
3,1576154977261,9.685459,6.0498195,2.5387208 
3,1576154977282,10.111773,7.9083548,2.3662794 
3,1576154977302,10.533297,9.263936,1.9208057 
3,1576154977322,10.380015,10.035132,2.3662794 
3,1576154977343,10.083033,10.3512745,1.949546 
3,1576154977365,9.718989,10.370435,0.9627979 
3,1576154977386,9.144185,10.111773,0.32093263 
3,1576154977403,8.454419,9.6615095,-0.014370117 
3,1576154977426,7.6449027,8.990904,0.019160157 
3,1576154977446,6.8737063,8.195757,0.3161426 
3,1576154977466,6.2749515,7.31439,0.5748047 
3,1576154977486,5.6282964,6.255791,0.7568262 
3,1576154977506,4.9145803,5.0774417,1.0442286 
3,1576154977527,4.167334,3.9278321,1.1400293 
3,1576154977546,3.3530276,2.572251,0.82388675 
3,1576154977565,2.3566992,1.0106983,0.4981641 
3,1576154977587,1.21188,-0.57001466,0.033530276 
3,1576154977607,0.023950197,-2.323169,-0.977168 
3,1576154977627,-0.9627979,-4.176914,-2.0980372 
3,1576154977644,-2.1459377,-6.2941117,-2.6584718 
3,1576154977664,-3.903882,-7.975415,-3.420088 
3,1576154977688,-7.3383403,-9.383687,-4.3301954 
3,1576154977703,-12.478052,-9.80521,-5.384004 
3,1576154977724,-16.396305,-8.55501,-7.798184 
3,1576154977742,-18.16383,-7.4006104,-10.2315235 
3,1576154977763,-19.600842,-7.9706254,-10.370435 
3,1576154977784,-23.887926,-7.941885,-7.8556643 
3,1576154977807,-28.879147,-6.9790874,-7.4101906 
3,1576154977827,-32.577057,-5.949229,-9.479487 
3,1576154977850,-33.97575,-5.0678616,-10.94045 
3,1576154977866,-30.44549,-5.225933,-10.494976 
3,1576154977886,-24.539371,-5.9013286,-8.425679 
3,1576154977913,-19.955303,-6.0737696,-6.7300053 
3,1576154977929,-17.12918,-5.8821683,-6.5288234 
3,1576154977949,-15.256275,-5.513335,-7.5299416 
3,1576154977974,-12.751084,-5.360054,-8.842413 
3,1576154977989,-9.69504,-5.489385,-8.952583 
3,1576154978009,-6.725215,-5.0487013,-7.9466753 
3,1576154978035,-5.2977834,-4.258345,-6.1552005 
3,1576154978052,-4.0523734,-3.3386574,-5.527705 
3,1576154978069,-2.308799,-2.3902297,-5.992339 
3,1576154978090,-1.092129,-1.3507911,-5.484595 
3,1576154978109,0.5221143,-0.488584,-4.0859036 
3,1576154978129,2.44292,0.5748047,-2.198628 
3,1576154978149,4.133804,2.1650977,-0.41194338 
3,1576154978166,5.7959476,3.6404297,0.847837 
3,1576154978188,8.147857,5.206773,2.3327491 
3,1576154978205,9.7621,7.223379,4.282295 
3,1576154978226,10.116563,8.966953,5.3073635 
3,1576154978245,9.77168,10.332115,4.061953 
3,1576154978266,9.287886,11.218272,1.9112257 
3,1576154978288,9.029224,11.314073,0.7711963 
3,1576154978308,9.096285,10.887759,0.14370118 
3,1576154978327,9.019644,10.265054,-0.7232959 
3,1576154978350,8.329878,9.632769,-1.22146 
3,1576154978371,7.5012016,8.899893,-1.4130616 
3,1576154978388,6.6246243,7.975415,-1.4418018 
3,1576154978410,5.934859,6.7539554,-0.7807764 
3,1576154978429,5.4414845,5.3217335,-0.19160157 
3,1576154978449,5.0439115,3.7649708,0.047900394 
3,1576154978469,4.4834766,2.074087,0.14849122 
3,1576154978492,3.3817677,0.25387207,-0.038320314 
3,1576154978512,1.954336,-1.5232325,-0.613125 
3,1576154978532,0.4263135,-3.3578174,-1.3747413 
3,1576154978552,-1.4897022,-5.336104,-1.9974464 
3,1576154978570,-4.7948294,-6.8593364,-2.3135889 
3,1576154978592,-8.162227,-7.573052,-3.8847218 
3,1576154978612,-10.418335,-7.8365045,-6.2941117 
3,1576154978632,-12.521163,-8.238868,-7.8604546 
3,1576154978650,-16.918419,-8.272398,-8.238868 
3,1576154978671,-20.472628,-7.692803,-9.115445 
3,1576154978688,-23.11194,-6.5288234,-9.972861 
3,1576154978712,-24.946524,-5.949229,-9.79084 
3,1576154978727,-27.729538,-5.7624173,-8.052056 
3,1576154978749,-30.196407,-5.1540823,-7.2281694 
3,1576154978768,-29.918585,-4.2104445,-8.334668 
3,1576154978791,-26.541607,-4.2104445,-9.613608 
3,1576154978813,-22.398224,-4.727769,-8.899893 
3,1576154978832,-19.126627,-4.88105,-7.1611085 
3,1576154978850,-16.707657,-4.6750784,-6.3851223 
3,1576154978871,-14.192886,-4.521797,-6.806646 
3,1576154978892,-11.898458,-4.3301954,-7.27128 
3,1576154978913,-9.977652,-4.296665,-7.2329593 
3,1576154978932,-7.3479204,-4.4212065,-6.7635355 
3,1576154978954,-5.5516553,-3.6500099,-5.465435 
3,1576154978974,-4.517007,-2.6584718,-4.282295 
3,1576154978995,-2.6584718,-1.8441651,-3.9709425 
3,1576154979014,-1.3939015,-0.7185059,-3.3147073 
3,1576154979034,-0.34967285,0.41194338,-2.42376 
3,1576154979055,1.5950831,1.695674,-1.6573536 
3,1576154979075,3.8847218,2.9841945,-0.9532178 
3,1576154979095,5.1061816,4.5888577,-0.1101709 
3,1576154979115,5.858218,6.1552005,0.6658155 
3,1576154979133,7.060518,7.434141,1.4609619 
3,1576154979153,8.272398,8.53106,2.1363575 
3,1576154979174,9.091495,9.604029,2.4141798 
3,1576154979196,9.848321,10.356065,2.3854396 
3,1576154979211,10.542876,10.691368,1.9112257 
3,1576154979234,10.581197,10.403965,1.0250684 
3,1576154979251,9.666299,9.944121,-0.12933107 
3,1576154979271,8.58854,9.316627,-1.3555812 
3,1576154979294,7.31918,8.502319,-2.2225783 
3,1576154979313,6.0498195,7.5155716,-2.3902297 
3,1576154979335,4.9720607,6.2270513,-2.078877 
3,1576154979356,4.023633,4.7708793,-1.5711329 
3,1576154979376,3.0943654,3.2859669,-1.1927198 
3,1576154979391,2.1603076,1.6908839,-1.1112891 
3,1576154979416,1.0154883,0.038320314,-1.1352394 
3,1576154979437,-0.35925296,-1.5184424,-1.2645704 
3,1576154979457,-1.8824854,-3.1422658,-1.719624 
3,1576154979471,-3.0847852,-4.6654983,-2.8309133 
3,1576154979496,-4.2056546,-6.246211,-4.6894484 
3,1576154979517,-7.5251517,-7.32876,-5.4175344 
3,1576154979538,-12.856465,-7.472461,-5.8103175 
3,1576154979557,-17.498013,-6.332432,-7.6257424 
3,1576154979574,-18.365011,-6.1552005,-10.653048 
3,1576154979598,-19.380499,-6.255791,-10.360855 
3,1576154979618,-22.632936,-5.767207,-7.7790236 
3,1576154979639,-25.56444,-5.0534916,-6.816226 
3,1576154979656,-27.217003,-4.536167,-7.711963 
3,1576154979680,-27.729538,-4.1002736,-9.1202345 
3,1576154979694,-26.579927,-3.8607717,-9.80521 
3,1576154979714,-23.519093,-3.8080812,-9.465117 
3,1576154979735,-19.47151,-3.9853127,-8.641231 
3,1576154979754,-16.525635,-3.8895118,-7.28565 
3,1576154979774,-14.887442,-3.5206788,-6.5479836 
3,1576154979796,-13.268409,-3.2668068,-6.950347 
3,1576154979818,-11.409874,-3.2189064,-7.31918 
3,1576154979837,-9.220825,-3.4296682,-6.969507 
3,1576154979856,-7.5970025,-3.1231055,-5.958809 
3,1576154979876,-6.710845,-2.5387208,-5.0343313 
3,1576154979897,-5.4606447,-1.8585353,-4.751719 
3,1576154979916,-4.157754,-1.1543995,-4.0667434 
3,1576154979939,-2.9650342,-0.5221143,-2.5914114 
3,1576154979959,-1.8633252,0.34488282,-1.4753321 
3,1576154979979,-0.43589357,1.5950831,-1.2645704 
3,1576154979997,0.76161623,3.3769777,-0.86220706 
3,1576154980018,1.6860938,5.125342,-0.34009278 
3,1576154980039,2.8692336,6.5240335,-0.16765137 
3,1576154980059,4.5074267,7.7359133,-0.244292 
3,1576154980078,6.5048733,8.650811,-0.2921924 
3,1576154980100,8.344249,9.441168,-0.35925296 
3,1576154980119,9.335787,10.054293,-0.17723145 
3,1576154980138,9.833951,10.341695,0.019160157 
3,1576154980159,10.087823,10.255474,0.081430666 
3,1576154980180,9.575289,9.987232,0.047900394 
3,1576154980205,8.722662,9.527389,-0.028740235 
3,1576154980216,8.076006,8.847202,-0.23471193 
3,1576154980236,7.3479204,7.9083548,-0.19160157 
3,1576154980257,6.485713,6.8737063,0.13891114 
3,1576154980277,5.599556,5.6857767,0.43110353 
3,1576154980297,4.6750784,4.4643164,0.41194338 
3,1576154980319,3.7362306,3.1278956,0.086220704 
3,1576154980339,2.7590625,1.5519727,-0.3305127 
3,1576154980362,1.719624,-0.119750984,-0.9196875 
3,1576154980382,0.33530274,-1.9782863,-1.6908839 
3,1576154980402,-1.1448194,-3.8703518,-2.42855 
3,1576154980422,-3.3434474,-5.738467,-3.1566358 
3,1576154980443,-6.581514,-6.9216065,-3.7937112 
3,1576154980462,-11.203902,-6.662945,-4.167334 
3,1576154980482,-14.465919,-5.5803957,-5.364844 
3,1576154980502,-13.301939,-6.3947024,-8.923843 
3,1576154980522,-14.188096,-7.070098,-9.513018 
3,1576154980543,-18.115929,-6.8928666,-7.2521195 
3,1576154980562,-21.885689,-6.3132715,-6.5000834 
3,1576154980581,-25.095016,-5.724097,-9.062755 
3,1576154980603,-28.630064,-4.996011,-11.395503 
3,1576154980622,-30.747263,-4.4116263,-11.208692 
3,1576154980644,-28.783346,-4.526587,-9.75731 
3,1576154980661,-24.184908,-4.7469287,-8.248447 
3,1576154980681,-19.734962,-4.87147,-7.074888 
3,1576154980706,-16.96632,-4.5888577,-6.3084817 
3,1576154980719,-15.285015,-4.267925,-6.351592 
3,1576154980739,-13.809683,-4.0044727,-6.878496 
3,1576154980758,-11.673326,-4.0667434,-7.448511 
3,1576154980780,-9.508228,-3.8464015,-7.4101906 
3,1576154980799,-7.6401124,-3.2141163,-6.830596 
3,1576154980822,-6.4186525,-2.4908204,-5.724097 
3,1576154980841,-5.1636624,-1.8681153,-4.8379397 
3,1576154980863,-3.7122805,-1.1591895,-4.282295 
3,1576154980879,-2.2513185,-0.33530274,-3.6883302 
3,1576154980905,-0.93405765,0.62749517,-2.5770411 
3,1576154980925,0.06706055,1.954336,-1.3268409 
3,1576154980945,1.1687696,3.5015187,-0.38320315 
3,1576154980964,2.6584718,4.9433208,0.086220704 
3,1576154980984,4.526587,6.2893214,0.019160157 
3,1576154981005,6.2270513,7.462881,0.10538086 
3,1576154981025,7.544312,8.425679,0.68976563 
3,1576154981046,8.674761,9.144185,1.1783496 
3,1576154981065,9.484278,9.623189,1.2070899 
3,1576154981085,9.699829,9.72857,1.1208692 
3,1576154981104,9.369317,9.445957,1.1639795 
3,1576154981126,8.947793,8.928633,1.0729688 
3,1576154981143,8.435259,8.401729,0.57001466 
3,1576154981165,7.6401124,7.7598634,0.014370117 
3,1576154981185,6.825806,6.844966,0.014370117 
3,1576154981210,6.09293,5.724097,0.1580713 
3,1576154981222,5.144502,4.6942387,0.2682422 
3,1576154981247,4.176914,3.4248781,0.34967285 
3,1576154981262,3.5733693,1.7675245,0.09101075 
3,1576154981282,2.955454,-0.06227051,-0.37362307 
3,1576154981302,1.7675245,-2.0166066,-0.5556446 
3,1576154981324,-0.3879932,-3.8224514,-0.8286768 
3,1576154981345,-3.2476466,-5.2738333,-1.7148341 
3,1576154981366,-6.447393,-6.1504107,-3.027305 
3,1576154981386,-8.669971,-6.8593364,-5.1061816 
3,1576154981406,-10.7871685,-7.5299416,-7.3383403 
3,1576154981426,-14.394068,-7.9466753,-8.856783 
3,1576154981445,-18.226099,-7.1563187,-9.575289 
3,1576154981468,-20.649858,-6.222261,-11.02667 
3,1576154981488,-23.974146,-5.4366946,-11.759546 
3,1576154981513,-27.581045,-4.4355764,-11.539205 
3,1576154981528,-29.904215,-3.6068995,-11.285333 
3,1576154981549,-30.062286,-3.1853762,-11.132051 
3,1576154981572,-27.552305,-3.290757,-10.427916 
3,1576154981588,-23.983727,-3.8224514,-8.420889 
3,1576154981609,-20.75045,-4.296665,-5.968389 
3,1576154981632,-17.809366,-4.488267,-4.87626 
3,1576154981649,-15.481407,-4.368516,-5.4989653 
3,1576154981667,-13.479171,-4.1721244,-6.825806 
3,1576154981687,-10.97877,-4.018843,-7.846084 
3,1576154981713,-8.866363,-3.319497,-7.6017923 
3,1576154981725,-7.189849,-2.548301,-6.552774 
3,1576154981745,-5.6282964,-1.7723145,-5.384004 
3,1576154981765,-4.3349857,-0.93405765,-4.5840673 
3,1576154981785,-3.1326857,-0.1101709,-4.047583 
3,1576154981805,-1.9782863,0.7376661,-3.5206788 
3,1576154981827,-0.977168,1.5088624,-2.6009912 
3,1576154981847,-0.100590825,2.5051906,-1.7004639 
3,1576154981867,1.2645704,3.5494192,-1.4465919 
3,1576154981888,2.6584718,4.5888577,-1.1591895 
3,1576154981906,4.0044727,5.910908,-0.43110353 
3,1576154981926,5.8821683,7.5203614,0.05269043 
3,1576154981950,8.181387,8.56459,0.6227051 
3,1576154981969,9.479487,9.239985,2.0405567 
3,1576154981991,9.608819,9.867481,2.8883936 
3,1576154982011,9.211246,10.202784,2.0070264 
3,1576154982030,8.368198,10.317744,0.37362307 
3,1576154982051,7.510782,9.958491,-0.3544629 
3,1576154982071,7.117998,9.172925,-0.30177248 
3,1576154982091,6.8737063,8.138277,-0.14370118 
3,1576154982111,6.3947024,7.0030375,0.033530276 
3,1576154982129,5.7863674,5.709727,0.25387207 
3,1576154982149,4.8283596,4.4451566,0.43110353 
3,1576154982169,3.68354,3.1853762,0.35925296 
3,1576154982188,2.6297317,1.7866846,-0.12933107 
3,1576154982206,1.1783496,0.27303225,-0.51732427 
3,1576154982227,-0.8143067,-1.1783496,-0.47900394 
3,1576154982247,-2.8404932,-2.4093897,-1.096919 
3,1576154982268,-4.397256,-3.4631984,-2.672842 
3,1576154982287,-6.09293,-4.4738965,-4.1864944 
3,1576154982310,-8.143066,-5.0822315,-5.527705 
3,1576154982329,-10.063872,-5.733677,-6.974297 
3,1576154982350,-12.2433405,-6.2031007,-8.032896 
3,1576154982371,-15.356866,-6.11209,-9.091495 
3,1576154982392,-17.325573,-5.326524,-10.279425 
3,1576154982412,-16.712446,-5.704937,-9.857901 
3,1576154982432,-18.556612,-6.1647806,-7.6257424 
3,1576154982451,-23.600523,-5.5516553,-7.783814 
3,1576154982473,-28.452833,-4.287085,-11.00272 
3,1576154982493,-30.234728,-3.180586,-13.124707 
3,1576154982513,-27.921139,-3.4584084,-12.061319 
3,1576154982533,-23.442451,-3.8272414,-9.513018 
3,1576154982553,-19.289488,-4.038003,-7.563472 
3,1576154982572,-16.554377,-3.8511915,-7.1467385 
3,1576154982594,-15.237115,-3.5829494,-7.702383 
3,1576154982614,-14.010865,-3.5015187,-8.344249 
3,1576154982634,-12.032578,-3.7314405,-8.650811 
3,1576154982654,-9.833951,-3.9278321,-8.047266 
3,1576154982672,-7.807764,-3.5494192,-6.9934573 
3,1576154982692,-6.6198344,-3.0608351,-5.872588 
3,1576154982713,-5.4223247,-2.5195606,-5.484595 
3,1576154982732,-4.2008643,-1.6765138,-5.5516553 
3,1576154982750,-2.787803,-0.79993653,-5.221143 
3,1576154982770,-1.0633887,0.009580079,-3.903882 
3,1576154982790,0.34967285,1.0873389,-2.2417383 
3,1576154982811,1.7148341,2.4525,-0.87178713 
3,1576154982833,3.4823585,3.8464015,0.009580079 
3,1576154982852,4.8427296,5.2355127,0.87178713 
3,1576154982871,5.824688,6.591094,1.9734962 
3,1576154982896,7.3527102,7.606582,3.0656252 
3,1576154982916,9.129815,8.4448395,3.8080812 
3,1576154982933,10.504556,9.148975,3.9853127 
3,1576154982950,11.424244,9.474698,3.7458107 
3,1576154982973,11.227852,9.287886,3.2189064 
3,1576154982994,10.6817875,8.851993,2.2656887 
3,1576154983012,9.972861,8.167017,1.3795313 
3,1576154983035,8.689131,7.414981,0.9867481 
3,1576154983059,7.237749,6.5336137,0.5843848 
3,1576154983076,5.839058,5.5372853,0.1580713 
3,1576154983096,4.502637,4.493057,0.1101709 
3,1576154983117,3.2189064,3.2620168,-0.033530276 
3,1576154983134,2.2896388,1.7292042,-0.6849756 
3,1576154983160,1.4274317,-0.100590825,-1.1352394 
3,1576154983173,-0.05748047,-1.9303858,-1.341211 
3,1576154983194,-1.4465919,-3.7458107,-2.2273684 
3,1576154983215,-3.8224514,-5.2115626,-3.2189064 
3,1576154983237,-6.744375,-5.839058,-5.1684523 
3,1576154983255,-8.2197075,-6.4426026,-8.004155 
3,1576154983273,-10.442286,-7.055728,-8.4448395 
3,1576154983293,-14.676681,-7.204219,-6.821016 
3,1576154983317,-18.925446,-6.4905033,-7.2760696 
3,1576154983335,-22.996979,-5.264253,-9.618399 
3,1576154983358,-27.95946,-4.0427933,-10.265054 
3,1576154983376,-31.968721,-2.8788135,-10.217154 
3,1576154983397,-32.500416,-2.203418,-10.7871685 
3,1576154983418,-29.985645,-2.323169,-9.800421 
3,1576154983438,-25.368048,-2.8357031,-8.267608 
3,1576154983459,-20.69776,-3.3290772,-7.2664895 
3,1576154983479,-17.656084,-3.4440382,-6.6198344 
3,1576154983499,-15.85982,-3.3338673,-6.662945 
3,1576154983519,-14.164146,-3.439248,-7.2664895 
3,1576154983539,-11.922408,-3.5542092,-7.553892 
3,1576154983559,-10.087823,-3.290757,-6.959927 
3,1576154983576,-8.746612,-2.8452833,-6.1312504 
3,1576154983599,-7.199429,-2.5339308,-5.9204884 
3,1576154983616,-5.5708156,-2.1650977,-5.709727 
3,1576154983639,-4.028423,-1.4370118,-5.350474 
3,1576154983660,-2.2513185,-0.57959473,-4.430786 
3,1576154983678,-0.67539555,0.46942386,-2.7782228 
3,1576154983698,1.2070899,1.5088624,-1.949546 
3,1576154983725,3.6739602,2.4189699,-1.1400293 
3,1576154983737,6.4090724,3.4488282,0.34967285 
3,1576154983756,8.828042,4.7804594,2.083667 
3,1576154983776,9.939331,6.4426026,3.2859669 
3,1576154983795,10.073453,7.903565,3.420088 
3,1576154983815,10.389595,9.067544,2.7446926 
3,1576154983837,11.0123005,9.75252,1.9974464 
3,1576154983859,10.98835,9.81,2.1698878 
3,1576154983877,10.514136,9.73815,1.5136524 
3,1576154983898,9.81,9.627979,0.23471193 
3,1576154983917,8.57417,9.206455,-0.13891114 
3,1576154983939,7.055728,8.708291,-0.14849122 
3,1576154983960,5.637876,8.095166,-0.21076173 
3,1576154983982,4.4499464,7.3718705,-0.13891114 
3,1576154984002,3.7985013,6.4186525,0.10538086 
3,1576154984022,3.5733693,5.096602,0.45026368 
3,1576154984042,3.1374757,3.7027004,0.36883304 
3,1576154984062,2.0357666,2.318379,0.23950197 
3,1576154984082,0.5412744,0.977168,-0.28261232 
3,1576154984102,-0.6514453,-0.20597169,-1.0442286 
3,1576154984120,-2.0932472,-1.4178516,-1.3891114 
3,1576154984139,-3.5063088,-2.6153615,-2.179468 
3,1576154984161,-4.392466,-3.7314405,-3.2093263 
3,1576154984179,-5.704937,-4.608018,-3.923042 
3,1576154984199,-6.581514,-5.6426663,-4.905 
3,1576154984217,-8.703502,-6.710845,-5.225933 
3,1576154984241,-12.21939,-6.844966,-5.6761966 
3,1576154984259,-15.395186,-6.595884,-6.969507 
3,1576154984279,-18.120718,-6.2653713,-8.57417 
3,1576154984298,-20.300186,-5.877378,-10.327325 
3,1576154984322,-23.10236,-5.853428,-10.91171 
3,1576154984340,-27.327173,-5.2019825,-11.433824 
3,1576154984359,-30.440699,-4.152964,-12.851675 
3,1576154984380,-30.105396,-3.7314405,-12.923526 
3,1576154984403,-26.091345,-4.3493557,-10.935659 
3,1576154984424,-21.516857,-5.1971927,-8.660391 
3,1576154984443,-19.40445,-5.3169436,-7.2760696 
3,1576154984466,-17.723145,-5.4223247,-7.4101906 
3,1576154984485,-15.692168,-5.5947657,-7.965835 
3,1576154984498,-13.642032,-5.815108,-7.683223 
3,1576154984523,-10.897339,-6.1456203,-6.725215 
3,1576154984544,-8.473579,-6.0402393,-6.212681 
3,1576154984561,-7.3479204,-5.489385,-5.7480474 
3,1576154984583,-5.824688,-4.8906302,-5.513335 
3,1576154984601,-3.9853127,-4.397256,-5.230723 
3,1576154984621,-1.7723145,-3.530259,-5.0343313 
3,1576154984639,0.22992188,-2.1219873,-4.8283596 
3,1576154984659,1.5567628,-0.19160157,-3.9565725 
3,1576154984679,3.6116896,1.7292042,-3.1614258 
3,1576154984699,6.1935205,3.7649708,-2.6345215 
3,1576154984719,8.085587,5.9204884,-2.0166066 
3,1576154984738,9.72857,7.7454934,-1.3555812 
3,1576154984758,11.721226,9.115445,-0.9053174 
3,1576154984779,13.158237,10.073453,-0.732876 
3,1576154984799,13.206139,10.499766,-0.23471193 
3,1576154984824,12.406201,10.365645,-0.19160157 
3,1576154984840,11.328443,9.905801,-0.852627 
3,1576154984861,10.121353,9.436378,-1.5519727 
3,1576154984882,8.880733,8.808882,-1.8489552 
3,1576154984904,7.453301,7.941885,-1.4034815 
3,1576154984924,6.1935205,7.065308,-0.50774413 
3,1576154984943,5.709727,6.0354495,-0.09101075 
3,1576154984968,5.2594633,4.89542,-0.081430666 
3,1576154984984,4.608018,3.6739602,-0.11496094 
3,1576154985004,3.66438,2.299219,-0.33530274 
3,1576154985023,2.2273684,0.8286768,-0.7041358 
3,1576154985044,0.76161623,-0.5556446,-1.4897022 
3,1576154985068,-0.41194338,-2.1028273,-2.44771 
3,1576154985085,-1.4609619,-3.9948928,-2.9746144 
3,1576154985106,-3.4057178,-5.7480474,-2.9746144 
3,1576154985127,-4.7229786,-7.1419487,-3.8607717 
3,1576154985144,-5.8917484,-8.789722,-4.88105 
3,1576154985172,-9.148975,-9.81958,-4.7804594 
3,1576154985184,-11.395503,-10.169253,-6.231841 
3,1576154985205,-12.4541025,-10.662627,-7.807764 
3,1576154985229,-15.495777,-10.882969,-7.6161623 
3,1576154985243,-20.122955,-11.304493,-7.079678 
3,1576154985263,-28.10795,-10.705738,-7.0269876 
3,1576154985289,-34.291893,-9.388477,-10.466236 
3,1576154985304,-36.69649,-8.339458,-13.464801 
3,1576154985323,-35.42713,-7.932305,-11.529625 
3,1576154985353,-29.45395,-8.847202,-7.592212 
3,1576154985367,-23.437662,-9.685459,-5.1732426 
3,1576154985388,-19.437979,-9.402847,-4.799619 
3,1576154985408,-17.100441,-8.804092,-5.5708156 
3,1576154985427,-15.471827,-8.57896,-6.476133 
3,1576154985449,-13.1438675,-8.602911,-7.1371584 
3,1576154985469,-10.868599,-7.9849954,-6.983877 
3,1576154985487,-8.914263,-6.983877,-6.3707523 
3,1576154985506,-7.0413575,-6.1599903,-5.633086 
3,1576154985528,-5.7719975,-5.3169436,-4.526587 
3,1576154985547,-3.784131,-4.617598,-4.5457473 
3,1576154985568,-2.5962012,-3.5542092,-4.4451566 
3,1576154985589,-1.3986914,-2.4860303,-4.382886 
3,1576154985608,-0.13891114,-1.2406201,-3.9565725 
3,1576154985629,0.8861573,0.21555176,-3.2859669 
3,1576154985649,3.319497,1.8537452,-3.1422658 
3,1576154985670,5.1636624,3.5685792,-2.0549269 
3,1576154985689,6.4426026,5.2929935,-1.1352394 
3,1576154985707,8.847202,6.9024467,-1.5998731 
3,1576154985726,11.136841,8.334668,-1.3076807 
3,1576154985746,12.25292,9.359736,0.07185059 
3,1576154985766,12.597803,9.958491,1.0585986 
3,1576154985786,12.463682,10.111773,1.0346485 
3,1576154985807,11.936778,10.044712,0.34967285 
3,1576154985828,11.270963,9.848321,-0.35925296 
3,1576154985848,10.083033,9.321417,-0.45505372 
3,1576154985869,8.784932,8.612491,-0.30177248 
3,1576154985892,7.5874224,7.8604546,-0.26345217 
3,1576154985912,6.7539554,6.8976564,-0.244292 
3,1576154985932,6.12646,5.6761966,-0.07664063 
3,1576154985952,5.494175,4.263135,0.16765137 
3,1576154985972,4.6990285,2.7830129,0.1820215 
3,1576154985990,3.5925295,1.2933106,0.06706055 
3,1576154986010,2.1124072,-0.2921924,-0.033530276 
3,1576154986032,0.4167334,-1.8537452,-0.37362307 
3,1576154986052,-1.4370118,-3.4871485,-1.0585986 
3,1576154986072,-3.1470559,-4.996011,-2.1315675 
3,1576154986092,-4.3254056,-6.4426026,-3.7218604 
3,1576154986113,-5.585186,-8.310719,-4.799619 
3,1576154986132,-8.583751,-9.589659,-4.742139 
3,1576154986151,-11.860137,-10.317744,-4.9529004 
3,1576154986171,-15.380816,-10.303374,-5.815108 
3,1576154986190,-20.554058,-10.394385,-6.586304 
3,1576154986209,-28.572584,-9.187295,-7.6257424 
3,1576154986229,-33.91348,-7.070098,-9.273516 
3,1576154986248,-35.101406,-5.934859,-9.359736 
3,1576154986269,-34.22004,-5.3073635,-7.5059915 
3,1576154986288,-30.019176,-5.1971927,-5.910908 
3,1576154986309,-24.893833,-5.5516553,-4.785249 
3,1576154986330,-20.855831,-5.8055277,-3.5494192 
3,1576154986373,-18.891914,-5.7959476,-3.0847852 
3,1576154986375,-18.216518,-5.8055277,-4.176914 
3,1576154986390,-17.04775,-5.824688,-5.9252787 
3,1576154986408,-14.235996,-5.5564456,-7.094048 
3,1576154986428,-10.902129,-5.3217335,-6.3084817 
3,1576154986448,-7.4006104,-5.158872,-4.703819 
3,1576154986469,-4.277505,-4.488267,-3.6452198 
3,1576154986491,-2.6967921,-3.295547,-2.7973828 
3,1576154986511,-1.7244141,-2.1171973,-2.5770411 
3,1576154986533,-0.19639161,-0.7759864,-2.8357031 
3,1576154986553,1.5088624,0.60354495,-2.936294 
3,1576154986572,2.8452833,2.2129982,-2.1219873 
3,1576154986595,4.550537,4.1098537,-1.7435743 
3,1576154986612,5.039121,6.0593996,-1.5998731 
3,1576154986632,4.91937,7.774234,-0.9627979 
3,1576154986656,5.647456,8.775352,-0.6945557 
3,1576154986676,6.476133,9.196876,0.06227051 
3,1576154986694,8.454419,9.4507475,0.48379397 
3,1576154986713,10.375225,9.460327,0.91010743 
3,1576154986731,11.136841,9.412427,1.5950831 
3,1576154986752,11.2374325,9.163345,1.8345851 
3,1576154986772,10.91171,8.856783,1.331631 
3,1576154986792,10.150093,8.55501,0.6227051 
3,1576154986812,9.268726,8.080796,0.043110352 
3,1576154986834,8.301138,7.3575,-0.3784131 
3,1576154986852,7.32876,6.456973,-0.3784131 
3,1576154986874,6.452183,5.2977834,-0.31135255 
3,1576154986897,5.5324955,4.0859036,-0.2778223 
3,1576154986918,4.387676,2.8931837,-0.5029541 
3,1576154986935,2.792593,1.4274317,-0.86220706 
3,1576154986957,0.79993653,-0.1101709,-0.9867481 
3,1576154986973,-1.2358302,-1.4322218,-1.4418018 
3,1576154986996,-2.1267774,-2.9171338,-3.046465 
3,1576154987016,-3.539839,-4.655918,-4.373306 
3,1576154987038,-7.573052,-5.609136,-4.4212065 
3,1576154987058,-10.744058,-5.9204884,-4.5313773 
3,1576154987077,-11.347603,-6.13604,-5.360054 
3,1576154987093,-11.658956,-7.185059,-6.016289 
3,1576154987117,-14.235996,-8.047266,-5.230723 
3,1576154987136,-18.044079,-7.702383,-4.641548 
3,1576154987158,-20.783981,-7.1084185,-5.6905665 
3,1576154987176,-23.480772,-7.046148,-5.997129 
3,1576154987196,-27.715168,-6.6533647,-5.0630717 
3,1576154987217,-30.091026,-5.613926,-5.853428 
3,1576154987236,-29.985645,-4.8139896,-6.715635 
3,1576154987255,-27.427765,-4.493057,-6.3132715 
3,1576154987274,-23.04967,-4.622388,-5.149292 
3,1576154987295,-19.289488,-4.742139,-3.4967287 
3,1576154987315,-17.15792,-4.296665,-2.43813 
3,1576154987337,-15.984361,-3.5685792,-2.8836036 
3,1576154987356,-14.394068,-3.0704153,-3.515889 
3,1576154987376,-12.861256,-2.44292,-4.512217 
3,1576154987396,-11.960728,-1.7962648,-5.7863674 
3,1576154987419,-11.074571,-1.695674,-5.4271145 
3,1576154987440,-10.154883,-2.3519094,-4.0427933 
3,1576154987459,-8.727451,-3.0704153,-3.4296682 
3,1576154987479,-6.8737063,-3.5206788,-3.5254688 
3,1576154987499,-5.278623,-3.4536183,-3.4823585 
3,1576154987520,-3.544629,-2.8644435,-3.6068995 
3,1576154987541,-2.064507,-1.6429834,-3.2045362 
3,1576154987560,-0.90052736,0.0047900393,-1.7866846 
3,1576154987579,0.52690434,1.8010547,-0.3305127 
3,1576154987601,2.5051906,3.6116896,0.74724615 
3,1576154987621,4.5792775,5.1540823,1.7339942 
3,1576154987641,6.0593996,6.8114357,2.9027638 
3,1576154987661,7.094048,8.329878,2.8692336 
3,1576154987681,7.941885,9.326206,2.5004005 
3,1576154987699,8.665181,10.030342,2.4764502 
3,1576154987726,10.097403,10.245894,1.9830762 
3,1576154987739,11.419454,10.154883,0.91010743 
3,1576154987757,11.702065,9.862691,0.019160157 
3,1576154987779,11.443404,9.302257,-0.07664063 
3,1576154987798,10.700948,8.56938,0.16286133 
3,1576154987817,9.426797,7.8604546,0.44547364 
3,1576154987837,8.243657,6.974297,0.90052736 
3,1576154987860,7.2808595,5.9300685,1.2789404 
3,1576154987879,6.4186525,4.7804594,1.3843213 
3,1576154987899,5.489385,3.5733693,1.22146 
3,1576154987919,4.6128078,2.1555176,0.82388675 
3,1576154987942,3.4775686,0.613125,0.35925296 
3,1576154987967,1.8010547,-1.0298585,0.0047900393 
3,1576154987983,-0.14849122,-2.6009912,-0.613125 
3,1576154988003,-2.1315675,-4.014053,-1.585503 
3,1576154988023,-4.392466,-5.2882032,-2.562671 
3,1576154988043,-6.792276,-6.4138627,-3.8607717 
3,1576154988063,-9.508228,-7.055728,-4.9624805 
3,1576154988085,-11.769127,-7.448511,-7.074888 
3,1576154988103,-16.00831,-7.7311234,-8.636441 
3,1576154988123,-19.969673,-6.7683253,-9.3453665 
3,1576154988141,-20.783981,-5.719307,-8.976534 
3,1576154988162,-22.546715,-5.7959476,-6.0498195 
3,1576154988182,-27.873238,-5.6857767,-3.5542092 
3,1576154988202,-33.05606,-4.7948294,-5.1061816 
3,1576154988227,-34.876274,-3.7410207,-8.689131 
3,1576154988240,-31.58552,-3.5685792,-10.466236 
3,1576154988260,-25.066275,-4.521797,-8.301138 
3,1576154988280,-19.59126,-5.384004,-4.636758 
3,1576154988300,-16.961529,-5.3025737,-2.6536818 
3,1576154988321,-15.725698,-4.8666797,-3.4967287 
3,1576154988342,-14.3749075,-4.5601172,-5.5372853 
3,1576154988362,-12.425362,-4.4834766,-6.6485744 
3,1576154988385,-10.533297,-4.5457473,-5.886958 
3,1576154988405,-8.8951025,-4.4259963,-4.598438 
3,1576154988425,-7.094048,-4.0763235,-4.373306 
3,1576154988445,-5.704937,-3.4631984,-4.272715 
3,1576154988465,-3.9278321,-2.926714,-4.0427933 
3,1576154988485,-1.6477735,-2.2225783,-3.5494192 
3,1576154988506,-0.09580079,-0.8095166,-2.0070264 
3,1576154988526,2.5147705,0.60833496,-1.5615528 
3,1576154988546,5.5420756,2.3327491,-1.4801221 
3,1576154988564,8.464,4.3445654,-0.5556446 
3,1576154988584,10.815908,6.2605815,0.9915381 
3,1576154988606,11.663746,7.965835,3.0081446 
3,1576154988626,11.769127,9.158555,3.8464015 
3,1576154988646,12.315191,9.910591,2.9841945 
3,1576154988666,12.334352,10.025552,2.2177882 
3,1576154988686,11.534414,9.75252,1.7579445 
3,1576154988705,10.600357,9.287886,1.2549903 
3,1576154988728,9.656719,8.861572,0.5460645 
3,1576154988742,8.58854,8.358619,0.06227051 
3,1576154988767,7.5299416,7.568262,0.05748047 
3,1576154988783,6.710845,6.6437845,0.35925296 
3,1576154988803,6.05461,5.613926,0.6849756 
3,1576154988829,5.101392,4.512217,0.7759864 
3,1576154988844,3.8895118,3.4296682,0.5987549 
3,1576154988864,2.6153615,2.2273684,0.31135255 
3,1576154988892,0.9627979,0.9148975,-0.09580079 
3,1576154988908,-0.9627979,-0.23471193,-0.7185059 
3,1576154988928,-2.44771,-1.2358302,-1.9064356 
3,1576154988954,-3.558999,-2.4716604,-2.9698243 
3,1576154988968,-5.1061816,-3.558999,-3.5877395 
3,1576154988989,-6.581514,-4.368516,-4.287085 
3,1576154989009,-7.185059,-5.398374,-5.029541 
3,1576154989029,-8.344249,-6.595884,-5.010381 
3,1576154989049,-10.322535,-7.3575,-5.384004 
3,1576154989069,-12.530743,-7.2521195,-6.5048733 
3,1576154989087,-14.087505,-7.438931,-7.3096 
3,1576154989109,-16.463366,-8.296348,-6.825806 
3,1576154989128,-22.723946,-8.272398,-6.5048733 
3,1576154989149,-29.976067,-6.806646,-8.804092 
3,1576154989169,-33.448845,-5.245093,-12.339141 
3,1576154989187,-33.21413,-4.6607084,-12.396622 
3,1576154989208,-29.19529,-5.0534916,-9.359736 
3,1576154989237,-23.456821,-5.599556,-6.940767 
3,1576154989246,-18.604513,-5.623506,-5.997129 
3,1576154989272,-16.037052,-5.101392,-5.7815776 
3,1576154989285,-14.911392,-4.4834766,-6.198311 
3,1576154989306,-13.709092,-4.129014,-6.935977 
3,1576154989325,-12.042159,-4.2056546,-7.055728 
3,1576154989347,-10.777588,-3.8703518,-6.212681 
3,1576154989366,-9.517808,-3.2620168,-5.853428 
3,1576154989388,-8.301138,-2.8213332,-5.8917484 
3,1576154989412,-7.6449027,-2.5243506,-5.623506 
3,1576154989430,-6.725215,-2.304009,-5.6905665 
3,1576154989450,-5.2882032,-2.1315675,-5.5803957 
3,1576154989468,-3.8607717,-1.7818946,-4.751719 
3,1576154989491,-2.6057813,-1.0250684,-3.68354 
3,1576154989512,-1.0729688,-0.09101075,-3.0033545 
3,1576154989532,0.89573735,1.1256592,-2.2608986 
3,1576154989550,3.295547,2.4908204,-0.89573735 
3,1576154989569,5.455855,3.9326222,0.6706055 
3,1576154989592,7.223379,5.465435,2.2848487 
3,1576154989612,9.249566,7.046148,3.4584084 
3,1576154989632,11.064991,8.229287,3.9422023 
3,1576154989652,11.4625635,9.206455,4.387676 
3,1576154989672,11.285333,9.78605,3.908672 
3,1576154989691,11.275752,9.881851,2.672842 
3,1576154989709,11.122471,9.627979,1.5184424 
3,1576154989731,10.499766,9.302257,0.8430469 
3,1576154989748,9.580078,8.794512,0.47900394 
3,1576154989767,8.53106,8.119117,0.38320315 
3,1576154989786,7.5203614,7.3958206,0.45984375 
3,1576154989806,6.6581545,6.5384035,0.6514453 
3,1576154989826,5.9013286,5.4750147,0.7041358 
3,1576154989848,5.0343313,4.3445654,0.7041358 
3,1576154989868,3.9517825,3.0129347,0.6562354 
3,1576154989888,2.663262,1.5136524,0.39278322 
3,1576154989910,1.1783496,0.1101709,-0.16765137 
3,1576154989933,-0.1820215,-1.1879297,-1.2885206 
3,1576154989953,-1.465752,-2.6105714,-2.7255323 
3,1576154989972,-3.1566358,-4.1050634,-3.5015187 
3,1576154989994,-5.829478,-5.4175344,-3.5494192 
3,1576154990012,-9.182506,-5.8103175,-4.3301954 
3,1576154990032,-11.136841,-5.1876125,-6.4905033 
3,1576154990055,-10.092612,-5.1971927,-8.804092 
3,1576154990074,-9.469908,-6.816226,-7.999366 
3,1576154990095,-13.014537,-7.8029737,-5.589976 
3,1576154990114,-18.135088,-7.32397,-6.5048733 
3,1576154990132,-22.628145,-5.7863674,-11.160791 
3,1576154990155,-25.875792,-4.9529004,-14.259947 
3,1576154990173,-28.03131,-4.517007,-12.765454 
3,1576154990193,-28.337872,-4.277505,-10.174044 
3,1576154990212,-27.863659,-3.908672,-8.741821 
3,1576154990233,-25.051905,-3.774551,-8.856783 
3,1576154990251,-21.387526,-4.014053,-8.262817 
3,1576154990272,-18.556612,-4.191284,-6.361172 
3,1576154990293,-17.06691,-4.138594,-5.120552 
3,1576154990311,-16.113691,-4.152964,-5.369634 
3,1576154990333,-14.67189,-4.253555,-6.2797413 
3,1576154990353,-13.230088,-3.8799317,-6.8737063 
3,1576154990374,-11.323653,-3.6021094,-6.969507 
3,1576154990393,-8.890313,-3.544629,-6.456973 
3,1576154990416,-7.2281694,-3.2189064,-5.336104 
3,1576154990436,-6.1408305,-2.4093897,-4.991221 
3,1576154990456,-4.009263,-1.5280225,-5.9156985 
3,1576154990476,-2.42855,-0.9196875,-5.0534916 
3,1576154990497,-1.5471827,-0.5604346,-3.027305 
3,1576154990517,-0.6610254,0.19639161,-2.0980372 
3,1576154990537,0.5843848,1.3124708,-2.088457 
3,1576154990556,2.2513185,2.3806496,-1.8585353 
3,1576154990572,3.9565725,3.3721876,-0.9436377 
3,1576154990595,5.6714063,4.493057,0.2778223 
3,1576154990618,6.912027,5.704937,1.4849122 
3,1576154990637,8.167017,7.0078273,1.9687061 
3,1576154990658,9.369317,8.214917,2.2752686 
3,1576154990678,10.475816,8.957374,2.8548634 
3,1576154990697,11.611055,9.268726,3.5254688 
3,1576154990715,11.745176,9.441168,4.148174 
3,1576154990736,10.94524,9.398057,4.009263 
3,1576154990754,10.0063925,9.110655,2.8452833 
3,1576154990773,9.206455,8.655601,1.5471827 
3,1576154990794,8.372989,7.999366,0.6706055 
3,1576154990815,7.5155716,7.194639,0.11496094 
3,1576154990835,6.6533647,6.1456203,-0.09580079 
3,1576154990856,5.7001467,4.9529004,0.05748047 
3,1576154990875,4.718189,3.6500099,0.21076173 
3,1576154990898,3.5063088,2.2896388,0.23471193 
3,1576154990918,2.0932472,0.98195803,0.05269043 
3,1576154990937,0.63707525,-0.26345217,-0.60833496 
3,1576154990958,-0.68018556,-1.6381935,-1.4849122 
3,1576154990979,-2.1315675,-3.027305,-2.2225783 
3,1576154990998,-3.4584084,-4.157754,-3.2620168 
3,1576154991024,-4.277505,-5.3935843,-4.368516 
3,1576154991033,-5.8677983,-7.079678,-4.263135 
3,1576154991059,-9.68067,-8.152647,-3.3721876 
3,1576154991080,-13.41211,-7.2760696,-4.8571 
3,1576154991098,-14.595249,-6.1695704,-8.727451 
3,1576154991119,-14.57609,-7.688013,-10.030342 
3,1576154991138,-18.982925,-8.741821,-7.36708 
3,1576154991158,-26.014704,-8.406519,-6.7635355 
3,1576154991178,-31.484928,-6.912027,-10.394385 
3,1576154991198,-33.822468,-5.743257,-13.057647 
3,1576154991218,-32.217804,-5.877378,-11.132051 
3,1576154991241,-27.964249,-6.5192432,-7.434141 
3,1576154991256,-23.29396,-6.8976564,-5.388794 
3,1576154991275,-19.950514,-6.7635355,-4.9337406 
3,1576154991297,-18.30274,-6.2941117,-5.0582814 
3,1576154991317,-16.808249,-5.977969,-5.7911572 
3,1576154991337,-15.203585,-5.733677,-6.207891 
3,1576154991357,-13.292359,-5.575606,-6.05461 
3,1576154991379,-11.601475,-5.4127445,-5.1732426 
3,1576154991400,-9.292676,-5.110972,-5.0439115 
3,1576154991422,-6.945557,-4.5792775,-5.613926 
3,1576154991439,-4.7469287,-3.8751419,-5.518125 
3,1576154991460,-2.9219239,-3.0704153,-4.799619 
3,1576154991482,-1.1208692,-2.1650977,-4.1721244 
3,1576154991502,0.32572266,-1.0011182,-3.2284865 
3,1576154991522,1.8202149,0.43110353,-2.44771 
3,1576154991542,3.7697608,1.9591261,-1.9351759 
3,1576154991562,5.3313136,3.66438,-0.79035646 
3,1576154991581,6.08814,5.120552,0.5460645 
3,1576154991603,6.5288234,6.5192432,1.21188 
3,1576154991622,7.568262,7.812554,0.7232959 
3,1576154991643,9.029224,8.741821,0.27303225 
3,1576154991663,10.193204,9.350157,0.75203615 
3,1576154991683,11.136841,9.68067,1.5663428 
3,1576154991702,11.783497,9.6615095,2.0166066 
3,1576154991721,11.663746,9.426797,1.9064356 
3,1576154991742,10.796748,9.038804,1.3028907 
3,1576154991760,9.78605,8.48316,0.74724615 
3,1576154991784,8.741821,7.5970025,0.57959473 
3,1576154991800,7.711963,6.5000834,0.4742139 
3,1576154991819,6.605464,5.384004,0.38320315 
3,1576154991840,5.345684,4.2343946,0.29698244 
3,1576154991861,4.018843,3.0608351,-0.13891114 
3,1576154991881,2.7399025,1.8489552,-0.79035646 
3,1576154991902,1.4178516,0.4981641,-1.2597803 
3,1576154991922,0.17723145,-0.8143067,-1.829795 
3,1576154991944,-0.96758795,-2.4045997,-2.7590625 
3,1576154991963,-2.059717,-4.0811133,-3.8320315 
3,1576154991982,-4.5313773,-5.470225,-3.9661524 
3,1576154992001,-7.568262,-6.356382,-4.176914 
3,1576154992020,-8.990904,-7.424561,-5.8965383 
3,1576154992045,-11.06978,-8.387359,-7.7407036 
3,1576154992062,-15.184424,-7.793394,-8.8951025 
3,1576154992085,-16.702868,-7.453301,-10.140513 
3,1576154992106,-17.565075,-8.665181,-9.637559 
3,1576154992128,-22.656885,-8.775352,-7.2521195 
3,1576154992143,-29.16655,-7.438931,-7.4580913 
3,1576154992165,-34.28231,-5.513335,-10.609937 
3,1576154992183,-34.14819,-4.5601172,-13.000167 
3,1576154992203,-29.28151,-4.9433208,-11.467354 
3,1576154992224,-23.600523,-5.4606447,-7.7694435 
3,1576154992246,-18.762585,-5.6666164,-5.5324955 
3,1576154992262,-16.803457,-5.1397123,-5.096602 
3,1576154992281,-16.578325,-4.373306,-6.2845316 
3,1576154992302,-14.839541,-4.1146436,-8.176597 
3,1576154992322,-12.085269,-4.296665,-8.406519 
3,1576154992342,-10.130933,-4.402046,-6.672525 
3,1576154992364,-8.6077,-4.0667434,-5.101392 
3,1576154992385,-6.5479836,-3.65959,-4.88584 
3,1576154992404,-4.84752,-3.0225148,-4.622388 
3,1576154992426,-3.774551,-2.2273684,-4.2152348 
3,1576154992446,-3.0177248,-1.3939015,-3.7362306 
3,1576154992465,-2.0980372,-0.6658155,-2.8931837 
3,1576154992485,-0.32572266,0.1101709,-2.2944288 
3,1576154992502,1.4082716,1.3172607,-1.5184424 
3,1576154992522,2.9171338,2.787803,-0.39757326 
3,1576154992549,4.905,4.4643164,0.15328126 
3,1576154992562,7.0509377,6.0258694,0.8095166 
3,1576154992587,9.062755,7.2329593,2.304009 
3,1576154992612,11.00751,8.109536,3.8464015 
3,1576154992624,12.25292,8.784932,4.6654983 
3,1576154992648,12.607384,9.067544,4.493057 
3,1576154992669,12.463682,9.057964,3.3530276 
3,1576154992688,11.615846,8.923843,1.829795 
3,1576154992708,10.255474,8.708291,0.57959473 
3,1576154992726,9.048384,8.291558,-0.34009278 
3,1576154992747,7.893985,7.6113725,-0.7711963 
3,1576154992766,6.7539554,6.7491655,-0.49337405 
3,1576154992784,5.7863674,5.733677,-0.09580079 
3,1576154992804,4.8283596,4.5457473,0.14849122 
3,1576154992825,3.7266505,3.2189064,0.23950197 
3,1576154992844,2.4525,2.0166066,-0.09101075 
3,1576154992866,0.9148975,0.75203615,-0.75203615 
3,1576154992888,-0.7664063,-0.56522465,-1.096919 
3,1576154992909,-2.5147705,-1.705254,-1.949546 
3,1576154992930,-3.9326222,-2.8836036,-3.544629 
3,1576154992950,-5.609136,-3.9853127,-4.263135 
3,1576154992969,-7.549102,-4.785249,-4.478687 
3,1576154992990,-8.684341,-5.4989653,-5.733677 
3,1576154993010,-9.685459,-6.2605815,-7.199429 
3,1576154993030,-10.380015,-7.4101906,-7.060518 
3,1576154993049,-12.391831,-8.650811,-5.0918117 
3,1576154993071,-16.990269,-8.636441,-4.6894484 
3,1576154993091,-22.695206,-7.7694435,-7.3575 
3,1576154993110,-30.359268,-6.3851223,-9.522598 
3,1576154993130,-35.67142,-4.655918,-10.710527 
3,1576154993149,-35.072666,-3.9709425,-10.442286 
3,1576154993171,-30.785582,-4.267925,-8.152647 
3,1576154993189,-25.66024,-4.608018,-6.1312504 
3,1576154993208,-20.970793,-4.617598,-5.7767873 
3,1576154993228,-17.718355,-4.3445654,-5.7767873 
3,1576154993257,-15.78797,-4.014053,-5.8438478 
3,1576154993271,-14.063556,-3.9182522,-6.11688 
3,1576154993287,-12.377461,-3.7218604,-6.212681 
3,1576154993308,-11.218272,-3.3242872,-6.1599903 
3,1576154993327,-9.627979,-2.7973828,-6.327642 
3,1576154993347,-7.27128,-2.5387208,-6.2845316 
3,1576154993369,-5.249883,-2.3758595,-5.3073635 
3,1576154993389,-3.9565725,-1.9591261,-4.239185 
3,1576154993412,-3.0991554,-1.2981006,-3.6739602 
3,1576154993432,-2.2848487,-0.57959473,-3.4871485 
3,1576154993452,-0.9436377,0.24908204,-3.3721876 
3,1576154993472,0.6466553,1.346001,-3.2332766 
3,1576154993492,2.1171973,2.8596535,-2.931504 
3,1576154993510,3.558999,4.267925,-2.0932472 
3,1576154993533,5.2738333,5.513335,-0.7951465 
3,1576154993552,6.5000834,6.7635355,0.28261232 
3,1576154993571,7.774234,7.879615,1.0442286 
3,1576154993593,9.72857,8.919053,1.705254 
3,1576154993613,11.409874,9.64714,2.3327491 
3,1576154993633,11.726016,9.74294,3.0656252 
3,1576154993653,11.194322,9.68067,3.396138 
3,1576154993673,10.327325,9.307046,2.9219239 
3,1576154993694,9.254355,8.741821,1.5184424 
3,1576154993713,8.258028,8.157437,0.20118165 
3,1576154993731,7.2808595,7.29523,-0.24908204 
3,1576154993760,6.303692,6.2941117,-0.18681154 
3,1576154993769,5.4175344,5.1828227,0.0 
3,1576154993792,4.3349857,3.9422023,0.12933107 
3,1576154993809,2.912344,2.6584718,0.119750984 
3,1576154993830,1.1735597,1.336421,-0.06227051 
3,1576154993852,-0.43110353,-0.043110352,-0.5508545 
3,1576154993871,-1.9830762,-1.21188,-1.331631 
3,1576154993894,-3.5877395,-2.304009,-2.2896388 
3,1576154993913,-4.143384,-3.535049,-3.5781593 
3,1576154993932,-4.9002104,-4.89542,-3.9182522 
3,1576154993955,-7.1563187,-5.982759,-4.014053 
3,1576154993975,-9.666299,-6.6102543,-5.407954 
3,1576154993995,-12.688814,-6.821016,-7.31439 
3,1576154994016,-16.563955,-6.576724,-8.957374 
3,1576154994035,-20.357666,-5.8965383,-9.82437 
3,1576154994052,-25.162077,-5.0439115,-9.393267 
3,1576154994076,-30.296999,-3.9613624,-9.354947 
3,1576154994096,-32.88362,-2.8740237,-11.385923 
3,1576154994116,-32.145954,-2.3423293,-12.305611 
3,1576154994133,-27.949879,-2.7303224,-10.370435 
3,1576154994155,-22.671255,-3.3865578,-7.6449027 
3,1576154994175,-18.465601,-3.5494192,-6.09772 
3,1576154994193,-15.8215,-3.1853762,-6.12646 
3,1576154994215,-14.245577,-2.8596535,-6.835386 
3,1576154994234,-13.105548,-2.7111623,-6.878496 
3,1576154994253,-11.361973,-2.7063723,-6.696475 
3,1576154994272,-9.431587,-2.4908204,-6.0354495 
3,1576154994296,-8.080796,-2.198628,-4.88584 
3,1576154994312,-6.959927,-1.8202149,-4.1146436 
3,1576154994333,-5.7911572,-1.3795313,-3.6739602 
3,1576154994353,-4.4355764,-0.81909674,-3.5685792 
3,1576154994374,-3.415298,-0.19639161,-3.4967287 
3,1576154994396,-2.5866213,0.44547364,-3.0943654 
3,1576154994419,-1.8489552,1.22625,-2.318379 
3,1576154994438,-0.38320315,2.1603076,-1.8202149 
3,1576154994458,1.5998731,3.2620168,-1.2741505 
3,1576154994478,3.180586,4.4403663,-0.07185059 
3,1576154994497,4.5744877,5.513335,1.3076807 
3,1576154994516,5.839058,6.581514,2.7494826 
3,1576154994538,7.893985,7.5155716,3.1901662 
3,1576154994556,9.910591,8.449629,3.1135256 
3,1576154994577,11.381133,9.196876,3.300337 
3,1576154994599,11.927197,9.508228,3.9374123 
3,1576154994619,11.548784,9.575289,4.1002736 
3,1576154994639,10.748848,9.417217,2.8692336 
3,1576154994659,9.814791,8.990904,1.096919 
3,1576154994679,8.502319,8.401729,0.06706055 
3,1576154994702,7.0126176,7.568262,-0.18681154 
3,1576154994719,5.5229154,6.581514,-0.19160157 
3,1576154994736,4.0667434,5.6187162,-0.3879932 
3,1576154994764,2.687212,4.636758,-0.7711963 
3,1576154994776,1.6381935,3.558999,-1.2789404 
3,1576154994795,0.7424561,2.3423293,-1.5184424 
3,1576154994814,-0.6562354,1.1256592,-1.3220508 
3,1576154994833,-2.6776319,0.009580079,-1.3986914 
3,1576154994854,-4.5649076,-0.7424561,-2.203418 
3,1576154994875,-5.0918117,-1.4753321,-3.6068995 
3,1576154994898,-5.4750147,-2.4908204,-4.2008643 
3,1576154994918,-7.31918,-3.3242872,-3.9853127 
3,1576154994937,-9.388477,-3.6500099,-4.378096 
3,1576154994959,-10.437495,-3.9613624,-5.6282964 
3,1576154994978,-11.941567,-4.8139896,-6.1647806 
3,1576154994999,-16.228653,-4.89542,-6.016289 
3,1576154995019,-20.73608,-3.8080812,-7.27128 
3,1576154995042,-22.312002,-2.8883936,-9.283096 
3,1576154995061,-23.533463,-2.7159522,-9.513018 
3,1576154995081,-25.842262,-2.5004005,-9.292676 
3,1576154995101,-27.015821,-1.9974464,-10.241104 
3,1576154995121,-26.048233,-1.705254,-10.676997 
3,1576154995139,-23.552624,-1.7339942,-9.992022 
3,1576154995162,-20.338507,-2.0357666,-8.713081 
3,1576154995181,-17.612974,-2.189048,-7.5059915 
3,1576154995200,-15.845449,-2.1171973,-6.974297 
3,1576154995222,-13.962964,-2.1315675,-7.1611085 
3,1576154995239,-12.013418,-2.064507,-7.3527102 
3,1576154995267,-10.030342,-2.069297,-7.2808595 
3,1576154995277,-7.9610453,-1.9399658,-6.816226 
3,1576154995302,-7.0126176,-1.4753321,-5.5516553 
3,1576154995318,-6.576724,-0.9915381,-4.497847 
3,1576154995339,-6.10251,-0.44547364,-4.3254056 
3,1576154995359,-5.4319043,0.047900394,-4.5649076 
3,1576154995379,-3.6021094,0.4406836,-4.387676 
3,1576154995400,-1.3747413,1.1400293,-3.784131 
3,1576154995421,0.57001466,2.1028273,-3.1135256 
3,1576154995443,2.7303224,3.1183155,-2.189048 
3,1576154995461,5.3313136,4.402046,-1.465752 
3,1576154995482,7.0221977,5.733677,-0.50774413 
3,1576154995504,7.4197707,6.9934573,0.8095166 
3,1576154995521,8.167017,7.8987746,1.101709 
3,1576154995539,9.158555,8.5598,1.21188 
3,1576154995557,9.83874,8.947793,1.8824854 
3,1576154995577,10.365645,8.952583,2.7734327 
3,1576154995598,10.99314,8.875943,2.792593 
3,1576154995618,10.763218,8.53585,2.4525 
3,1576154995640,9.594449,8.277188,1.9782863 
3,1576154995663,8.875943,7.8365045,0.847837 
3,1576154995682,8.013736,7.199429,0.4981641 
3,1576154995704,6.758745,6.452183,0.36883304 
3,1576154995724,5.029541,5.6522465,0.32093263 
3,1576154995742,3.6212697,4.7469287,0.5939649 
3,1576154995767,2.682422,3.774551,0.6849756 
3,1576154995780,1.9591261,2.6249416,0.6658155 
3,1576154995800,1.21188,1.2070899,0.21076173 
3,1576154995820,-0.36883304,-0.19160157,-0.081430666 
3,1576154995841,-1.8202149,-1.1687696,-0.613125 
3,1576154995861,-2.7734327,-2.179468,-1.8537452 
3,1576154995883,-4.1721244,-3.3386574,-2.8452833 
3,1576154995904,-6.4090724,-4.287085,-3.439248 
3,1576154995923,-9.68067,-4.9145803,-4.3301954 
3,1576154995945,-13.876743,-4.6271777,-6.9024467 
3,1576154995966,-16.305294,-3.8511915,-9.891431 
3,1576154995982,-17.06691,-2.955454,-10.044712 
3,1576154996006,-18.187778,-3.1087356,-8.023315 
3,1576154996024,-20.161276,-3.151846,-7.702383 
3,1576154996044,-22.465284,-2.7638526,-8.957374 
3,1576154996062,-24.702232,-2.5099807,-9.64714 
3,1576154996086,-25.899742,-2.304009,-9.259146 
3,1576154996106,-25.60276,-2.1028273,-8.042476 
3,1576154996124,-23.696323,-2.2752686,-7.070098 
3,1576154996149,-21.727617,-2.4716604,-6.466553 
3,1576154996166,-20.237915,-2.5578809,-5.9300685 
3,1576154996185,-18.891914,-2.663262,-5.738467 
3,1576154996209,-17.17708,-2.816543,-6.2941117 
3,1576154996227,-15.366446,-3.0416749,-6.5719337 
3,1576154996244,-13.4169,-3.3434474,-6.207891 
3,1576154996268,-10.801538,-3.558999,-6.06419 
3,1576154996283,-8.358619,-3.290757,-5.958809 
3,1576154996302,-6.485713,-2.9841945,-5.369634 
3,1576154996329,-4.84752,-2.7542725,-4.397256 
3,1576154996343,-2.7159522,-2.3327491,-4.502637 
3,1576154996365,-1.1064991,-1.3747413,-5.0582814 
3,1576154996385,0.3544629,-0.34488282,-5.010381 
3,1576154996407,2.44292,0.98195803,-4.0523734 
3,1576154996424,5.465435,2.7399025,-2.3375392 
3,1576154996448,8.780142,4.5601172,-0.009580079 
3,1576154996469,10.250684,6.8976564,2.6345215 
3,1576154996489,10.236314,8.923843,4.157754 
3,1576154996509,9.517808,10.360855,3.9901028 
3,1576154996528,9.139395,10.950029,2.5818312 
3,1576154996549,9.484278,10.839859,0.9915381 
3,1576154996567,9.73815,10.332115,0.2203418 
3,1576154996589,9.201666,9.73815,-0.12454102 
3,1576154996609,8.440049,9.077125,-0.41194338 
3,1576154996629,7.6305327,8.248447,-0.32093263 
3,1576154996650,6.840176,7.32876,0.05269043 
3,1576154996670,6.1073003,6.342012,0.28261232 
3,1576154996690,5.264253,5.2929935,0.46463382 
3,1576154996709,4.4116263,4.1960745,0.7376661 
3,1576154996729,3.5973196,3.0704153,0.79035646 
3,1576154996749,2.5243506,1.9255958,0.62749517 
3,1576154996772,1.2454102,0.6227051,0.3065625 
3,1576154996784,-0.25387207,-0.6179151,-0.2682422 
3,1576154996805,-2.3471193,-1.8058448,-1.0825489 
3,1576154996826,-4.267925,-2.955454,-2.3758595 
3,1576154996846,-6.1695704,-3.8080812,-3.9517825 
3,1576154996866,-9.249566,-4.3445654,-5.125342 
3,1576154996888,-11.754756,-4.8139896,-6.3851223 
3,1576154996909,-14.121036,-5.1157618,-7.606582 
3,1576154996927,-16.693287,-4.7229786,-9.148975 
3,1576154996951,-19.011665,-4.1050634,-10.202784 
3,1576154996972,-20.702549,-3.5637891,-9.153765 
3,1576154996992,-22.278473,-3.3099172,-7.8891945 
3,1576154997012,-24.750134,-2.7686427,-7.8269243 
3,1576154997030,-26.75716,-2.203418,-8.966953 
3,1576154997050,-27.418184,-1.8202149,-9.910591 
3,1576154997068,-25.516539,-1.8106349,-9.68067 
3,1576154997091,-21.86653,-2.2177882,-8.0999565 
3,1576154997114,-18.50871,-2.562671,-6.6437845 
3,1576154997130,-16.678917,-2.4908204,-6.183941 
3,1576154997150,-15.318545,-2.3902297,-6.940767 
3,1576154997172,-13.761783,-2.4141798,-7.29523 
3,1576154997192,-11.486514,-2.672842,-6.9216065 
3,1576154997210,-9.460327,-2.816543,-6.303692 
3,1576154997231,-7.9897857,-2.7686427,-5.728887 
3,1576154997250,-6.3707523,-2.308799,-5.3313136 
3,1576154997268,-4.88584,-1.7339942,-4.88584 
3,1576154997289,-3.5254688,-1.1256592,-4.3349857 
3,1576154997310,-2.2417383,-0.48379397,-3.6260598 
3,1576154997329,-0.7568262,0.30177248,-2.7830129 
3,1576154997349,0.6227051,1.4226416,-2.0261867 
3,1576154997370,1.7435743,2.7255323,-0.8813672 
3,1576154997390,3.7314405,4.0427933,0.028740235 
3,1576154997411,5.752837,5.345684,0.89573735 
3,1576154997430,6.327642,6.8737063,2.2273684 
3,1576154997452,6.346802,8.416099,2.4908204 
3,1576154997473,7.089258,9.64714,1.341211 
3,1576154997494,8.205338,10.370435,0.60833496 
3,1576154997515,9.182506,10.609937,0.7041358 
3,1576154997529,9.953702,10.365645,0.8430469 
3,1576154997553,10.068663,9.968072,0.4167334 
3,1576154997572,9.350157,9.594449,-0.63707525 
3,1576154997595,8.291558,9.129815,-1.6477735 
3,1576154997615,7.4916215,8.396939,-1.7962648 
3,1576154997635,6.686895,7.563472,-1.5663428 
3,1576154997655,6.0354495,6.4905033,-1.2645704 
3,1576154997675,5.326524,5.2834134,-0.79035646 
3,1576154997695,4.2104445,4.1002736,-0.16286133 
3,1576154997715,2.8596535,2.9171338,0.16765137 
3,1576154997735,1.5328126,1.6286134,-0.38320315 
3,1576154997752,0.038320314,0.19160157,-1.5184424 
3,1576154997772,-1.6813037,-1.1304493,-2.562671 
3,1576154997792,-3.6739602,-2.3902297,-3.4009278 
3,1576154997812,-5.6809864,-3.3530276,-3.8368216 
3,1576154997832,-8.090376,-3.9517825,-4.1864944 
3,1576154997852,-9.829161,-4.416416,-5.0822315 
3,1576154997873,-10.724898,-5.134922,-5.9061184 
3,1576154997895,-12.363091,-5.824688,-5.9635987 
3,1576154997915,-15.112574,-6.2701616,-6.241421 
3,1576154997933,-19.049986,-5.9156985,-7.0413575 
3,1576154997956,-23.15984,-4.9289503,-9.498648 
3,1576154997976,-24.908205,-4.1146436,-11.922408 
3,1576154997996,-25.65066,-3.7027004,-12.042159 
3,1576154998016,-26.335636,-3.3865578,-10.796748 
3,1576154998038,-25.396788,-2.9985645,-10.245894 
3,1576154998057,-21.96712,-2.8548634,-9.867481 
3,1576154998078,-18.135088,-3.0847852,-8.4304695 
3,1576154998097,-15.404766,-3.2045362,-6.782696 
3,1576154998118,-13.915064,-3.0033545,-5.9013286 
3,1576154998136,-12.842095,-2.816543,-5.958809 
3,1576154998158,-11.836187,-2.6536818,-6.3899126 
3,1576154998178,-11.103311,-2.44292,-6.4138627 
3,1576154998197,-9.924961,-2.3902297,-6.0210795 
3,1576154998215,-8.502319,-2.44292,-5.360054 
3,1576154998238,-7.544312,-2.3758595,-4.1242237 
3,1576154998255,-6.6437845,-2.0213966,-3.2093263 
3,1576154998274,-5.5420756,-1.3028907,-3.166216 
3,1576154998293,-4.152964,-0.6658155,-3.439248 
3,1576154998313,-3.1087356,-0.1341211,-3.166216 
3,1576154998334,-1.9830762,0.4981641,-2.5195606 
3,1576154998354,-0.8909473,1.3507911,-1.7148341 
3,1576154998374,0.5843848,2.3902297,-1.101709 
3,1576154998394,3.046465,3.530259,-0.488584 
3,1576154998416,6.183941,5.158872,0.043110352 
3,1576154998437,9.062755,6.998247,0.8095166 
3,1576154998457,11.361973,8.631651,1.9878663 
3,1576154998479,12.727135,10.068663,3.0799952 
3,1576154998499,13.622871,10.724898,3.391348 
3,1576154998518,13.718673,10.801538,2.4141798 
3,1576154998538,12.808565,10.629097,0.7089258 
3,1576154998558,11.697276,10.020762,-0.7232959 
3,1576154998586,10.451866,9.168135,-1.3220508 
3,1576154998594,9.038804,8.387359,-1.4801221 
3,1576154998614,7.5059915,7.592212,-1.4322218 
3,1576154998635,6.183941,6.734795,-1.1256592 
3,1576154998655,5.503755,5.589976,-0.6945557 
3,1576154998676,5.000801,4.267925,-0.3784131 
3,1576154998697,4.3301954,2.912344,-0.22992188 
3,1576154998718,3.530259,1.4944923,-0.23950197 
3,1576154998738,2.44771,-0.081430666,-0.30177248 
3,1576154998758,1.0202783,-1.6813037,-0.46942386 
3,1576154998789,-0.62749517,-3.180586,-1.3555812 
3,1576154998796,-2.2273684,-4.5409575,-2.8979738 
3,1576154998819,-4.5744877,-5.8198977,-4.2152348 
3,1576154998838,-8.281978,-6.3228517,-5.3313136 
3,1576154998857,-11.472144,-6.1887307,-7.391031 
3,1576154998877,-13.546231,-5.8821683,-9.699829 
3,1576154998899,-14.997613,-5.7480474,-10.605147 
3,1576154998921,-15.93167,-6.1456203,-9.311836 
3,1576154998942,-18.527872,-6.1073003,-8.123906 
3,1576154998962,-21.430635,-5.388794,-8.56459 
3,1576154998982,-23.571783,-4.4451566,-10.015972 
3,1576154999002,-25.63629,-3.5877395,-10.830278 
3,1576154999019,-26.321266,-3.295547,-10.95482 
3,1576154999043,-25.190817,-3.2284865,-10.585987 
3,1576154999062,-22.680836,-3.171006,-9.85311 
3,1576154999082,-19.57689,-3.530259,-8.851993 
3,1576154999103,-17.330362,-3.894302,-7.8604546 
3,1576154999122,-16.870518,-3.7266505,-7.3575 
3,1576154999141,-15.730489,-3.7601807,-7.965835 
3,1576154999163,-13.665982,-3.9422023,-8.5502205 
3,1576154999183,-11.304493,-4.2200246,-8.143066 
3,1576154999201,-8.823253,-4.258345,-7.175479 
3,1576154999220,-7.2808595,-3.8895118,-6.0019193 
3,1576154999243,-5.9204884,-3.3147073,-5.4127445 
3,1576154999262,-4.751719,-2.5051906,-5.1397123 
3,1576154999286,-3.8799317,-1.6429834,-4.6846585 
3,1576154999304,-2.203418,-0.8430469,-4.267925 
3,1576154999321,-0.4023633,0.023950197,-3.032095 
3,1576154999340,0.8143067,1.1687696,-1.2597803 
3,1576154999359,2.0453467,2.4860303,0.3065625 
3,1576154999378,3.6260598,3.784131,1.2885206 
3,1576154999400,4.967271,5.470225,1.7244141 
3,1576154999424,5.2834134,7.2425394,1.7962648 
3,1576154999443,5.3552637,8.703502,1.8202149 
3,1576154999463,5.8342676,9.848321,1.7962648 
3,1576154999485,6.821016,10.485396,1.5471827 
3,1576154999505,8.339458,10.653048,1.2310401 
3,1576154999525,9.656719,10.653048,0.7711963 
3,1576154999546,10.078242,10.380015,0.3784131 
3,1576154999564,9.565708,9.924961,0.27303225 
3,1576154999585,8.933423,9.268726,0.39757326 
3,1576154999604,8.53106,8.669971,0.033530276 
3,1576154999623,8.095166,8.095166,-0.728086 
3,1576154999646,7.4054008,7.3814507,-1.4609619 
3,1576154999666,6.672525,6.461763,-1.7244141 
3,1576154999686,6.06419,5.3408937,-1.6860938 
3,1576154999706,5.3121533,4.1960745,-1.3172607 
3,1576154999726,4.2200246,2.8596535,-1.0154883 
3,1576154999746,2.8740237,1.3651612,-1.0250684 
3,1576154999762,1.6908839,-0.32572266,-1.3747413 
3,1576154999789,0.37362307,-2.2369483,-2.0022364 
3,1576154999807,-1.0681788,-4.267925,-2.8788135 
3,1576154999822,-2.9889846,-6.7539554,-4.253555 
3,1576154999841,-7.079678,-9.177715,-5.278623 
3,1576154999868,-15.074254,-9.134604,-4.756509 
3,1576154999883,-21.660557,-5.647456,-5.910908 
3,1576154999903,-23.840025,-2.8452833,-7.4820414 
3,1576154999932,-18.681152,-3.803291,-9.877061 
3,1576154999949,-16.037052,-5.029541,-8.176597 
3,1576154999967,-18.28837,-5.0439115,-4.028423 
3,1576154999986,-21.765938,-4.4451566,-3.2428565 
3,1576155000014,-24.668703,-3.6404297,-6.05461 
3,1576155000023,-26.048233,-3.1231055,-8.56938 
3,1576155000043,-25.315357,-3.2428565,-8.49753 
3,1576155000061,-22.685625,-3.5829494,-6.830596 
3,1576155000081,-19.821182,-3.803291,-5.350474 
3,1576155000101,-17.895586,-3.6452198,-4.7325587 
3,1576155000121,-16.923208,-3.4057178,-4.8666797 
3,1576155000142,-16.247812,-3.295547,-5.2977834 
3,1576155000162,-14.944922,-3.396138,-5.589976 
3,1576155000182,-11.826607,-3.755391,-5.9540186 
3,1576155000202,-9.029224,-3.5015187,-5.6809864 
3,1576155000223,-6.912027,-3.151846,-5.005591 
3,1576155000244,-5.465435,-2.6153615,-4.1721244 
3,1576155000263,-3.9182522,-1.9016455,-4.0571632 
3,1576155000283,-1.8585353,-1.0825489,-4.148174 
3,1576155000305,-0.038320314,-0.2921924,-3.1326857 
3,1576155000323,1.4513819,0.8430469,-1.456172 
3,1576155000344,3.2668068,2.4572902,0.028740235 
3,1576155000363,5.254673,4.152964,0.20118165 
3,1576155000384,6.2797413,6.198311,-0.81909674 
3,1576155000407,5.8438478,8.396939,-1.336421 
3,1576155000424,5.4366946,9.924961,-0.52690434 
3,1576155000449,6.3707523,10.509346,0.4742139 
3,1576155000470,8.401729,10.696157,0.8095166 
3,1576155000490,10.95482,10.638678,0.5460645 
3,1576155000511,12.755875,10.423125,0.10538086 
3,1576155000529,12.26729,10.097403,0.18681154 
3,1576155000550,10.087823,9.632769,0.4263135 
3,1576155000569,8.440049,9.110655,-0.028740235 
3,1576155000591,7.4916215,8.48316,-0.9196875 
3,1576155000610,6.686895,7.549102,-1.5950831 
3,1576155000628,6.07856,6.456973,-1.6573536 
3,1576155000652,5.5564456,5.3121533,-1.6190332 
3,1576155000671,4.785249,4.152964,-1.5328126 
3,1576155000691,3.7074904,2.8644435,-1.3124708 
3,1576155000712,2.2896388,1.6765138,-1.2406201 
3,1576155000732,0.8813672,0.39278322,-1.4801221 
3,1576155000751,-0.5221143,-0.7711963,-1.8920655 
3,1576155000769,-1.7148341,-2.1076174,-2.7542725 
3,1576155000789,-3.3769777,-3.3242872,-3.9901028 
3,1576155000806,-6.7635355,-4.3158255,-4.416416 
3,1576155000827,-11.266172,-4.119434,-5.2019825 
3,1576155000847,-14.303058,-3.4248781,-7.510782 
3,1576155000868,-15.84066,-3.6548,-9.010064 
3,1576155000888,-18.824854,-4.1002736,-8.449629 
3,1576155000912,-22.623356,-3.4296682,-7.6353226 
3,1576155000932,-24.46752,-2.4045997,-8.49753 
3,1576155000952,-24.539371,-1.9782863,-9.68067 
3,1576155000973,-25.071066,-1.6908839,-8.880733 
3,1576155000993,-24.984844,-1.5328126,-7.999366 
3,1576155001012,-23.729855,-1.21188,-7.893985 
3,1576155001032,-20.898941,-1.0585986,-8.5598 
3,1576155001051,-18.087189,-1.1304493,-8.329878 
3,1576155001067,-16.190332,-1.1831397,-7.180269 
3,1576155001092,-14.868282,-1.1783496,-6.480923 
3,1576155001112,-13.306729,-1.1639795,-6.476133 
3,1576155001131,-11.625425,-1.1304493,-6.552774 
3,1576155001154,-10.154883,-1.1304493,-6.361172 
3,1576155001172,-8.267608,-1.1112891,-5.9204884 
3,1576155001193,-6.8880763,-0.9148975,-4.8571 
3,1576155001213,-5.374424,-0.7376661,-3.784131 
3,1576155001235,-3.65959,-0.3879932,-3.151846 
3,1576155001253,-1.9782863,0.29698244,-3.027305 
3,1576155001271,-0.6658155,1.2549903,-2.6393116 
3,1576155001294,0.5221143,2.2417383,-1.7723145 
3,1576155001310,2.2704787,3.1614258,-0.60833496 
3,1576155001329,4.181704,4.526587,0.0047900393 
3,1576155001350,6.1887307,6.0019193,-0.119750984 
3,1576155001371,8.210127,7.2329593,-0.17244141 
3,1576155001390,9.901011,8.243657,0.34009278 
3,1576155001414,10.921289,9.259146,1.331631 
3,1576155001434,11.543995,9.929751,2.4093897 
3,1576155001453,11.644586,10.260264,2.912344 
3,1576155001475,10.811119,10.2315235,2.323169 
3,1576155001495,9.192085,9.977652,0.7089258 
3,1576155001516,7.941885,9.613608,-0.45505372 
3,1576155001536,6.8114357,8.914263,-1.1831397 
3,1576155001556,5.5324955,8.090376,-1.4130616 
3,1576155001573,4.766089,7.0174074,-1.3843213 
3,1576155001596,4.6511283,5.6666164,-1.3891114 
3,1576155001614,4.488267,4.2056546,-1.2070899 
3,1576155001633,3.899092,2.6393116,-0.9196875 
3,1576155001653,2.9410841,0.98195803,-0.732876 
3,1576155001670,1.7435743,-0.5891748,-0.9148975 
3,1576155001691,0.12933107,-2.1363575,-1.2885206 
3,1576155001711,-2.074087,-3.6164796,-1.6238233 
3,1576155001731,-4.8379397,-4.718189,-2.4333398 
3,1576155001754,-8.071217,-4.8044095,-4.4355764 
3,1576155001772,-9.129815,-4.703819,-7.8508744 
3,1576155001797,-9.3453665,-5.0534916,-10.169253 
3,1576155001813,-10.844649,-5.9300685,-9.268726 
3,1576155001835,-14.427598,-6.4905033,-7.094048 
3,1576155001854,-18.666782,-5.6187162,-7.36708 
3,1576155001873,-21.363575,-4.8666797,-10.303374 
3,1576155001894,-24.35735,-4.8283596,-12.14275 
3,1576155001917,-29.41563,-4.670288,-11.323653 
3,1576155001936,-32.648907,-4.0427933,-10.605147 
3,1576155001955,-31.86334,-3.6883302,-10.265054 
3,1576155001978,-27.346334,-4.1960745,-8.986114 
3,1576155001999,-21.80905,-4.8571,-7.1706886 
3,1576155002019,-17.680035,-5.0199614,-5.977969 
3,1576155002039,-15.328126,-4.7229786,-6.0833497 
3,1576155002058,-13.665982,-4.382886,-7.0174074 
3,1576155002077,-12.090059,-4.253555,-7.5012016 
3,1576155002095,-10.403965,-4.296665,-7.30481 
3,1576155002114,-8.837623,-4.2343946,-6.686895 
3,1576155002137,-7.429351,-3.9613624,-6.0737696 
3,1576155002159,-6.198311,-3.410508,-5.5468655 
3,1576155002179,-4.89542,-2.8357031,-4.9241605 
3,1576155002199,-3.3338673,-2.2513185,-4.061953 
3,1576155002217,-1.585503,-1.4082716,-2.9841945 
3,1576155002240,0.09101075,-0.19639161,-1.9830762 
3,1576155002258,1.9016455,1.3747413,-1.1687696 
3,1576155002278,4.038003,3.0608351,-0.37362307 
3,1576155002304,5.9252787,4.9337406,0.6658155 
3,1576155002316,7.070098,6.758745,1.9734962 
3,1576155002337,8.411309,8.291558,2.5866213 
3,1576155002356,9.733359,9.460327,2.6584718 
3,1576155002376,10.327325,10.121353,3.032095 
3,1576155002397,10.255474,10.403965,2.7686427 
3,1576155002419,9.690249,10.480606,1.0873389 
3,1576155002439,8.837623,10.226734,-0.5748047 
3,1576155002458,7.8269243,9.81,-1.5663428 
3,1576155002481,6.9886675,9.086704,-1.7004639 
3,1576155002498,6.4330225,8.0999565,-0.9388477 
3,1576155002521,5.8821683,7.0126176,-0.086220704 
3,1576155002541,5.1732426,5.9061184,0.4263135 
3,1576155002561,4.373306,4.737349,0.5939649 
3,1576155002580,3.530259,3.4919386,0.5556446 
3,1576155002602,2.43813,2.1267774,0.45984375 
3,1576155002622,0.9963282,0.82388675,0.3161426 
3,1576155002642,-0.7185059,-0.3879932,0.05748047 
3,1576155002662,-2.0309765,-1.5615528,-0.8430469 
3,1576155002679,-3.558999,-2.5578809,-2.198628 
3,1576155002702,-5.0487013,-3.3482375,-3.8080812 
3,1576155002722,-6.6821046,-4.2008643,-5.613926 
3,1576155002743,-9.996812,-4.311035,-7.0413575 
3,1576155002761,-11.7930765,-3.7937112,-8.4448395 
3,1576155002780,-10.499766,-4.7325587,-8.416099 
3,1576155002803,-12.262501,-5.7767873,-6.5000834 
3,1576155002818,-17.086071,-5.704937,-8.186177 
3,1576155002840,-23.06404,-4.9385304,-12.19544 
3,1576155002859,-28.577374,-3.4919386,-14.839541 
3,1576155002878,-30.656252,-2.7973828,-15.045513 
3,1576155002899,-30.4886,-2.6488917,-11.726016 
3,1576155002922,-27.810968,-2.5051906,-8.746612 
3,1576155002942,-23.629263,-2.4333398,-8.315508 
3,1576155002963,-20.089424,-2.4525,-8.52627 
3,1576155002982,-17.354313,-2.5818312,-8.416099 
3,1576155003001,-15.538887,-2.5914114,-8.190968 
3,1576155003024,-13.642032,-2.5866213,-8.425679 
3,1576155003044,-11.309282,-2.668052,-8.372989 
3,1576155003064,-9.010064,-2.7399025,-7.6257424 
3,1576155003086,-7.247329,-2.7303224,-6.255791 
3,1576155003104,-5.704937,-2.572251,-5.096602 
3,1576155003124,-4.0427933,-2.1411476,-4.88105 
3,1576155003141,-2.543511,-1.6813037,-4.550537 
3,1576155003165,-1.3076807,-0.96758795,-3.3051271 
3,1576155003185,-0.16286133,0.1101709,-1.695674 
3,1576155003204,1.0585986,1.3076807,-0.22992188 
3,1576155003222,2.2129982,2.9410841,0.9484278 
3,1576155003242,3.3434474,4.7133985,1.5998731 
3,1576155003265,4.512217,6.3851223,1.7914747 
3,1576155003282,5.518125,7.9466753,1.9639161 
3,1576155003304,6.940767,9.311836,1.954336 
3,1576155003321,8.856783,10.332115,1.8729054 
3,1576155003342,10.011182,10.825489,1.6765138 
3,1576155003362,9.546548,10.854229,1.4609619 
3,1576155003382,8.909473,10.581197,0.5364844 
3,1576155003403,8.49274,10.030342,-0.57001466 
3,1576155003424,7.8556643,9.168135,-0.9388477 
3,1576155003445,7.0174074,8.119117,-0.68018556 
3,1576155003467,6.0498195,7.0509377,-0.14849122 
3,1576155003485,5.029541,5.9875493,0.24908204 
3,1576155003506,4.1098537,4.9433208,0.50774413 
3,1576155003532,3.2141163,3.8559816,0.56522465 
3,1576155003547,2.3375392,2.663262,0.38320315 
3,1576155003565,1.4178516,1.5328126,-0.009580079 
3,1576155003593,0.1820215,0.45026368,-0.5891748 
3,1576155003607,-0.75203615,-0.7568262,-1.710044 
3,1576155003627,-1.7866846,-1.8154249,-2.7686427 
3,1576155003654,-3.027305,-3.1278956,-3.5733693 
3,1576155003668,-5.1684523,-4.152964,-4.5744877 
3,1576155003688,-9.599238,-4.0523734,-6.959927 
3,1576155003708,-11.247012,-4.0811133,-9.618399 
3,1576155003728,-10.427916,-5.508545,-9.043594 
3,1576155003747,-13.718673,-6.3947024,-7.247329 
3,1576155003765,-19.629581,-5.5660257,-8.957374 
3,1576155003785,-23.27959,-4.267925,-13.622871 
3,1576155003805,-24.836353,-3.7027004,-15.88856 
3,1576155003823,-26.340425,-3.415298,-13.982124 
3,1576155003845,-26.498497,-3.4009278,-11.256593 
3,1576155003864,-25.947643,-3.2428565,-10.092612 
3,1576155003884,-23.495142,-3.056045,-10.418335 
3,1576155003906,-19.869083,-3.2859669,-10.044712 
3,1576155003926,-17.24414,-3.4248781,-8.286768 
3,1576155003946,-15.232325,-3.3769777,-7.424561 
3,1576155003966,-13.258829,-3.1949563,-7.7215433 
3,1576155003988,-11.510465,-2.9506643,-7.9802055 
3,1576155004008,-9.843531,-2.6776319,-7.726333 
3,1576155004028,-8.056846,-2.4333398,-7.1275783 
3,1576155004047,-6.4330225,-2.189048,-6.1647806 
3,1576155004069,-5.264253,-1.719624,-5.125342 
3,1576155004090,-3.755391,-1.0729688,-4.5888577 
3,1576155004110,-2.1028273,-0.46942386,-4.071533 
3,1576155004129,-1.3986914,0.46942386,-3.5206788 
3,1576155004149,-0.5125342,1.4753321,-2.9602442 
3,1576155004169,1.0681788,2.5339308,-2.4189699 
3,1576155004188,2.4525,3.8751419,-1.3747413 
3,1576155004209,3.3865578,5.240303,0.2203418 
3,1576155004227,4.6511283,6.557564,1.6046631 
3,1576155004249,6.581514,7.783814,2.299219 
3,1576155004270,8.4304695,9.019644,2.3998096 
3,1576155004288,9.493857,10.097403,2.3662794 
3,1576155004312,10.015972,10.605147,2.2704787 
3,1576155004325,10.015972,10.528506,2.1603076 
3,1576155004351,9.4507475,10.154883,1.6908839 
3,1576155004367,8.799302,9.594449,0.8047266 
3,1576155004387,7.9610453,8.928633,0.038320314 
3,1576155004407,7.1323686,8.133487,-0.27303225 
3,1576155004428,6.4282327,7.194639,-0.21555176 
3,1576155004449,5.815108,6.1216702,-0.06227051 
3,1576155004467,5.110972,4.9433208,-0.14849122 
3,1576155004488,4.287085,3.6883302,-0.16765137 
3,1576155004512,3.271597,2.3710694,-0.023950197 
3,1576155004532,2.083667,1.0250684,-0.35925296 
3,1576155004551,0.74724615,-0.20597169,-1.1064991 
3,1576155004570,-0.5604346,-1.585503,-1.8968556 
3,1576155004592,-2.3998096,-2.9458742,-2.3375392 
3,1576155004611,-4.4643164,-3.9709425,-2.8357031 
3,1576155004630,-5.9540186,-4.9576907,-3.999683 
3,1576155004650,-8.258028,-5.633086,-5.470225 
3,1576155004670,-10.499766,-5.944439,-7.3479204 
3,1576155004693,-12.0182085,-6.4042826,-8.693921 
3,1576155004713,-14.60483,-6.5192432,-8.487949 
3,1576155004734,-16.870518,-6.471343,-8.808882 
3,1576155004751,-19.160156,-6.4186525,-10.073453 
3,1576155004769,-22.704786,-5.767207,-11.338023 
3,1576155004789,-26.038654,-5.1780324,-12.540323 
3,1576155004807,-28.400143,-4.6128078,-12.4684725 
3,1576155004829,-28.620485,-4.3206153,-11.060201 
3,1576155004847,-26.024282,-4.358936,-9.70941 
3,1576155004866,-22.326372,-4.3397756,-8.612491 
3,1576155004887,-18.781744,-4.3206153,-7.702383 
3,1576155004907,-16.343615,-4.176914,-7.175479 
3,1576155004927,-14.806011,-3.9661524,-7.434141 
3,1576155004947,-13.062437,-4.1098537,-7.6257424 
3,1576155004972,-10.729688,-4.3493557,-7.5970025 
3,1576155004992,-8.8951025,-4.143384,-7.3527102 
3,1576155005011,-7.951465,-3.63564,-6.543194 
3,1576155005030,-7.0365677,-3.2380664,-5.848638 
3,1576155005052,-5.752837,-2.8213332,-5.599556 
3,1576155005070,-3.9517825,-2.2513185,-5.465435 
3,1576155005095,-2.44292,-1.4226416,-4.6654983 
3,1576155005115,-1.2933106,-0.5125342,-3.3578174 
3,1576155005133,0.15328126,0.64186525,-2.44292 
3,1576155005151,1.8250049,1.9782863,-1.5471827 
3,1576155005172,3.4296682,3.2332766,-0.45505372 
3,1576155005195,4.8139896,4.670288,0.44547364 
3,1576155005213,6.4330225,5.9875493,0.98195803 
3,1576155005231,8.171807,7.3718705,0.9915381 
3,1576155005256,9.982442,8.693921,0.9915381 
3,1576155005274,10.696157,10.106983,1.22625 
3,1576155005293,10.289004,11.338023,0.613125 
3,1576155005311,9.75731,11.864927,-0.8382569 
3,1576155005336,9.230406,11.630216,-1.6765138 
3,1576155005351,8.56459,10.882969,-1.5184424 
3,1576155005372,7.951465,9.948912,-1.2549903 
3,1576155005392,7.3718705,8.856783,-1.1879297 
3,1576155005416,6.456973,7.6449027,-1.0538087 
3,1576155005434,5.5229154,6.3084817,-0.6849756 
3,1576155005455,4.8283596,4.8379397,-0.22992188 
3,1576155005477,4.2439747,3.3482375,-0.019160157 
3,1576155005496,3.4440382,1.7339942,-0.17244141 
3,1576155005516,2.3135889,0.06706055,-0.3544629 
3,1576155005535,1.1112891,-1.3699512,-0.6466553 
3,1576155005553,-0.26345217,-2.907554,-1.4370118 
3,1576155005575,-1.9016455,-4.248765,-2.1219873 
3,1576155005598,-4.0811133,-5.374424,-2.7063723 
3,1576155005617,-7.4580913,-6.11688,-3.4488282 
3,1576155005636,-10.303374,-6.318062,-5.8055277 
3,1576155005658,-12.4541025,-6.0258694,-8.981323 
3,1576155005679,-13.479171,-5.767207,-10.9644 
3,1576155005698,-13.982124,-5.9252787,-10.480606 
3,1576155005718,-15.385606,-6.5240335,-8.693921 
3,1576155005738,-18.23089,-6.8832865,-8.205338 
3,1576155005759,-22.479654,-6.447393,-10.150093 
3,1576155005777,-27.030191,-5.3169436,-13.000167 
3,1576155005795,-29.391682,-4.5313773,-14.077926 
3,1576155005816,-28.711494,-4.282295,-12.607384 
3,1576155005834,-25.348888,-4.4691067,-10.265054 
3,1576155005855,-21.272564,-4.8044095,-8.626861 
3,1576155005875,-17.862057,-5.029541,-8.052056 
3,1576155005895,-16.434626,-4.775669,-7.831714 
3,1576155005918,-15.299385,-4.6894484,-8.334668 
3,1576155005938,-13.32589,-4.905,-8.789722 
3,1576155005959,-11.548784,-5.230723,-7.927515 
3,1576155005975,-9.77647,-5.249883,-6.758745 
3,1576155006000,-7.965835,-4.8044095,-6.3084817 
3,1576155006019,-7.577842,-3.9422023,-5.853428 
3,1576155006040,-6.8880763,-3.0991554,-5.968389 
3,1576155006059,-4.905,-2.3566992,-6.423443 
3,1576155006077,-3.1853762,-1.1975098,-5.7815776 
3,1576155006094,-1.9782863,-0.033530276,-4.253555 
3,1576155006119,0.19160157,0.93405765,-3.415298 
3,1576155006138,2.567461,2.203418,-2.4572902 
3,1576155006161,4.5457473,3.6691701,-1.4370118 
3,1576155006181,6.222261,5.278623,-0.67539555 
3,1576155006202,7.34313,6.7779055,0.2203418 
3,1576155006219,8.349038,7.9706254,0.852627 
3,1576155006239,9.326206,9.010064,0.8813672 
3,1576155006260,10.183623,9.80521,0.5939649 
3,1576155006280,10.399176,10.178833,0.49337405 
3,1576155006297,10.336905,9.944121,0.8765772 
3,1576155006319,10.030342,9.469908,1.346001 
3,1576155006337,9.091495,8.909473,1.3555812 
3,1576155006362,7.8652444,8.277188,1.0154883 
3,1576155006378,6.6821046,7.438931,0.7376661 
3,1576155006397,5.848638,6.342012,0.5508545 
3,1576155006419,5.2882032,4.981641,0.32093263 
3,1576155006439,4.5649076,3.4440382,0.15328126 
3,1576155006458,3.4488282,1.8489552,0.038320314 
3,1576155006480,1.8968556,0.244292,-0.17244141 
3,1576155006502,0.07664063,-1.2502003,-0.82388675 
3,1576155006522,-1.6190332,-2.7351124,-1.9782863 
3,1576155006543,-3.8176613,-4.2056546,-2.7063723 
3,1576155006562,-6.212681,-5.2355127,-3.415298 
3,1576155006582,-7.927515,-6.11209,-5.3073635 
3,1576155006603,-9.417217,-6.854546,-7.486831 
3,1576155006621,-11.587105,-7.32397,-8.617281 
3,1576155006643,-14.59046,-6.959927,-8.765772 
3,1576155006663,-17.349522,-6.758745,-8.62207 
3,1576155006684,-21.066593,-6.0689797,-7.941885 
3,1576155006702,-24.850723,-4.9624805,-8.238868 
3,1576155006720,-27.643316,-3.9709425,-9.3453665 
3,1576155006744,-29.588072,-3.276387,-9.80521 
3,1576155006765,-29.367731,-2.9650342,-9.80521 
3,1576155006782,-26.876911,-2.9746144,-9.489068 
3,1576155006803,-22.973028,-3.2236965,-8.363408 
3,1576155006819,-19.126627,-3.5542092,-7.194639 
3,1576155006844,-16.487314,-3.6404297,-6.2797413 
3,1576155006860,-14.892232,-3.6308498,-5.728887 
3,1576155006881,-13.349839,-3.6739602,-5.5468655 
3,1576155006903,-11.821816,-3.7410207,-5.5612354 
3,1576155006922,-9.69504,-3.6883302,-5.589976 
3,1576155006944,-7.9227247,-3.3051271,-4.86189 
3,1576155006965,-7.0126176,-2.8596535,-3.779341 
3,1576155006984,-5.8055277,-2.4956105,-3.1039455 
3,1576155007004,-3.8464015,-2.0022364,-2.9985645 
3,1576155007023,-1.9208057,-1.1448194,-2.8740237 
3,1576155007045,-1.1687696,0.10538086,-2.3902297 
3,1576155007062,-1.101709,1.6765138,-2.1698878 
3,1576155007085,0.22992188,3.2476466,-2.3423293 
3,1576155007105,2.7830129,4.967271,-2.4716604 
3,1576155007129,4.9624805,6.8114357,-2.1076174 
3,1576155007143,6.6485744,8.267608,-0.9963282 
3,1576155007162,7.7407036,9.527389,-0.25387207 
3,1576155007190,8.57417,10.360855,-0.6179151 
3,1576155007206,8.813672,10.825489,-1.4178516 
3,1576155007221,8.780142,10.950029,-1.9926564 
3,1576155007252,8.899893,10.609937,-2.1650977 
3,1576155007264,9.034014,9.910591,-1.8585353 
3,1576155007284,8.636441,9.134604,-1.4082716 
3,1576155007309,7.798184,8.224498,-0.8334668 
3,1576155007322,6.8928666,7.2904396,-0.25866213 
3,1576155007348,6.07856,6.236631,0.22513184 
3,1576155007363,5.206773,5.1061816,0.60354495 
3,1576155007382,4.2200246,3.9374123,0.78556645 
3,1576155007402,3.2045362,2.816543,0.852627 
3,1576155007423,2.4716604,1.5615528,0.6658155 
3,1576155007444,1.6477735,0.09101075,0.22513184 
3,1576155007465,-0.14849122,-1.3891114,-0.3065625 
3,1576155007488,-2.8644435,-2.7063723,-0.977168 
3,1576155007508,-4.9337406,-3.7697608,-2.2369483 
3,1576155007528,-6.06419,-4.5888577,-4.071533 
3,1576155007548,-7.34313,-5.2929935,-5.6426663 
3,1576155007566,-8.789722,-6.217471,-6.576724 
3,1576155007587,-11.165582,-6.878496,-6.6773148 
3,1576155007608,-12.798985,-7.1706886,-7.33355 
3,1576155007628,-13.493541,-7.5299416,-9.034014 
3,1576155007649,-16.061,-8.329878,-10.571617 
3,1576155007667,-23.164629,-9.091495,-11.0123005 
3,1576155007687,-31.79628,-7.544312,-13.139078 
3,1576155007708,-34.291893,-5.704937,-16.027472 
3,1576155007734,-32.83572,-5.1876125,-14.494658 
3,1576155007743,-28.912678,-5.5372853,-10.480606 
3,1576155007765,-23.10715,-6.222261,-7.7167535 
3,1576155007783,-17.900377,-6.543194,-6.9886675 
3,1576155007806,-15.098204,-6.183941,-6.452183 
3,1576155007824,-13.38816,-5.858218,-5.8677983 
3,1576155007845,-11.860137,-5.743257,-5.6714063 
3,1576155007866,-10.94045,-5.384004,-5.4750147 
3,1576155007885,-10.193204,-4.756509,-5.4223247 
3,1576155007907,-9.144185,-4.3397756,-5.4223247 
3,1576155007927,-8.076006,-4.1002736,-4.4834766 
3,1576155007947,-6.557564,-3.7458107,-3.7170706 
3,1576155007968,-4.799619,-3.2859669,-4.0906935 
3,1576155007990,-3.7362306,-2.7351124,-4.0811133 
3,1576155008008,-2.069297,-2.069297,-3.6500099 
3,1576155008027,0.081430666,-1.0681788,-3.2428565 
3,1576155008051,2.3566992,0.32093263,-2.7494826 
3,1576155008071,5.125342,2.189048,-2.4956105 
3,1576155008091,7.6161623,4.512217,-2.0501368 
3,1576155008111,9.153765,6.5623536,-0.8095166 
3,1576155008129,10.174044,8.162227,0.8286768 
3,1576155008149,11.218272,9.398057,2.3950195 
3,1576155008172,12.19065,10.087823,3.4871485 
3,1576155008192,12.463682,10.092612,3.8655617 
3,1576155008210,11.716436,9.915381,2.7686427 
3,1576155008230,10.332115,9.613608,0.728086 
3,1576155008252,8.914263,9.292676,-1.1160791 
3,1576155008271,7.5203614,8.808882,-2.1603076 
3,1576155008289,6.3084817,8.214917,-2.1650977 
3,1576155008311,5.489385,7.3862405,-1.6573536 
3,1576155008330,5.1540823,6.2989016,-1.092129 
3,1576155008349,4.8139896,5.1924024,-0.57959473 
3,1576155008368,4.3014555,3.8799317,-0.364043 
3,1576155008389,3.3434474,2.44292,-0.29698244 
3,1576155008407,1.5711329,1.0011182,-0.19639161 
3,1576155008432,-0.50774413,-0.1341211,-0.2778223 
3,1576155008450,-1.9255958,-1.0873389,-1.0442286 
3,1576155008470,-3.2045362,-2.3614893,-2.083667 
3,1576155008493,-4.737349,-3.63564,-2.9650342 
3,1576155008513,-6.835386,-4.368516,-3.7027004 
3,1576155008533,-8.746612,-4.512217,-5.024751 
3,1576155008552,-10.015972,-4.991221,-6.0498195 
3,1576155008572,-12.808565,-5.489385,-6.1887307 
3,1576155008594,-16.760347,-5.2738333,-6.543194 
3,1576155008614,-18.772163,-3.899092,-7.783814 
3,1576155008634,-18.034498,-3.4440382,-9.148975 
3,1576155008654,-20.209175,-4.0811133,-8.47837 
3,1576155008674,-24.38609,-3.7410207,-8.660391 
3,1576155008695,-26.273365,-3.4488282,-11.084151 
3,1576155008710,-27.552305,-3.0895753,-12.319981 
3,1576155008733,-26.83859,-2.687212,-11.716436 
3,1576155008752,-23.09278,-2.8692336,-9.929751 
3,1576155008775,-19.57689,-3.1853762,-7.7502837 
3,1576155008793,-17.411793,-3.1231055,-6.701265 
3,1576155008813,-15.893351,-3.0991554,-7.0413575 
3,1576155008830,-14.834752,-3.0847852,-7.443721 
3,1576155008852,-12.937896,-3.3673975,-7.8365045 
3,1576155008870,-10.126143,-3.6739602,-7.568262 
3,1576155008892,-8.080796,-3.4679885,-6.303692 
3,1576155008911,-6.5479836,-3.0704153,-5.2115626 
3,1576155008935,-5.360054,-2.4764502,-4.646338 
3,1576155008956,-4.5409575,-1.695674,-4.3301954 
3,1576155008975,-3.0416749,-0.86220706,-4.239185 
3,1576155008996,-1.5328126,-0.09580079,-3.420088 
3,1576155009016,-0.43110353,0.9148975,-2.1028273 
3,1576155009036,1.22146,2.2273684,-1.1735597 
3,1576155009056,2.792593,3.5973196,-0.25866213 
3,1576155009076,4.2343946,4.8283596,0.76161623 
3,1576155009097,5.9540186,5.982759,1.705254 
3,1576155009117,7.5155716,7.1563187,2.6441016 
3,1576155009134,8.737032,8.205338,3.2045362 
3,1576155009157,9.618399,9.148975,3.2380664 
3,1576155009177,10.341695,9.685459,3.0799952 
3,1576155009198,10.739268,9.829161,2.6201515 
3,1576155009217,10.638678,9.718989,1.9878663 
3,1576155009235,9.968072,9.484278,1.575923 
3,1576155009257,9.196876,8.995694,1.4801221 
3,1576155009277,8.641231,8.267608,1.2502003 
3,1576155009296,7.941885,7.453301,0.8813672 
3,1576155009316,6.959927,6.5192432,0.6849756 
3,1576155009334,5.9204884,5.388794,0.5460645 
3,1576155009356,5.0534916,4.1146436,0.52690434 
3,1576155009374,4.263135,2.6967921,0.41194338 
3,1576155009393,3.4440382,1.0825489,0.05269043 
3,1576155009418,2.4860303,-0.6466553,-0.5221143 
3,1576155009438,0.49337405,-2.44771,-0.7041358 
3,1576155009456,-2.6584718,-3.803291,-0.7232959 
3,1576155009478,-5.3025737,-4.550537,-2.2321582 
3,1576155009497,-6.638994,-5.096602,-5.0678616 
3,1576155009518,-7.7790236,-5.6714063,-6.998247 
3,1576155009538,-9.910591,-6.2893214,-6.7874856 
3,1576155009557,-12.569063,-6.241421,-6.5144534 
3,1576155009576,-15.136524,-5.992339,-8.363408 
3,1576155009599,-16.037052,-5.9156985,-9.74773 
3,1576155009620,-17.402212,-5.839058,-8.823253 
3,1576155009639,-20.951632,-6.11209,-7.462881 
3,1576155009659,-26.517658,-5.470225,-8.708291 
3,1576155009680,-30.54129,-4.296665,-12.090059 
3,1576155009701,-30.833483,-3.6979103,-14.121036 
3,1576155009720,-28.687546,-3.7937112,-12.276871 
3,1576155009740,-24.764503,-4.176914,-9.426797 
3,1576155009760,-20.60196,-4.497847,-7.7646537 
3,1576155009780,-17.584234,-4.4547367,-7.3622904 
3,1576155009799,-15.78797,-4.239185,-7.7550735 
3,1576155009818,-14.116245,-4.157754,-8.411309 
3,1576155009837,-11.965518,-4.2296047,-8.674761 
3,1576155009856,-9.6615095,-4.5409575,-8.032896 
3,1576155009879,-8.171807,-4.497847,-6.581514 
3,1576155009894,-7.223379,-4.0667434,-5.5324955 
3,1576155009916,-5.9875493,-3.515889,-5.360054 
3,1576155009937,-4.4499464,-2.9602442,-5.0774417 
3,1576155009959,-2.9746144,-2.2752686,-3.9757326 
3,1576155009980,-1.0873389,-1.4609619,-2.4956105 
3,1576155009997,0.60354495,-0.28740236,-1.0394385 
3,1576155010020,2.2656887,1.2358302,0.30177248 
3,1576155010042,4.5840673,2.912344,1.4944923 
3,1576155010061,6.9024467,4.9241605,2.8404932 
3,1576155010080,8.760982,7.1323686,3.4536183 
3,1576155010099,9.872271,8.468789,4.2104445 
3,1576155010121,10.566827,9.340576,5.0678616 
3,1576155010140,11.457774,9.685459,4.4212065 
3,1576155010162,11.333233,9.589659,2.9985645 
3,1576155010182,10.308165,9.465117,1.4082716 
3,1576155010200,9.192085,9.177715,0.24908204 
3,1576155010222,8.190968,8.784932,-0.10538086 
3,1576155010240,7.223379,8.200547,-0.014370117 
3,1576155010263,6.4330225,7.443721,0.42152345 
3,1576155010281,5.7911572,6.5479836,0.9196875 
3,1576155010302,5.278623,5.4366946,1.22625 
3,1576155010322,4.7325587,4.2918754,1.1543995 
3,1576155010342,3.894302,3.0991554,0.7951465 
3,1576155010360,2.8836036,1.719624,0.3879932 
3,1576155010378,1.5088624,0.16286133,-0.043110352 
3,1576155010399,-0.57959473,-1.346001,-0.33530274 
3,1576155010419,-2.7207422,-2.7542725,-1.1112891 
3,1576155010439,-4.742139,-3.8416114,-2.3135889 
3,1576155010462,-7.27128,-4.6032276,-3.3721876 
3,1576155010484,-9.814791,-4.670288,-5.398374 
3,1576155010500,-10.94524,-4.287085,-8.3250885 
3,1576155010524,-11.347603,-4.263135,-8.0999565 
3,1576155010546,-12.803775,-4.6750784,-5.360054 
3,1576155010562,-14.513819,-4.996011,-5.2929935 
3,1576155010584,-17.344732,-4.9241605,-7.070098 
3,1576155010605,-22.431753,-4.277505,-8.5598 
3,1576155010625,-27.03498,-3.4248781,-10.87818 
3,1576155010643,-30.038336,-2.811753,-12.458892 
3,1576155010665,-30.47902,-2.5339308,-12.25771 
3,1576155010685,-27.882818,-2.6249416,-10.715318 
3,1576155010705,-23.792126,-3.0704153,-8.713081 
3,1576155010723,-20.084635,-3.4344583,-7.2760696 
3,1576155010747,-17.713566,-3.4631984,-6.7731156 
3,1576155010763,-16.171173,-3.3626075,-7.2185893 
3,1576155010790,-14.55693,-3.3482375,-7.8508744 
3,1576155010803,-12.588223,-3.4248781,-7.774234 
3,1576155010824,-10.499766,-3.4440382,-7.180269 
3,1576155010847,-8.689131,-3.3865578,-6.09772 
3,1576155010862,-7.563472,-3.0608351,-5.125342 
3,1576155010884,-6.6485744,-2.5578809,-4.5840673 
3,1576155010908,-5.4414845,-2.1363575,-4.2152348 
3,1576155010922,-4.267925,-1.6908839,-3.4536183 
3,1576155010941,-2.9889846,-1.1352394,-2.1603076 
3,1576155010965,-1.6860938,-0.28740236,-0.93405765 
3,1576155010983,0.19639161,1.0298585,-0.45984375 
3,1576155011010,1.4226416,3.0943654,-0.1580713 
3,1576155011024,2.7111623,4.84752,-0.3065625 
3,1576155011042,5.2594633,5.7815776,0.50774413 
3,1576155011061,8.008945,6.6677346,2.6297317 
3,1576155011083,9.800421,7.544312,3.8751419 
3,1576155011100,10.322535,8.296348,4.2152348 
3,1576155011122,10.9069195,8.58854,3.558999 
3,1576155011141,11.840977,8.62207,2.3854396 
3,1576155011161,11.625425,8.52148,2.2608986 
3,1576155011183,10.98356,8.152647,2.6441016 
3,1576155011205,10.346485,7.893985,2.2848487 
3,1576155011226,9.445957,7.558682,1.9160157 
3,1576155011244,8.339458,6.9551373,1.8106349 
3,1576155011266,7.065308,6.2510014,1.7148341 
3,1576155011288,5.877378,5.4366946,1.7435743 
3,1576155011307,4.775669,4.416416,1.9447559 
3,1576155011324,3.6260598,3.3386574,1.6525636 
3,1576155011344,2.2513185,2.193838,0.96758795 
3,1576155011364,0.7568262,1.1160791,0.18681154 
3,1576155011384,-0.3305127,-0.038320314,-0.74724615 
3,1576155011405,-1.590293,-1.336421,-1.0346485 
3,1576155011426,-3.2524366,-2.5578809,-1.4082716 
3,1576155011447,-4.670288,-3.3434474,-2.6488917 
3,1576155011467,-6.356382,-3.9134622,-3.6931202 
3,1576155011489,-7.4006104,-4.766089,-4.550537 
3,1576155011509,-9.307046,-5.9156985,-5.6522465 
3,1576155011530,-13.258829,-6.1216702,-6.983877 
3,1576155011550,-15.534098,-5.494175,-8.722662 
3,1576155011569,-16.908838,-5.4031644,-9.489068 
3,1576155011590,-20.309767,-5.4223247,-8.842413 
3,1576155011610,-24.481892,-4.6942387,-9.326206 
3,1576155011631,-27.537935,-3.7506008,-10.91171 
3,1576155011649,-29.707823,-2.9506643,-11.371553 
3,1576155011667,-29.08512,-2.6488917,-10.672208 
3,1576155011690,-25.751251,-2.8979738,-8.851993 
3,1576155011711,-22.01981,-3.3482375,-6.974297 
3,1576155011731,-19.30865,-3.558999,-5.7767873 
3,1576155011750,-17.526754,-3.4536183,-5.7863674 
3,1576155011772,-16.381935,-3.300337,-6.5384035 
3,1576155011790,-15.007193,-3.271597,-7.189849 
3,1576155011809,-12.698394,-3.4919386,-7.4006104 
3,1576155011831,-10.130933,-3.4679885,-6.7683253 
3,1576155011847,-8.056846,-3.1853762,-5.8438478 
3,1576155011873,-6.3132715,-2.787803,-5.1684523 
3,1576155011887,-4.6750784,-2.2848487,-4.7708793 
3,1576155011907,-3.171006,-1.705254,-4.2056546 
3,1576155011929,-1.7148341,-0.85741705,-3.3099172 
3,1576155011951,-0.32572266,0.31135255,-2.2129982 
3,1576155011969,1.0202783,1.8776954,-0.9148975 
3,1576155011991,2.668052,3.6548,0.16765137 
3,1576155012011,4.3637257,5.3121533,0.6993457 
3,1576155012031,6.09772,6.7491655,1.2645704 
3,1576155012052,7.27128,7.879615,2.4141798 
3,1576155012072,7.8987746,8.847202,3.2811768 
3,1576155012093,8.200547,9.474698,3.1278956 
3,1576155012113,8.363408,9.68067,2.2704787 
3,1576155012131,8.425679,9.465117,1.456172 
3,1576155012151,8.157437,8.890313,0.68976563 
3,1576155012170,7.6496925,8.281978,-0.52690434 
3,1576155012188,6.662945,7.5874224,-1.5615528 
3,1576155012209,5.364844,6.8497562,-2.0309765 
3,1576155012232,4.0859036,6.1791506,-2.2417383 
3,1576155012250,3.1374757,5.2929935,-2.4189699 
3,1576155012272,2.44771,4.1050634,-2.299219 
3,1576155012291,1.8345851,2.7399025,-1.9255958 
3,1576155012312,1.0154883,1.2597803,-1.6429834 
3,1576155012332,-0.13891114,-0.2921924,-1.6573536 
3,1576155012350,-1.5232325,-1.8537452,-1.9687061 
3,1576155012370,-3.1949563,-3.3386574,-2.5051906 
3,1576155012389,-4.5936475,-4.8331494,-3.788921 
3,1576155012410,-6.9790874,-6.318062,-4.7086086 
3,1576155012431,-11.093731,-6.725215,-5.982759 
3,1576155012452,-13.445641,-6.2893214,-9.043594 
3,1576155012473,-14.64315,-6.821016,-10.691368 
3,1576155012494,-20.194805,-7.074888,-8.775352 
3,1576155012512,-25.981173,-5.637876,-8.641231 
3,1576155012535,-27.513985,-4.4547367,-11.467354 
3,1576155012555,-28.409723,-3.9805226,-12.339141 
3,1576155012573,-29.34857,-3.6548,-10.748848 
3,1576155012595,-27.992989,-3.515889,-9.029224 
3,1576155012618,-24.319029,-3.5110989,-8.631651 
3,1576155012635,-20.357666,-3.5110989,-8.449629 
3,1576155012656,-17.086071,-3.4631984,-7.9610453 
3,1576155012675,-14.959292,-3.2859669,-7.4006104 
3,1576155012696,-13.665982,-2.9985645,-7.5203614 
3,1576155012715,-11.908037,-2.816543,-8.147857 
3,1576155012735,-9.848321,-2.7590625,-7.5970025 
3,1576155012756,-7.8604546,-2.7973828,-6.3851223 
3,1576155012776,-6.4426026,-2.3710694,-5.264253 
3,1576155012796,-5.518125,-1.6813037,-4.655918 
3,1576155012814,-4.4403663,-1.0202783,-4.378096 
3,1576155012837,-2.806963,-0.37362307,-4.0667434 
3,1576155012852,-1.6813037,0.42152345,-2.9698243 
3,1576155012874,-0.64186525,1.4418018,-1.710044 
3,1576155012893,0.3161426,2.548301,-0.3784131 
3,1576155012915,1.6238233,3.8224514,0.18681154 
3,1576155012935,2.8979738,5.130132,0.0 
3,1576155012956,3.5206788,6.447393,0.12933107 
3,1576155012975,4.248765,7.6209526,0.79993653 
3,1576155012997,5.2834134,8.655601,1.2310401 
3,1576155013017,6.423443,9.369317,1.2406201 
3,1576155013038,7.3958206,9.766891,1.1591895 
3,1576155013056,8.157437,9.910591,1.0633887 
3,1576155013074,8.746612,9.75252,0.87178713 
3,1576155013096,8.799302,9.2256155,1.0490186 
3,1576155013118,8.109536,8.636441,1.5519727 
3,1576155013136,7.247329,8.028106,1.7339942 
3,1576155013157,6.3899126,7.32876,1.9351759 
3,1576155013179,5.5468655,6.5144534,2.1411476 
3,1576155013199,4.737349,5.6522465,1.9399658 
3,1576155013219,3.9661524,4.7325587,1.3843213 
3,1576155013237,3.0225148,3.67875,0.9580079 
3,1576155013257,1.7435743,2.6009912,0.7664063 
3,1576155013278,0.4023633,1.5519727,0.2203418 
3,1576155013296,-0.8765772,0.5604346,-0.847837 
3,1576155013317,-2.2177882,-0.4742139,-1.8250049 
3,1576155013337,-3.6068995,-1.6286134,-2.5914114 
3,1576155013358,-4.9145803,-2.8357031,-3.6260598 
3,1576155013376,-6.701265,-4.033213,-5.0439115 
3,1576155013396,-9.216036,-4.87626,-6.466553 
3,1576155013416,-11.050621,-5.3552637,-7.1611085 
3,1576155013435,-11.630216,-6.0498195,-6.9168167 
3,1576155013458,-13.814473,-6.744375,-6.466553 
3,1576155013479,-18.542242,-6.5479836,-7.074888 
3,1576155013499,-23.566994,-5.4031644,-9.158555 
3,1576155013520,-27.03498,-4.5409575,-11.515254 
3,1576155013541,-30.426329,-3.4919386,-11.860137 
3,1576155013559,-30.886173,-2.7973828,-10.791959 
3,1576155013577,-27.806177,-2.8500733,-9.6758795 
3,1576155013601,-24.122639,-3.1901662,-9.402847 
3,1576155013622,-21.353994,-3.5015187,-8.938213 
3,1576155013641,-18.858385,-3.8320315,-8.190968 
3,1576155013662,-16.04663,-3.9278321,-8.238868 
3,1576155013679,-13.40253,-3.6452198,-8.966953 
3,1576155013702,-11.1176815,-3.3626075,-8.746612 
3,1576155013722,-8.813672,-3.1901662,-7.046148 
3,1576155013742,-6.696475,-2.8692336,-5.336104 
3,1576155013759,-5.479805,-2.2417383,-4.387676 
3,1576155013778,-4.9720607,-1.6669337,-3.1901662 
3,1576155013805,-4.152964,-1.0585986,-2.3710694 
3,1576155013820,-2.5578809,-0.4981641,-2.562671 
3,1576155013843,-1.4034815,0.21555176,-2.1363575 
3,1576155013858,-0.68976563,1.1448194,-1.101709 
3,1576155013880,0.6610254,2.2513185,-0.43110353 
3,1576155013898,2.088457,3.6308498,0.364043 
3,1576155013919,3.1278956,5.1397123,1.590293 
3,1576155013939,4.2248144,6.600674,2.562671 
3,1576155013961,5.9635987,7.8508744,2.1555176 
3,1576155013980,7.2281694,8.8951025,1.7675245 
3,1576155014001,8.315508,9.72378,1.7148341 
3,1576155014023,9.177715,10.121353,1.5663428 
3,1576155014043,9.249566,10.169253,1.5280225 
3,1576155014062,9.057964,9.872271,1.2741505 
3,1576155014080,8.746612,9.350157,0.64186525 
3,1576155014103,8.133487,8.722662,-0.019160157 
3,1576155014123,7.34313,7.937095,-0.081430666 
3,1576155014141,6.5384035,6.940767,0.11496094 
3,1576155014164,5.6426663,5.839058,0.45026368 
3,1576155014185,4.4691067,4.6990285,0.79993653 
3,1576155014204,3.2284865,3.4823585,0.9388477 
3,1576155014224,1.9303858,2.3327491,0.6562354 
3,1576155014242,0.6610254,1.2358302,0.22992188 
3,1576155014264,-0.49337405,0.13891114,-0.5412744 
3,1576155014282,-2.0980372,-1.0059083,-1.1687696 
3,1576155014302,-3.9469924,-2.0118165,-1.9591261 
3,1576155014322,-5.4223247,-2.9171338,-3.0608351 
3,1576155014351,-6.9072366,-3.6068995,-3.8368216 
3,1576155014360,-7.3622904,-4.502637,-5.134922 
3,1576155014385,-8.727451,-5.9013286,-6.6916847 
3,1576155014400,-13.40253,-6.466553,-7.9945755 
3,1576155014420,-17.545914,-5.8055277,-10.092612 
3,1576155014447,-20.218756,-5.585186,-11.146421 
3,1576155014466,-24.46273,-5.0343313,-9.599238 
3,1576155014480,-27.648108,-4.2200246,-8.334668 
3,1576155014510,-28.242071,-3.8128712,-8.808882 
3,1576155014525,-28.323502,-3.4823585,-9.091495 
3,1576155014541,-27.202633,-3.3817677,-8.459209 
3,1576155014568,-23.408922,-3.5781593,-7.788604 
3,1576155014584,-19.318228,-3.8511915,-6.701265 
3,1576155014603,-16.405884,-3.8080812,-5.345684 
3,1576155014632,-14.949713,-3.4296682,-4.87626 
3,1576155014646,-13.603711,-3.1374757,-5.2355127 
3,1576155014665,-11.860137,-2.8692336,-5.9252787 
3,1576155014687,-10.322535,-2.668052,-5.9635987 
3,1576155014707,-9.177715,-2.4764502,-5.1636624 
3,1576155014727,-8.229287,-2.1076174,-4.0044727 
3,1576155014747,-7.1227884,-1.5471827,-3.788921 
3,1576155014767,-5.934859,-0.9963282,-3.9374123 
3,1576155014788,-5.149292,-0.45505372,-3.420088 
3,1576155014806,-4.263135,0.14370118,-2.9602442 
3,1576155014825,-2.7159522,0.79035646,-2.543511 
3,1576155014855,-1.2310401,1.4992822,-1.6094532 
3,1576155014862,0.043110352,2.0980372,-0.53169435 
3,1576155014888,1.6142433,2.7159522,0.019160157 
3,1576155014903,3.3817677,3.8895118,-0.009580079 
3,1576155014921,5.134922,5.369634,-0.4167334 
3,1576155014943,6.576724,6.9934573,-0.10538086 
3,1576155014963,7.831714,8.650811,0.79035646 
3,1576155014987,8.947793,10.188414,1.2070899 
3,1576155015007,9.766891,11.376344,0.79035646 
3,1576155015026,10.212363,11.965518,-0.3879932 
3,1576155015044,10.035132,12.18107,-1.4992822 
3,1576155015069,9.354947,11.855348,-2.069297 
3,1576155015088,8.54543,11.122471,-2.2417383 
3,1576155015107,7.5970025,10.174044,-2.1267774 
3,1576155015126,6.605464,9.072334,-1.9399658 
3,1576155015149,5.839058,7.8748245,-1.7339942 
3,1576155015168,5.360054,6.6198344,-1.4178516 
3,1576155015189,4.996011,5.158872,-0.8813672 
3,1576155015209,4.493057,3.6500099,-0.3784131 
3,1576155015229,3.7170706,2.1028273,-0.06706055 
3,1576155015248,2.6249416,0.5843848,0.081430666 
3,1576155015269,1.2789404,-0.7951465,-0.12454102 
3,1576155015288,-0.2203418,-2.2225783,-0.8669971 
3,1576155015309,-1.5471827,-3.68354,-1.8633252 
3,1576155015327,-3.3386574,-5.0199614,-2.3950195 
3,1576155015349,-5.3792143,-6.2797413,-3.2476466 
3,1576155015366,-8.454419,-7.223379,-4.277505 
3,1576155015387,-11.682906,-7.472461,-5.623506 
3,1576155015406,-13.43127,-7.4054008,-7.927515 
3,1576155015426,-14.853911,-7.673643,-8.971744 
3,1576155015447,-17.359102,-8.765772,-7.4006104 
3,1576155015472,-22.791006,-9.101074,-5.527705 
3,1576155015490,-29.2384,-8.195757,-6.8832865 
3,1576155015509,-35.043926,-6.710845,-9.196876 
3,1576155015531,-38.17182,-5.216353,-9.929751 
3,1576155015551,-34.2392,-5.000801,-9.939331 
3,1576155015569,-26.144033,-5.944439,-8.703502 
3,1576155015592,-19.754122,-6.5000834,-6.576724 
3,1576155015612,-15.974781,-6.231841,-5.470225 
3,1576155015632,-14.226417,-5.829478,-5.4127445 
3,1576155015652,-12.813355,-5.513335,-6.1743608 
3,1576155015670,-10.95482,-5.249883,-6.9024467 
3,1576155015692,-9.115445,-4.8571,-6.638994 
3,1576155015712,-7.7646537,-4.4212065,-5.934859 
3,1576155015733,-6.935977,-4.038003,-5.269043 
3,1576155015752,-5.886958,-3.515889,-5.0822315 
3,1576155015772,-4.416416,-2.9219239,-4.89542 
3,1576155015792,-2.9698243,-2.2177882,-4.378096 
3,1576155015812,-1.2406201,-1.22146,-3.4631984 
3,1576155015830,0.5460645,0.07664063,-2.0309765 
3,1576155015863,2.7351124,1.6334034,-0.6179151 
3,1576155015868,5.249883,3.4488282,0.6993457 
3,1576155015891,7.237749,5.360054,2.1171973 
3,1576155015907,8.875943,7.204219,3.2189064 
3,1576155015930,9.75252,8.708291,3.396138 
3,1576155015950,10.068663,9.599238,2.912344 
3,1576155015973,10.317744,10.073453,1.6477735 
3,1576155015992,10.394385,10.197993,0.22513184 
3,1576155016013,10.169253,9.982442,-0.4742139 
3,1576155016032,9.580078,9.431587,-0.5748047 
3,1576155016054,8.732242,8.789722,-0.5125342 
3,1576155016072,7.654483,8.258028,-0.34009278 
3,1576155016093,6.6821046,7.6496925,0.009580079 
3,1576155016112,5.982759,6.821016,0.488584 
3,1576155016129,5.4989653,5.7911572,0.79993653 
3,1576155016154,4.905,4.6607084,0.8382569 
3,1576155016174,4.2200246,3.2811768,0.847837 
3,1576155016195,3.1901662,1.8537452,0.45505372 
3,1576155016215,1.7771046,0.44547364,-0.32572266 
3,1576155016234,0.20597169,-0.82388675,-1.3028907 
3,1576155016252,-1.096919,-2.193838,-2.42376 
3,1576155016272,-3.1039455,-3.63564,-3.1183155 
3,1576155016293,-6.375542,-4.641548,-3.6260598 
3,1576155016314,-9.536968,-4.641548,-5.5660257 
3,1576155016335,-11.256593,-4.4499464,-7.788604 
3,1576155016358,-11.663746,-4.8379397,-9.153765 
3,1576155016370,-13.905484,-5.3792143,-8.214917 
3,1576155016393,-17.359102,-5.245093,-7.472461 
3,1576155016410,-20.352877,-4.5936475,-8.866363 
3,1576155016432,-22.944288,-3.9565725,-10.485396 
3,1576155016453,-25.372837,-3.3386574,-11.127261 
3,1576155016475,-26.81464,-3.1853762,-11.179952 
3,1576155016495,-27.834919,-2.8357031,-10.461446 
3,1576155016514,-26.225466,-2.6441016,-9.72378 
3,1576155016536,-22.383854,-2.8596535,-8.684341 
3,1576155016554,-19.006876,-3.0608351,-6.878496 
3,1576155016573,-16.793879,-2.9698243,-5.7863674 
3,1576155016596,-15.064673,-2.8836036,-6.0258694 
3,1576155016616,-13.565392,-2.802173,-6.3947024 
3,1576155016638,-12.013418,-2.7782228,-6.5000834 
3,1576155016658,-9.82437,-2.907554,-6.447393 
3,1576155016678,-8.080796,-2.7399025,-5.934859 
3,1576155016698,-7.223379,-2.2561085,-5.249883 
3,1576155016718,-5.8055277,-1.7866846,-4.967271 
3,1576155016738,-4.287085,-1.1064991,-4.6894484 
3,1576155016758,-3.1326857,-0.081430666,-4.176914 
3,1576155016777,-2.3854396,1.0250684,-3.1374757 
3,1576155016796,-0.91010743,2.064507,-1.710044 
3,1576155016817,1.9687061,3.2620168,-1.1448194 
3,1576155016834,3.8847218,4.8523097,-0.2778223 
3,1576155016853,4.430786,6.2270513,0.53169435 
3,1576155016875,5.2929935,7.4101906,0.3784131 
3,1576155016895,6.5240335,8.411309,-0.05269043 
3,1576155016914,7.28565,9.2256155,-0.44547364 
3,1576155016936,7.654483,9.85311,-1.1975098 
3,1576155016958,8.420889,10.049502,-1.8106349 
3,1576155016978,8.722662,9.891431,-1.2454102 
3,1576155017000,8.976534,9.484278,-0.41194338 
3,1576155017019,8.799302,9.0004835,0.25387207 
3,1576155017040,8.133487,8.435259,0.85741705 
3,1576155017059,7.2616997,7.831714,1.2741505 
3,1576155017079,6.375542,7.1467385,1.4944923 
3,1576155017099,5.6282964,6.2845316,1.6381935 
3,1576155017118,5.024751,5.269043,1.5088624 
3,1576155017138,4.071533,4.272715,1.0538087 
3,1576155017156,3.0847852,3.1614258,0.36883304 
3,1576155017180,2.327959,1.8729054,-0.4406836 
3,1576155017200,1.1352394,0.24908204,-0.732876 
3,1576155017218,-0.39278322,-1.2406201,-1.0585986 
3,1576155017238,-1.6813037,-2.8644435,-2.0309765 
3,1576155017257,-2.5004005,-4.631968,-3.0847852 
3,1576155017279,-3.0847852,-6.5192432,-4.028423 
3,1576155017299,-5.0726514,-8.449629,-4.550537 
3,1576155017320,-10.245894,-9.565708,-4.4116263 
3,1576155017339,-16.425045,-8.784932,-6.1695704 
3,1576155017357,-19.653532,-6.9311867,-10.997931 
3,1576155017377,-20.520529,-5.599556,-13.565392 
3,1576155017399,-22.642515,-5.3552637,-10.6817875 
3,1576155017416,-27.303225,-5.0822315,-8.411309 
3,1576155017437,-31.513668,-3.9469924,-11.194322 
3,1576155017459,-32.601006,-2.792593,-14.494658 
3,1576155017481,-29.42521,-2.7542725,-13.665982 
3,1576155017500,-24.208858,-3.6068995,-9.565708 
3,1576155017519,-19.217638,-4.157754,-6.945557 
3,1576155017542,-16.037052,-3.9422023,-7.031778 
3,1576155017559,-14.293477,-3.5206788,-8.147857 
3,1576155017580,-12.779825,-3.290757,-8.885523 
3,1576155017600,-11.156001,-3.2859669,-8.4448395 
3,1576155017622,-8.923843,-3.420088,-7.5059915 
3,1576155017642,-7.0988383,-3.0847852,-6.4138627 
3,1576155017660,-5.9204884,-2.548301,-5.5372853 
3,1576155017683,-5.0534916,-1.9255958,-5.015171 
3,1576155017703,-3.999683,-1.2981006,-4.905 
3,1576155017723,-3.032095,-0.6466553,-4.3541455 
3,1576155017743,-2.2704787,-0.05748047,-3.027305 
3,1576155017763,-0.6610254,0.852627,-2.1555176 
3,1576155017781,1.829795,2.3710694,-1.710044 
3,1576155017801,2.9937747,4.1242237,-0.028740235 
3,1576155017822,3.4823585,5.704937,1.585503 
3,1576155017840,4.631968,7.213799,2.3135889 
3,1576155017868,6.2701616,8.358619,2.1507277 
3,1576155017879,7.414981,9.086704,2.2417383 
3,1576155017898,8.186177,9.513018,2.3758595 
3,1576155017920,8.487949,9.833951,1.8633252 
3,1576155017940,8.238868,9.862691,1.2549903 
3,1576155017961,7.9802055,9.599238,0.9436377 
3,1576155017983,7.793394,9.110655,0.8765772 
3,1576155018003,7.3575,8.51669,0.8909473 
3,1576155018019,6.8018556,7.8844047,0.82388675 
3,1576155018045,6.07856,7.204219,0.8286768 
3,1576155018065,5.2882032,6.461763,0.8430469 
3,1576155018085,4.6607084,5.5708156,1.0346485 
3,1576155018110,3.9613624,4.5888577,1.22146 
3,1576155018125,2.8931837,3.5685792,1.101709 
3,1576155018142,1.3747413,2.4860303,0.7664063 
3,1576155018171,0.24908204,1.2885206,-0.081430666 
3,1576155018182,-0.57959473,-0.19160157,-0.86220706 
3,1576155018205,-1.7148341,-1.7483643,-1.6142433 
3,1576155018231,-2.9746144,-3.3338673,-2.5147705 
3,1576155018244,-5.7767873,-4.6750784,-2.7734327 
3,1576155018262,-9.80521,-5.3935843,-3.1470559 
3,1576155018285,-13.570181,-5.374424,-4.8379397 
3,1576155018306,-15.016773,-4.87626,-7.434141 
3,1576155018325,-15.4861965,-4.7133985,-8.008945 
3,1576155018345,-17.641714,-4.526587,-6.615044 
3,1576155018367,-20.324137,-3.8847218,-6.456973 
3,1576155018382,-22.345533,-3.1566358,-8.377779 
3,1576155018401,-25.315357,-2.6249416,-9.287886 
3,1576155018422,-28.00736,-2.0932472,-9.307046 
3,1576155018442,-27.456505,-1.9878663,-9.249566 
3,1576155018462,-24.45315,-2.2561085,-8.143066 
3,1576155018485,-21.310884,-2.43813,-6.6533647 
3,1576155018504,-18.489552,-2.5914114,-5.7145166 
3,1576155018523,-16.381935,-2.6057813,-5.4414845 
3,1576155018547,-15.232325,-2.44292,-5.4989653 
3,1576155018565,-13.986915,-2.1746778,-6.06419 
3,1576155018588,-12.502003,-1.9016455,-6.567144 
3,1576155018606,-10.99314,-1.829795,-5.992339 
3,1576155018628,-9.239985,-1.6429834,-4.87626 
3,1576155018646,-7.568262,-1.3891114,-4.1002736 
3,1576155018668,-6.06419,-1.0202783,-3.7314405 
3,1576155018688,-4.3301954,-0.6945557,-3.6500099 
3,1576155018708,-3.0225148,-0.23471193,-3.1614258 
3,1576155018728,-2.0166066,0.47900394,-2.5004005 
3,1576155018748,-0.43110353,1.4082716,-2.308799 
3,1576155018767,1.7818946,2.6441016,-2.42855 
3,1576155018785,3.0895753,4.2104445,-1.4801221 
3,1576155018809,3.6979103,5.8438478,0.20118165 
3,1576155018828,5.039121,7.2281694,1.1879297 
3,1576155018849,6.351592,8.464,2.0118165 
3,1576155018873,6.567144,9.565708,2.572251 
3,1576155018884,6.595884,10.279425,2.2561085 
3,1576155018907,7.084468,10.523716,1.6142433 
3,1576155018924,7.702383,10.2315235,1.4705421 
3,1576155018945,7.879615,9.685459,1.6669337 
3,1576155018965,7.462881,9.0148535,1.2406201 
3,1576155018989,6.7731156,8.344249,0.4406836 
3,1576155019012,6.0689797,7.5970025,-0.17244141 
3,1576155019030,5.2738333,6.720425,-0.1820215 
3,1576155019049,4.502637,5.695357,0.19160157 
3,1576155019069,3.6452198,4.5553274,0.49337405 
3,1576155019089,2.5291407,3.4536183,0.36883304 
3,1576155019108,1.2693604,2.3662794,0.05269043 
3,1576155019128,0.05748047,1.2741505,-0.5412744 
3,1576155019149,-1.0729688,0.23950197,-1.4705421 
3,1576155019171,-2.308799,-0.5604346,-2.1746778 
3,1576155019191,-3.319497,-1.5998731,-2.42855 
3,1576155019211,-4.5457473,-2.931504,-2.2129982 
3,1576155019231,-6.8018556,-3.788921,-3.1135256 
3,1576155019249,-9.417217,-4.176914,-5.589976 
3,1576155019267,-11.975099,-4.392466,-8.076006 
3,1576155019288,-15.95083,-4.4212065,-9.230406 
3,1576155019310,-20.81751,-3.6068995,-9.086704 
3,1576155019331,-22.896387,-2.3998096,-10.035132 
3,1576155019352,-23.05925,-2.069297,-10.312955 
3,1576155019367,-24.663912,-1.954336,-8.990904 
3,1576155019388,-25.71293,-1.4274317,-9.398057 
3,1576155019412,-25.233927,-1.1591895,-10.753638 
3,1576155019427,-24.932154,-0.86220706,-10.212363 
3,1576155019448,-21.900059,-1.1208692,-9.144185 
3,1576155019468,-18.432072,-1.5519727,-7.7790236 
3,1576155019491,-16.650177,-1.5807129,-6.5623536 
3,1576155019512,-15.601158,-1.5471827,-6.2797413 
3,1576155019529,-13.962964,-1.5376027,-7.1371584 
3,1576155019552,-12.18107,-1.5711329,-7.573052 
3,1576155019571,-10.672208,-1.705254,-6.816226 
3,1576155019592,-9.398057,-1.7579445,-5.7480474 
3,1576155019611,-7.6592727,-1.829795,-5.9061184 
3,1576155019633,-5.9540186,-1.7723145,-6.4090724 
3,1576155019653,-4.6511283,-1.4513819,-6.3899126 
3,1576155019673,-3.2428565,-1.0106983,-5.7911572 
3,1576155019693,-1.2166699,-0.43110353,-4.4499464 
3,1576155019713,0.52690434,0.5508545,-2.3902297 
3,1576155019733,1.9878663,2.1363575,-0.33530274 
3,1576155019754,3.788921,3.899092,1.0394385 
3,1576155019774,6.0737696,5.374424,2.5147705 
3,1576155019794,7.563472,6.8880763,4.4451566 
3,1576155019814,8.440049,8.133487,5.7911572 
3,1576155019833,9.196876,9.043594,5.484595 
3,1576155019852,9.129815,9.522598,4.4691067 
3,1576155019875,8.784932,9.613608,2.8213332 
3,1576155019890,8.57417,9.378897,0.6179151 
3,1576155019914,8.061636,9.105865,-0.79035646 
3,1576155019929,7.213799,8.741821,-1.4226416 
3,1576155019948,6.303692,8.296348,-1.4609619 
3,1576155019971,5.6522465,7.7646537,-0.97237796 
3,1576155019992,5.0343313,7.074888,-0.28261232 
3,1576155020014,4.2200246,6.13604,0.1820215 
3,1576155020033,3.3386574,5.005591,0.24908204 
3,1576155020055,2.44771,3.8799317,-0.009580079 
3,1576155020075,1.3555812,2.7351124,-0.25866213 
3,1576155020095,0.09101075,1.5376027,-0.63707525 
3,1576155020115,-0.8909473,0.20118165,-1.3795313 
3,1576155020134,-2.5051906,-0.9627979,-2.0980372 
3,1576155020154,-4.406836,-1.9064356,-2.9410841 
3,1576155020173,-5.8007374,-2.6967921,-3.788921 
3,1576155020192,-6.821016,-3.65959,-4.143384 
3,1576155020216,-8.454419,-4.373306,-4.8091993 
3,1576155020234,-10.025552,-4.641548,-6.09772 
3,1576155020254,-11.0123005,-5.3073635,-7.3527102 
3,1576155020274,-13.335469,-6.1935205,-7.30481 
3,1576155020300,-18.120718,-5.9013286,-7.32876 
3,1576155020316,-21.411476,-5.0918117,-8.789722 
3,1576155020336,-22.929918,-4.9576907,-10.245894 
3,1576155020356,-26.100924,-4.608018,-9.78605 
3,1576155020374,-28.328293,-4.0763235,-9.508228 
3,1576155020393,-27.863659,-3.8559816,-9.690249 
3,1576155020413,-25.61713,-3.7170706,-9.235196 
3,1576155020433,-22.062922,-3.9422023,-8.243657 
3,1576155020453,-18.460812,-4.138594,-7.2569094 
3,1576155020475,-16.415464,-3.9757326,-6.744375 
3,1576155020494,-15.342496,-3.788921,-6.782696 
3,1576155020517,-13.819263,-3.6308498,-7.3766603 
3,1576155020537,-11.994258,-3.544629,-7.688013 
3,1576155020556,-10.178833,-3.319497,-7.2616997 
3,1576155020575,-8.636441,-2.926714,-6.1647806 
3,1576155020597,-7.3862405,-2.5339308,-4.8523097 
3,1576155020616,-5.8438478,-2.074087,-4.009263 
3,1576155020635,-4.2296047,-1.3220508,-3.8080812 
3,1576155020658,-2.7542725,-0.39757326,-3.9565725 
3,1576155020676,-1.7435743,0.5891748,-3.4823585 
3,1576155020698,-0.6322852,1.5184424,-2.3614893 
3,1576155020719,0.847837,2.7015822,-1.0873389 
3,1576155020739,2.4764502,4.095484,-0.16286133 
3,1576155020760,3.4584084,5.5660257,0.3065625 
3,1576155020779,4.1960745,6.854546,0.5508545 
3,1576155020799,5.4175344,7.7550735,0.7041358 
3,1576155020819,6.4042826,8.52627,1.1783496 
3,1576155020837,6.9790874,9.201666,1.5567628 
3,1576155020858,7.31918,9.7621,1.4370118 
3,1576155020876,7.5395217,9.996812,1.3220508 
3,1576155020896,7.6257424,9.81,1.5519727 
3,1576155020915,7.558682,9.445957,1.8920655 
3,1576155020935,7.1275783,8.938213,1.6765138 
3,1576155020955,6.6342044,8.368198,1.2597803 
3,1576155020979,5.944439,7.673643,0.9436377 
3,1576155020999,5.0774417,6.8976564,0.87178713 
3,1576155021017,4.2343946,6.0114994,0.8382569 
3,1576155021039,3.4775686,4.996011,0.42152345 
3,1576155021061,2.6201515,3.894302,-0.21555176 
3,1576155021081,1.575923,2.6153615,-0.7232959 
3,1576155021101,0.07185059,1.2502003,-1.0585986 
3,1576155021119,-1.6477735,-0.09580079,-1.5471827 
3,1576155021143,-3.535049,-1.1735597,-2.3327491 
3,1576155021162,-5.345684,-2.2177882,-3.3626075 
3,1576155021179,-6.844966,-2.8452833,-4.5457473 
3,1576155021202,-7.189849,-3.4823585,-5.6187162 
3,1576155021222,-7.6017923,-4.5553274,-6.337222 
3,1576155021240,-9.393267,-5.6857767,-7.1084185 
3,1576155021260,-12.425362,-6.09772,-7.1611085 
3,1576155021280,-14.173726,-5.8677983,-7.414981 
3,1576155021302,-15.217955,-6.1599903,-7.9945755 
3,1576155021321,-19.054777,-6.701265,-7.453301 
3,1576155021339,-26.005123,-5.839058,-7.2904396 
3,1576155021361,-29.942535,-4.608018,-10.4566555 
3,1576155021378,-30.646671,-3.9805226,-12.415782 
3,1576155021398,-28.721075,-4.0906935,-10.087823 
3,1576155021420,-24.237598,-4.5792775,-7.1084185 
3,1576155021438,-19.653532,-4.6750784,-6.2701616 
3,1576155021460,-16.736397,-4.3301954,-6.5479836 
3,1576155021481,-15.1413145,-4.0044727,-6.825806 
3,1576155021502,-13.886324,-3.774551,-6.706055 
3,1576155021522,-12.894786,-3.5015187,-6.710845 
3,1576155021541,-11.347603,-3.4009278,-6.926397 
3,1576155021563,-9.833951,-2.9794044,-6.5288234 
3,1576155021582,-9.010064,-2.3854396,-5.5324955 
3,1576155021602,-7.7790236,-2.0453467,-4.86189 
3,1576155021624,-6.3803325,-1.6190332,-4.493057 
3,1576155021644,-5.2977834,-0.9867481,-4.6511283 
3,1576155021665,-4.167334,-0.21555176,-5.0630717 
3,1576155021684,-2.6584718,0.57001466,-4.4595265 
3,1576155021704,-0.9915381,1.3747413,-3.171006 
3,1576155021724,0.3305127,2.4620802,-1.719624 
3,1576155021744,1.0250684,3.8272414,-0.364043 
3,1576155021769,2.1267774,5.0726514,0.33530274 
3,1576155021784,4.0811133,6.1743608,0.60833496 
3,1576155021804,5.8821683,7.3479204,0.9244776 
3,1576155021829,7.2521195,8.368198,0.9148975 
3,1576155021842,8.47837,9.220825,1.0202783 
3,1576155021862,9.0004835,9.699829,1.4034815 
3,1576155021888,9.038804,9.857901,1.8250049 
3,1576155021900,9.057964,9.78605,1.7435743 
3,1576155021921,8.799302,9.522598,1.6525636 
3,1576155021946,8.157437,9.048384,1.4849122 
3,1576155021960,7.30481,8.49753,1.1256592 
3,1576155021982,6.327642,7.879615,0.9196875 
3,1576155022005,5.364844,7.223379,0.5939649 
3,1576155022025,4.737349,6.4042826,0.119750984 
3,1576155022044,4.071533,5.3552637,0.0047900393 
3,1576155022065,3.1326857,4.2152348,0.15328126 
3,1576155022085,1.8920655,3.0656252,0.07185059 
3,1576155022105,0.53169435,1.7771046,-0.42152345 
3,1576155022122,-1.0538087,0.48379397,-1.1256592 
3,1576155022143,-2.9985645,-0.50774413,-1.7675245 
3,1576155022166,-4.5840673,-1.2502003,-3.0225148 
3,1576155022186,-5.886958,-2.1171973,-4.416416 
3,1576155022206,-7.664063,-2.9650342,-4.991221 
3,1576155022227,-9.8866415,-3.3290772,-5.1636624 
3,1576155022246,-10.193204,-3.9613624,-5.9156985 
3,1576155022264,-10.193204,-4.775669,-6.327642 
3,1576155022283,-11.716436,-5.221143,-5.9252787 
3,1576155022306,-13.790523,-5.7480474,-5.695357 
3,1576155022327,-17.574654,-5.9061184,-5.6187162 
3,1576155022345,-22.522764,-5.4366946,-6.912027 
3,1576155022363,-26.292526,-4.670288,-9.565708 
3,1576155022384,-29.25756,-3.8464015,-11.165582 
3,1576155022402,-30.019176,-3.4440382,-11.247012 
3,1576155022423,-27.389444,-3.5973196,-9.953702 
3,1576155022443,-22.910757,-4.0763235,-8.267608 
3,1576155022466,-19.275118,-4.277505,-6.816226 
3,1576155022488,-16.353193,-4.296665,-6.0833497 
3,1576155022507,-14.403648,-4.1002736,-6.1599903 
3,1576155022527,-12.784615,-3.8416114,-7.074888 
3,1576155022548,-11.309282,-3.4344583,-6.9311867 
3,1576155022566,-10.020762,-3.0704153,-5.757627 
3,1576155022590,-8.904683,-2.7399025,-4.430786 
3,1576155022609,-8.310719,-2.3758595,-3.779341 
3,1576155022624,-7.5203614,-1.9974464,-4.406836 
3,1576155022649,-6.246211,-1.5376027,-4.976851 
3,1576155022669,-4.5457473,-0.847837,-4.5457473 
3,1576155022689,-2.6441016,-0.0047900393,-3.6260598 
3,1576155022709,-0.7568262,1.2502003,-2.663262 
3,1576155022729,1.6286134,2.7446926,-1.9734962 
3,1576155022749,3.6212697,4.3493557,-1.0011182 
3,1576155022769,4.9289503,5.752837,0.26345217 
3,1576155022788,6.2031007,6.926397,1.2166699 
3,1576155022809,7.448511,8.047266,1.2022998 
3,1576155022825,8.210127,9.0004835,0.5604346 
3,1576155022846,8.440049,9.599238,0.20118165 
3,1576155022865,8.487949,9.867481,0.17244141 
3,1576155022885,8.804092,9.75252,0.21076173 
3,1576155022904,8.899893,9.436378,0.06706055 
3,1576155022925,8.262817,9.206455,-0.20597169 
3,1576155022946,7.31439,9.0004835,-0.12454102 
3,1576155022968,6.6102543,8.5598,0.3065625 
3,1576155022990,5.977969,7.941885,0.6706055 
3,1576155023010,5.384004,7.1323686,0.86220706 
3,1576155023031,4.7804594,6.12646,0.96758795 
3,1576155023051,3.8272414,5.0487013,0.8669971 
3,1576155023071,2.5530908,4.028423,0.6322852 
3,1576155023092,1.5423926,2.9841945,0.07664063 
3,1576155023111,0.57959473,1.7866846,-0.79035646 
3,1576155023129,-0.6227051,0.5221143,-1.331631 
3,1576155023149,-1.9064356,-0.6706055,-1.7723145 
3,1576155023172,-3.290757,-1.7771046,-2.6488917 
3,1576155023192,-5.0822315,-2.8788135,-3.3817677 
3,1576155023212,-7.7694435,-3.4775686,-3.923042 
3,1576155023232,-9.580078,-3.7027004,-6.2605815 
3,1576155023251,-10.399176,-4.258345,-8.674761 
3,1576155023270,-12.492422,-4.8427296,-8.57417 
3,1576155023289,-15.85503,-4.8139896,-7.5874224 
3,1576155023312,-18.187778,-4.392466,-8.655601 
3,1576155023332,-19.758911,-4.2248144,-10.102193 
3,1576155023350,-22.963448,-3.9422023,-9.901011 
3,1576155023369,-25.894953,-3.4248781,-9.7812605 
3,1576155023388,-26.89607,-2.8979738,-10.169253 
3,1576155023410,-26.139244,-2.5147705,-10.145303 
3,1576155023428,-23.471193,-2.5099807,-9.077125 
3,1576155023449,-20.429518,-2.9794044,-7.510782 
3,1576155023469,-18.925446,-3.1997461,-6.1887307 
3,1576155023491,-17.598604,-3.0752053,-6.696475 
3,1576155023513,-15.720909,-2.9841945,-8.037686 
3,1576155023532,-14.025235,-2.9889846,-7.9227247 
3,1576155023552,-11.668535,-3.2476466,-7.089258 
3,1576155023571,-9.311836,-3.300337,-6.0593996 
3,1576155023594,-7.486831,-3.0225148,-5.144502 
3,1576155023613,-5.724097,-2.4333398,-4.9337406 
3,1576155023634,-4.047583,-1.4274317,-5.0534916 
3,1576155023655,-2.3998096,-0.34967285,-4.670288 
3,1576155023674,-0.63707525,0.5748047,-3.6116896 
3,1576155023695,1.0538087,1.7148341,-1.9064356 
3,1576155023715,2.44292,3.175796,0.038320314 
3,1576155023735,4.0427933,4.679868,0.8047266 
3,1576155023755,5.470225,6.217471,1.1831397 
3,1576155023775,5.6522465,7.4676714,2.2369483 
3,1576155023795,5.7719975,8.291558,2.6488917 
3,1576155023815,6.715635,8.875943,1.7531544 
3,1576155023835,7.9083548,9.230406,0.8861573 
3,1576155023852,8.727451,9.383687,0.613125 
3,1576155023873,8.53585,9.3309965,0.85741705 
3,1576155023894,7.7694435,9.196876,1.1783496 
3,1576155023911,6.9551373,9.072334,1.0873389 
3,1576155023934,6.2031007,8.804092,0.9627979 
3,1576155023951,5.5803957,8.329878,0.8861573 
3,1576155023972,5.125342,7.683223,0.74724615 
3,1576155023993,5.0534916,6.821016,0.51732427 
3,1576155024013,4.87147,5.719307,0.33530274 
3,1576155024035,3.9469924,4.5313773,0.43110353 
3,1576155024054,2.3998096,3.3290772,0.43589357 
3,1576155024076,0.85741705,1.9974464,0.019160157 
3,1576155024097,-0.39278322,0.6658155,-1.0538087 
3,1576155024113,-1.6573536,-0.5604346,-2.1603076 
3,1576155024135,-3.046465,-1.8010547,-3.1135256 
3,1576155024158,-4.976851,-2.9410841,-3.4296682 
3,1576155024178,-7.6401124,-3.5925295,-4.0044727 
3,1576155024199,-8.808882,-4.311035,-5.997129 
3,1576155024218,-10.150093,-4.6990285,-7.798184 
3,1576155024238,-11.989469,-5.000801,-8.765772 
3,1576155024257,-12.976216,-5.518125,-7.688013 
3,1576155024275,-15.85982,-5.3792143,-5.982759 
3,1576155024296,-19.787653,-4.766089,-7.4101906 
3,1576155024318,-23.600523,-4.512217,-9.690249 
3,1576155024338,-27.633736,-3.8224514,-10.475816 
3,1576155024356,-29.583282,-3.1566358,-11.256593 
3,1576155024377,-28.539055,-2.8836036,-11.213482 
3,1576155024410,-25.52133,-2.8788135,-9.268726 
3,1576155024412,-21.176764,-3.175796,-7.5395217 
3,1576155024431,-17.718355,-3.3147073,-6.696475 
3,1576155024451,-16.233442,-3.1087356,-6.591094 
3,1576155024473,-15.232325,-3.046465,-7.711963 
3,1576155024495,-14.221626,-3.180586,-8.780142 
3,1576155024516,-13.129498,-3.290757,-8.727451 
3,1576155024535,-11.721226,-3.1470559,-8.119117 
3,1576155024556,-8.928633,-3.2236965,-7.27128 
3,1576155024577,-5.6714063,-3.0656252,-5.7911572 
3,1576155024599,-3.3099172,-2.3423293,-4.263135 
3,1576155024619,-1.6286134,-1.1304493,-3.5829494 
3,1576155024639,-0.613125,0.20597169,-3.5877395 
3,1576155024656,-0.043110352,1.4370118,-2.9458742 
3,1576155024680,1.21188,2.4620802,-1.6717237 
3,1576155024700,2.7734327,3.5829494,0.043110352 
3,1576155024720,3.9805226,4.84752,1.4178516 
3,1576155024740,4.9864306,6.0306597,2.308799 
3,1576155024760,5.494175,7.084468,3.1087356 
3,1576155024781,6.0498195,7.9610453,3.1949563 
3,1576155024801,6.423443,8.698711,2.9746144 
3,1576155024821,6.8928666,9.105865,2.7351124 
3,1576155024839,7.534732,9.297466,2.189048 
3,1576155024857,7.5970025,9.407638,1.5807129 
3,1576155024877,7.0030375,9.3453665,1.1400293 
3,1576155024896,6.332432,9.072334,0.8334668 
3,1576155024916,5.494175,8.669971,0.732876 
3,1576155024938,4.493057,8.052056,0.732876 
3,1576155024957,3.6212697,7.3862405,0.5939649 
3,1576155024977,3.0225148,6.6533647,0.22513184 
3,1576155024997,2.5339308,5.6905665,-0.07185059 
3,1576155025022,1.8441651,4.6846585,-0.4167334 
3,1576155025038,0.7568262,3.6260598,-0.7664063 
3,1576155025061,-0.6227051,2.4860303,-1.0825489 
3,1576155025082,-1.9782863,1.3891114,-1.6238233 
3,1576155025102,-2.8883936,0.23950197,-2.787803 
3,1576155025120,-3.2811768,-0.96758795,-4.2439747 
3,1576155025140,-4.4834766,-2.2129982,-4.737349 
3,1576155025162,-6.945557,-3.2332766,-4.119434 
3,1576155025183,-7.7502837,-4.497847,-4.3445654 
3,1576155025203,-8.8951025,-5.5372853,-5.2355127 
3,1576155025223,-11.960728,-5.5612354,-6.912027 
3,1576155025243,-12.511582,-5.7145166,-9.69504 
3,1576155025261,-12.650494,-6.715635,-10.073453 
3,1576155025279,-16.372355,-7.3479204,-8.119117 
3,1576155025303,-22.187462,-7.180269,-8.032896 
3,1576155025323,-27.657686,-6.08814,-11.223062 
3,1576155025343,-29.779675,-4.7948294,-15.002403 
3,1576155025361,-28.10795,-4.5553274,-14.197677 
3,1576155025382,-24.50584,-5.005591,-9.70941 
3,1576155025402,-19.998413,-5.3217335,-6.782696 
3,1576155025425,-16.540005,-4.905,-6.08814 
3,1576155025440,-14.451549,-4.2918754,-6.9072366 
3,1576155025459,-13.263618,-3.8224514,-7.563472 
3,1576155025486,-12.492422,-3.65959,-7.6449027 
3,1576155025502,-10.528506,-3.4679885,-7.4580913 
3,1576155025523,-9.273516,-2.811753,-6.3228517 
3,1576155025549,-7.9562554,-2.1698878,-5.513335 
3,1576155025560,-6.6246243,-1.465752,-4.9241605 
3,1576155025583,-6.05461,-0.87178713,-4.167334 
3,1576155025603,-5.3073635,-0.38320315,-4.061953 
3,1576155025625,-4.617598,0.21555176,-3.9661524 
3,1576155025645,-4.129014,1.0490186,-3.6308498 
3,1576155025665,-3.3530276,1.7483643,-3.0129347 
3,1576155025685,-2.5387208,2.2896388,-2.1555176 
3,1576155025705,-1.5184424,3.1087356,-1.336421 
3,1576155025725,0.09101075,4.129014,-0.7424561 
3,1576155025745,1.9351759,5.249883,0.023950197 
3,1576155025766,3.6164796,6.3707523,0.8334668 
3,1576155025786,5.4271145,7.4676714,1.4178516 
3,1576155025806,7.3096,8.358619,2.6201515 
3,1576155025826,8.425679,9.211246,4.1002736 
3,1576155025844,8.224498,9.948912,4.1960745 
3,1576155025864,7.606582,10.269844,2.6536818 
3,1576155025885,7.165899,10.236314,0.4981641 
3,1576155025905,6.8018556,9.85311,-0.6610254 
3,1576155025922,6.2989016,9.287886,-1.0011182 
3,1576155025941,5.728887,8.636441,-1.0154883 
3,1576155025962,4.996011,8.008945,-0.8813672 
3,1576155025982,4.0859036,7.32397,-0.613125 
3,1576155026004,3.166216,6.5048733,-0.3161426 
3,1576155026025,2.4572902,5.647456,-0.086220704 
3,1576155026045,2.0118165,4.6511283,-0.0047900393 
3,1576155026065,1.5376027,3.5206788,-0.09580079 
3,1576155026087,0.46463382,2.3423293,-0.16286133 
3,1576155026106,-1.0154883,1.2454102,-0.3544629 
3,1576155026127,-2.4045997,0.2203418,-1.101709 
3,1576155026144,-3.788921,-0.76161623,-1.9830762 
3,1576155026162,-4.9481106,-1.8106349,-3.051255 
3,1576155026188,-5.858218,-2.7830129,-4.5696974 
3,1576155026208,-7.4580913,-3.5925295,-5.6666164 
3,1576155026228,-9.057964,-4.3637257,-6.6246243 
3,1576155026248,-10.691368,-5.4223247,-7.544312 
3,1576155026266,-14.221626,-5.9204884,-7.9897857 
3,1576155026284,-18.403332,-5.0822315,-8.808882 
3,1576155026308,-20.424726,-4.3637257,-9.877061 
3,1576155026328,-21.842579,-4.5601172,-9.81 
3,1576155026346,-25.181236,-4.1864944,-9.536968 
3,1576155026366,-27.413395,-3.3386574,-10.868599 
3,1576155026388,-27.193052,-2.9698243,-11.414663 
3,1576155026407,-24.898624,-2.9985645,-9.096285 
3,1576155026424,-21.028273,-3.2811768,-6.830596 
3,1576155026445,-17.560284,-3.3482375,-6.0450296 
3,1576155026464,-15.423926,-3.0991554,-6.212681 
3,1576155026485,-13.948594,-2.7973828,-6.8593364 
3,1576155026505,-12.933106,-2.4812403,-6.9934573 
3,1576155026528,-11.587105,-2.3135889,-7.0030375 
3,1576155026548,-9.968072,-2.2417383,-6.557564 
3,1576155026566,-8.459209,-1.9208057,-5.407954 
3,1576155026589,-6.9551373,-1.5423926,-4.3349857 
3,1576155026609,-5.858218,-0.98195803,-3.9805226 
3,1576155026628,-4.641548,-0.34009278,-4.5792775 
3,1576155026647,-3.7601807,0.39278322,-4.5553274 
3,1576155026670,-2.6057813,1.1352394,-3.8080812 
3,1576155026691,-1.22625,2.1171973,-2.5578809 
3,1576155026708,0.21555176,3.1374757,-1.331631 
3,1576155026731,1.6094532,4.3445654,-0.21555176 
3,1576155026751,2.7494826,5.5803957,0.63707525 
3,1576155026771,4.402046,6.844966,0.29698244 
3,1576155026792,5.336104,8.028106,0.033530276 
3,1576155026811,5.5564456,8.866363,0.6466553 
3,1576155026830,6.246211,9.283096,1.0777588 
3,1576155026848,7.089258,9.666299,1.0106983 
3,1576155026869,7.453301,9.8866415,0.8334668 
3,1576155026889,7.247329,9.872271,0.5556446 
3,1576155026908,6.686895,9.690249,0.1341211 
3,1576155026928,5.973179,9.244776,-0.014370117 
3,1576155026947,5.269043,8.56459,-0.014370117 
3,1576155026967,4.641548,7.7502837,0.12933107 
3,1576155026987,3.8176613,6.825806,0.1580713 
3,1576155027011,2.7638526,5.8677983,0.06227051 
3,1576155027029,1.6094532,4.9576907,-0.10538086 
3,1576155027052,0.5125342,4.0763235,-0.33530274 
3,1576155027071,-0.1820215,3.0033545,-0.79993653 
3,1576155027094,-0.9053174,1.839375,-1.22625 
3,1576155027113,-2.2369483,0.68976563,-1.341211 
3,1576155027130,-3.5733693,-0.35925296,-1.8202149 
3,1576155027151,-4.2248144,-1.5136524,-3.0943654 
3,1576155027173,-4.6654983,-2.8213332,-4.7325587 
3,1576155027193,-6.1504107,-4.167334,-5.613926 
3,1576155027213,-8.943004,-5.0439115,-5.724097 
3,1576155027233,-11.611055,-5.350474,-6.3899126 
3,1576155027253,-14.389278,-5.484595,-7.213799 
3,1576155027272,-16.836988,-5.7145166,-7.913145 
3,1576155027291,-19.960094,-5.6761966,-8.023315 
3,1576155027312,-23.749014,-5.0487013,-8.305928 
3,1576155027329,-26.469757,-4.430786,-9.307046 
3,1576155027353,-27.772648,-4.047583,-10.111773 
3,1576155027372,-27.370285,-3.7266505,-9.78605 
3,1576155027392,-24.869884,-3.6452198,-8.52627 
3,1576155027417,-21.406685,-3.7649708,-7.472461 
3,1576155027430,-18.173409,-3.7410207,-6.816226 
3,1576155027452,-15.519727,-3.539839,-6.342012 
3,1576155027470,-13.397739,-3.3051271,-6.13604 
3,1576155027491,-12.080479,-2.936294,-6.0258694 
3,1576155027511,-10.739268,-2.7303224,-5.848638 
3,1576155027535,-9.364527,-2.3902297,-5.0343313 
3,1576155027553,-8.372989,-1.9208057,-4.129014 
3,1576155027571,-7.582632,-1.4944923,-3.8176613 
3,1576155027592,-6.8018556,-0.9484278,-4.129014 
3,1576155027616,-5.8677983,-0.37362307,-4.3254056 
3,1576155027635,-5.494175,0.2682422,-3.923042 
3,1576155027656,-4.397256,0.8334668,-3.8128712 
3,1576155027676,-2.5339308,1.575923,-3.4727786 
3,1576155027696,-0.60833496,2.4764502,-2.543511 
3,1576155027715,0.74724615,3.803291,-1.3603711 
3,1576155027736,1.8154249,5.465435,-0.60354495 
3,1576155027756,3.180586,7.0030375,-0.89573735 
3,1576155027776,4.756509,8.411309,-1.5567628 
3,1576155027797,6.452183,9.321417,-1.4274317 
3,1576155027816,7.9610453,9.74294,-0.35925296 
3,1576155027836,8.5598,9.814791,0.7424561 
3,1576155027853,8.229287,9.872271,1.5136524 
3,1576155027874,7.893985,9.79563,1.5950831 
3,1576155027895,7.558682,9.393267,1.101709 
3,1576155027914,6.7395854,8.938213,0.6227051 
3,1576155027932,5.6809864,8.473579,0.18681154 
3,1576155027953,4.5553274,7.941885,-0.047900394 
3,1576155027973,3.420088,7.3527102,-0.244292 
3,1576155027993,2.7590625,6.725215,-0.3879932 
3,1576155028012,2.6105714,5.8007374,-0.06706055 
3,1576155028035,2.4956105,4.6511283,0.33530274 
3,1576155028057,1.9926564,3.5063088,0.3879932 
3,1576155028077,0.71371585,2.3327491,0.0047900393 
3,1576155028097,-0.8813672,1.1975098,-0.53169435 
3,1576155028116,-1.9974464,0.23471193,-1.3986914 
3,1576155028135,-3.6212697,-0.79035646,-2.0932472 
3,1576155028158,-5.589976,-1.7627344,-2.955454 
3,1576155028178,-6.7635355,-2.663262,-4.0571632 
3,1576155028199,-8.109536,-3.65959,-4.8523097 
3,1576155028219,-10.0063925,-4.406836,-5.527705 
3,1576155028239,-11.615846,-4.6846585,-7.103628 
3,1576155028258,-12.870835,-4.9576907,-7.798184 
3,1576155028276,-14.901813,-5.1876125,-7.941885 
3,1576155028298,-18.063238,-5.039121,-8.353828 
3,1576155028319,-21.483326,-4.4116263,-8.674761 
3,1576155028336,-24.24239,-3.8607717,-9.412427 
3,1576155028359,-26.378746,-3.3290772,-10.777588 
3,1576155028377,-26.92481,-2.8500733,-11.596685 
3,1576155028397,-24.32382,-3.0177248,-10.3512745 
3,1576155028415,-21.277355,-3.3051271,-7.711963 
3,1576155028440,-18.748213,-3.420088,-6.423443 
3,1576155028455,-16.458574,-3.2859669,-6.461763 
3,1576155028476,-15.136524,-3.0368848,-6.595884 
3,1576155028495,-14.154566,-2.802173,-6.5336137 
3,1576155028517,-12.937896,-2.687212,-6.452183 
3,1576155028539,-11.654165,-2.4668703,-6.0019193 
3,1576155028559,-9.972861,-2.304009,-5.4510646 
3,1576155028577,-8.296348,-2.083667,-4.91937 
3,1576155028601,-6.806646,-1.7914747,-4.5409575 
3,1576155028621,-5.709727,-1.3268409,-4.2343946 
3,1576155028641,-4.670288,-0.7711963,-4.028423 
3,1576155028661,-3.8799317,0.019160157,-3.8511915 
3,1576155028682,-3.2189064,1.1448194,-3.535049 
3,1576155028702,-2.1411476,2.3566992,-3.032095 
3,1576155028722,-0.6514453,3.3386574,-2.4764502 
3,1576155028741,0.4263135,4.488267,-1.8058448 
3,1576155028761,2.0932472,5.484595,-1.1112891 
3,1576155028782,3.3434474,6.3851223,0.17244141 
3,1576155028802,4.071533,7.4580913,0.82388675 
3,1576155028822,4.5601172,8.53585,0.28261232 
3,1576155028840,5.5708156,9.1202345,-0.25387207 
3,1576155028859,6.6916847,9.541759,-0.16286133 
3,1576155028879,7.3622904,9.666299,0.5412744 
3,1576155028901,7.654483,9.560919,1.7579445 
3,1576155028918,8.061636,9.287886,2.3998096 
3,1576155028938,8.162227,8.914263,2.3566992 
3,1576155028962,7.5155716,8.636441,2.078877 
3,1576155028978,6.466553,8.162227,1.8920655 
3,1576155028999,5.5372853,7.5395217,1.9974464 
3,1576155029022,4.655918,6.854546,2.059717 
3,1576155029042,3.7170706,6.09772,1.7866846 
3,1576155029062,3.1183155,5.2834134,1.2837305 
3,1576155029084,2.6967921,4.3206153,0.9915381 
3,1576155029102,1.9926564,3.2572267,0.7807764 
3,1576155029122,0.9053174,2.2177882,-0.27303225 
3,1576155029146,-0.30177248,1.092129,-1.9351759 
3,1576155029163,-1.2837305,-0.16286133,-3.1901662 
3,1576155029183,-3.056045,-1.5040723,-3.2045362 
3,1576155029210,-5.2115626,-2.7973828,-3.1901662 
3,1576155029224,-7.175479,-3.6260598,-4.009263 
3,1576155029244,-8.53585,-4.392466,-5.3313136 
3,1576155029260,-9.211246,-5.374424,-6.3947024 
3,1576155029282,-11.280542,-6.198311,-6.5000834 
3,1576155029305,-14.70063,-6.236631,-6.940767 
3,1576155029324,-17.14355,-5.982759,-8.54064 
3,1576155029344,-20.046314,-5.5468655,-9.81958 
3,1576155029365,-23.868765,-5.0726514,-9.920172 
3,1576155029384,-27.106833,-4.3014555,-10.035132 
3,1576155029403,-28.294762,-3.6883302,-10.638678 
3,1576155029425,-27.461294,-3.3434474,-10.5764065 
3,1576155029441,-24.30945,-3.515889,-9.627979 
3,1576155029463,-20.534899,-4.018843,-8.272398 
3,1576155029479,-18.091978,-4.0427933,-7.32876 
3,1576155029500,-16.334034,-3.774551,-7.199429 
3,1576155029521,-14.70063,-3.5254688,-6.9790874 
3,1576155029544,-13.297149,-3.2141163,-6.241421 
3,1576155029562,-11.457774,-3.0368848,-6.0498195 
3,1576155029585,-9.407638,-2.8596535,-6.255791 
3,1576155029604,-7.9802055,-2.4572902,-5.7815776 
3,1576155029625,-6.710845,-2.1028273,-4.7325587 
3,1576155029646,-5.0822315,-1.6717237,-3.9469924 
3,1576155029664,-4.2439747,-0.9053174,-3.1997461 
3,1576155029684,-3.9565725,-0.023950197,-2.5243506 
3,1576155029706,-3.4009278,0.9196875,-2.931504 
3,1576155029727,-2.6536818,2.0261867,-3.4248781 
3,1576155029747,-1.8729054,3.3099172,-3.2859669 
3,1576155029764,-0.20118165,4.4403663,-2.9602442 
3,1576155029783,1.7579445,5.350474,-1.9782863 
3,1576155029807,2.9698243,6.2989016,-0.081430666 
3,1576155029826,3.7985013,7.3096,1.3220508 
3,1576155029845,5.0630717,8.176597,1.2933106 
3,1576155029865,6.9216065,8.880733,0.42152345 
3,1576155029883,8.176597,9.3309965,0.23950197 
3,1576155029905,8.693921,9.541759,1.2789404 
3,1576155029933,9.259146,9.455538,2.2848487 
3,1576155029943,9.364527,9.172925,2.4333398 
3,1576155029963,8.650811,8.851993,2.2848487 
3,1576155029983,7.4916215,8.392149,2.2177882 
3,1576155030003,6.356382,7.8365045,2.0980372 
3,1576155030024,5.455855,7.2904396,1.8250049 
3,1576155030045,4.799619,6.600674,1.4513819 
3,1576155030067,4.0906935,5.7719975,1.0777588 
3,1576155030088,3.166216,4.8906302,0.81909674 
3,1576155030109,2.2800586,3.8799317,0.5029541 
3,1576155030128,1.2502003,2.543511,0.05269043 
3,1576155030146,-0.64186525,1.1591895,-0.09580079 
3,1576155030169,-2.8644435,0.2778223,-0.852627 
3,1576155030189,-4.5649076,-0.18681154,-3.0177248 
3,1576155030209,-4.0667434,-1.2310401,-5.9013286 
3,1576155030229,-3.5973196,-2.926714,-5.968389 
3,1576155030249,-5.977969,-4.5074267,-3.3721876 
3,1576155030269,-10.178833,-5.3169436,-1.9303858 
3,1576155030287,-12.14275,-5.369634,-4.9481106 
3,1576155030309,-13.086388,-5.5516553,-8.674761 
3,1576155030324,-15.78797,-5.724097,-8.789722 
3,1576155030350,-19.275118,-5.350474,-7.189849 
3,1576155030369,-22.494024,-4.88105,-7.074888 
3,1576155030388,-26.105715,-4.1960745,-8.229287 
3,1576155030408,-28.395353,-3.4679885,-10.399176 
3,1576155030428,-28.304342,-3.1183155,-11.390714 
3,1576155030446,-25.808731,-3.0416749,-10.274634 
3,1576155030468,-21.631817,-3.1901662,-8.449629 
3,1576155030485,-18.106348,-3.3386574,-7.0174074 
3,1576155030506,-16.238234,-3.1039455,-6.672525 
3,1576155030526,-14.954503,-2.7830129,-7.3527102 
3,1576155030549,-13.651612,-2.4956105,-7.4964113 
3,1576155030568,-11.802657,-2.5866213,-6.725215 
3,1576155030592,-9.8866415,-2.7015822,-5.977969 
3,1576155030612,-8.665181,-2.189048,-6.437813 
3,1576155030631,-8.147857,-1.5136524,-6.8689165 
3,1576155030651,-7.2616997,-1.1975098,-6.6437845 
3,1576155030671,-6.09293,-1.096919,-5.633086 
3,1576155030690,-4.9433208,-0.8047266,-4.6654983 
3,1576155030709,-3.4775686,-0.17244141,-4.2343946 
3,1576155030732,-2.3519094,0.8095166,-3.6212697 
3,1576155030752,-0.732876,1.839375,-2.9937747 
3,1576155030772,1.0681788,3.1566358,-2.0357666 
3,1576155030792,2.1555176,4.397256,-0.82388675 
3,1576155030812,3.046465,5.3935843,0.28261232 
3,1576155030835,4.967271,6.2031007,0.57959473 
3,1576155030850,7.1275783,7.3766603,0.4263135 
3,1576155030870,8.4448395,8.377779,0.7711963 
3,1576155030890,9.211246,8.947793,1.949546 
3,1576155030911,9.536968,9.206455,3.3434474 
3,1576155030935,9.977652,9.311836,3.7985013 
3,1576155030949,9.872271,9.230406,3.3386574 
3,1576155030973,8.919053,9.005274,2.3806496 
3,1576155030988,8.147857,8.650811,1.1496094 
3,1576155031009,7.4197707,8.181387,0.5891748 
3,1576155031029,6.591094,7.544312,0.5364844 
3,1576155031052,5.824688,6.9168167,0.1820215 
3,1576155031069,5.0918117,6.222261,-0.07185059 
3,1576155031091,4.157754,5.398374,0.2778223 
3,1576155031114,3.1614258,4.4355764,0.6706055 
3,1576155031131,1.7771046,3.4536183,0.7041358 
3,1576155031151,0.89573735,2.4333398,-0.30177248 
3,1576155031171,0.43110353,1.1927198,-1.839375 
3,1576155031188,-1.0059083,-0.32572266,-2.7207422 
3,1576155031214,-4.018843,-1.456172,-2.567461 
3,1576155031233,-5.848638,-2.2561085,-3.319497 
3,1576155031254,-6.09293,-3.3147073,-4.7948294 
3,1576155031274,-7.544312,-4.502637,-4.7708793 
3,1576155031291,-9.75731,-5.6618266,-4.0906935 
3,1576155031316,-12.506792,-6.2941117,-4.5649076 
3,1576155031335,-17.823736,-6.06419,-5.863008 
3,1576155031354,-22.920338,-4.5409575,-8.698711 
3,1576155031374,-24.20407,-3.544629,-10.341695 
3,1576155031393,-24.960896,-3.3434474,-8.334668 
3,1576155031413,-26.618248,-3.3721876,-6.2893214 
3,1576155031437,-28.390562,-2.7399025,-6.7874856 
3,1576155031451,-27.868448,-1.9064356,-8.732242 
3,1576155031472,-23.854395,-2.1219873,-8.713081 
3,1576155031491,-19.70622,-2.8644435,-6.5719337 
3,1576155031512,-16.928,-3.2189064,-4.82357 
3,1576155031532,-14.978453,-3.2572267,-5.149292 
3,1576155031554,-13.603711,-3.1039455,-6.342012 
3,1576155031573,-12.5738535,-2.9698243,-6.7731156 
3,1576155031598,-11.170372,-3.046465,-6.365962 
3,1576155031617,-9.69504,-3.0704153,-5.7480474 
3,1576155031637,-8.128696,-2.6776319,-5.230723 
3,1576155031657,-6.696475,-2.0022364,-4.7133985 
3,1576155031677,-5.8965383,-1.3795313,-3.9134622 
3,1576155031697,-4.598438,-0.613125,-3.9901028 
3,1576155031718,-2.5818312,0.25866213,-4.287085 
3,1576155031737,-0.42152345,1.331631,-3.6548 
3,1576155031758,1.3028907,2.7063723,-2.3375392 
3,1576155031778,3.0656252,4.014053,-1.2406201 
3,1576155031798,5.039121,5.2594633,-0.26345217 
3,1576155031816,6.959927,6.342012,0.8047266 
3,1576155031837,8.4448395,7.3096,1.8010547 
3,1576155031855,9.594449,8.008945,2.4525 
3,1576155031877,10.528506,8.53585,2.6393116 
3,1576155031896,11.122471,8.871153,2.663262 
3,1576155031916,11.199112,9.077125,2.2752686 
3,1576155031937,10.97877,9.057964,1.6190332 
3,1576155031955,10.447076,8.928633,1.6908839 
3,1576155031977,9.637559,8.598121,2.064507 
3,1576155031995,8.626861,8.167017,2.1124072 
3,1576155032015,7.34313,7.688013,2.2944288 
3,1576155032038,6.318062,7.1371584,2.3854396 
3,1576155032058,5.6522465,6.3228517,1.8776954 
3,1576155032077,5.125342,5.4414845,0.9627979 
3,1576155032099,4.493057,4.277505,0.41194338 
3,1576155032119,3.515889,2.9746144,0.13891114 
3,1576155032137,2.3135889,1.4992822,-0.17244141 
3,1576155032159,0.79035646,-0.05269043,-0.56522465 
3,1576155032179,-1.3699512,-1.5232325,-1.1831397 
3,1576155032198,-3.515889,-2.7111623,-2.1459377 
3,1576155032218,-5.0199614,-4.014053,-3.391348 
3,1576155032240,-6.912027,-5.0774417,-4.296665 
3,1576155032260,-8.626861,-5.9156985,-5.0439115 
3,1576155032278,-10.341695,-6.8689165,-5.1828227 
3,1576155032296,-13.349839,-7.434141,-5.350474 
3,1576155032319,-16.410675,-7.1132083,-6.6246243 
3,1576155032340,-18.087189,-6.6581545,-7.879615 
3,1576155032357,-21.100122,-6.6581545,-7.5203614 
3,1576155032376,-27.897188,-5.7001467,-6.3851223 
3,1576155032396,-32.99858,-4.1864944,-7.4197707 
3,1576155032418,-33.630867,-3.0991554,-9.666299 
3,1576155032438,-30.737682,-3.0943654,-10.202784 
3,1576155032458,-25.042326,-4.023633,-7.9610453 
3,1576155032478,-19.926563,-4.7325587,-5.0726514 
3,1576155032497,-16.434626,-4.5792775,-3.7649708 
3,1576155032518,-14.494658,-4.1146436,-3.9517825 
3,1576155032539,-13.51749,-3.6164796,-4.8379397 
3,1576155032557,-11.951148,-3.2189064,-5.8103175 
3,1576155032578,-10.207574,-2.8836036,-5.704937 
3,1576155032601,-8.890313,-2.7015822,-5.120552 
3,1576155032622,-7.434141,-2.3998096,-4.84752 
3,1576155032641,-5.5420756,-1.9160157,-4.5936475 
3,1576155032660,-4.152964,-1.0394385,-4.143384 
3,1576155032684,-3.4488282,0.20597169,-3.8703518 
3,1576155032701,-2.3375392,1.4753321,-4.406836 
3,1576155032723,-0.6658155,2.562671,-4.6511283 
3,1576155032748,1.22625,3.5829494,-3.530259 
3,1576155032762,3.8272414,4.598438,-2.1219873 
3,1576155032783,6.198311,5.6618266,-0.87178713 
3,1576155032809,7.7215433,6.734795,0.45505372 
3,1576155032823,8.59333,7.654483,1.5950831 
3,1576155032840,9.062755,8.377779,2.806963 
3,1576155032867,9.599238,8.732242,3.7122805 
3,1576155032880,10.020762,8.818462,3.9709425 
3,1576155032901,10.020762,8.727451,3.9469924 
3,1576155032927,9.287886,8.655601,3.415298 
3,1576155032940,8.363408,8.49753,2.5099807 
3,1576155032959,7.2904396,8.147857,1.9591261 
3,1576155032978,6.236631,7.6017923,1.8633252 
3,1576155032999,5.513335,6.935977,1.5519727 
3,1576155033020,5.087022,6.0833497,0.91010743 
3,1576155033043,4.4834766,5.087022,0.39757326 
3,1576155033062,3.3769777,3.9757326,0.05269043 
3,1576155033083,1.9160157,2.7063723,-0.47900394 
3,1576155033102,0.41194338,1.3028907,-1.0585986 
3,1576155033123,-1.3843213,0.047900394,-1.5088624 
3,1576155033142,-3.5063088,-0.90052736,-2.2273684 
3,1576155033164,-4.742139,-1.8872755,-3.3673975 
3,1576155033183,-5.240303,-2.8596535,-4.2918754 
3,1576155033205,-6.2031007,-3.899092,-4.6750784 
3,1576155033225,-8.018526,-5.110972,-5.254673 
3,1576155033245,-11.457774,-5.944439,-5.5372853 
3,1576155033263,-16.00831,-5.484595,-5.872588 
3,1576155033284,-18.451231,-4.517007,-8.042476 
3,1576155033301,-18.877544,-4.3349857,-9.441168 
3,1576155033325,-21.373156,-4.095484,-7.27128 
3,1576155033346,-24.635172,-3.4679885,-5.5564456 
3,1576155033365,-26.723629,-2.912344,-7.1371584 
3,1576155033385,-28.141481,-2.3519094,-9.067544 
3,1576155033402,-26.670938,-2.4572902,-9.239985 
3,1576155033423,-23.442451,-2.8452833,-7.2425394 
3,1576155033443,-20.113375,-2.9985645,-5.4031644 
3,1576155033462,-17.339943,-2.9219239,-4.718189 
3,1576155033485,-15.878981,-2.562671,-4.8331494 
3,1576155033502,-14.68147,-2.2321582,-5.4989653 
3,1576155033522,-12.727135,-2.1363575,-6.0210795 
3,1576155033545,-10.811119,-2.0980372,-5.872588 
3,1576155033564,-8.741821,-1.9734962,-5.4319043 
3,1576155033586,-7.4772515,-1.5232325,-4.775669 
3,1576155033605,-6.6581545,-0.8765772,-4.4451566 
3,1576155033627,-5.336104,-0.32572266,-4.4259963 
3,1576155033648,-4.0763235,0.36883304,-3.8751419 
3,1576155033668,-3.0799952,1.1496094,-3.046465 
3,1576155033688,-1.590293,2.1219873,-2.692002 
3,1576155033708,0.15328126,3.1853762,-2.6297317 
3,1576155033728,1.5519727,4.4451566,-2.1076174 
3,1576155033748,3.0368848,5.5708156,-1.3268409 
3,1576155033768,4.4403663,6.600674,-0.2921924 
3,1576155033788,5.8342676,7.4964113,0.57959473 
3,1576155033803,7.0126176,8.262817,1.4322218 
3,1576155033828,7.654483,8.8951025,2.5004005 
3,1576155033846,8.013736,9.297466,3.056045 
3,1576155033866,7.9227247,9.465117,3.1997461 
3,1576155033887,7.697593,9.417217,3.0608351 
3,1576155033907,7.5012016,9.182506,2.543511 
3,1576155033925,7.060518,8.866363,2.1411476 
3,1576155033947,6.576724,8.392149,1.7723145 
3,1576155033966,6.07856,7.807764,1.3124708 
3,1576155033984,5.1780324,7.185059,1.1687696 
3,1576155034005,4.2104445,6.476133,0.9196875 
3,1576155034026,3.5110989,5.7001467,0.086220704 
3,1576155034046,3.0704153,4.766089,-0.50774413 
3,1576155034066,2.3710694,3.5494192,-0.5556446 
3,1576155034087,1.346001,2.2465284,0.56522465 
3,1576155034109,0.15328126,0.96758795,1.3507911 
3,1576155034128,-0.98195803,-0.3305127,0.78556645 
3,1576155034147,-2.4716604,-1.575923,-0.5508545 
3,1576155034168,-4.129014,-2.7734327,-2.0357666 
3,1576155034188,-5.6282964,-3.7362306,-3.3482375 
3,1576155034210,-7.32876,-4.655918,-4.358936 
3,1576155034232,-8.162227,-5.7767873,-5.5420756 
3,1576155034251,-9.575289,-7.117998,-6.2797413 
3,1576155034268,-13.45043,-7.846084,-6.0019193 
3,1576155034288,-17.919537,-7.7071733,-6.840176 
3,1576155034310,-21.713247,-7.3527102,-9.010064 
3,1576155034332,-27.95467,-6.236631,-10.672208 
3,1576155034351,-32.462097,-4.91937,-10.777588 
3,1576155034377,-32.495625,-4.5936475,-9.216036 
3,1576155034387,-29.31983,-5.005591,-7.932305 
3,1576155034409,-25.516539,-5.374424,-7.2664895 
3,1576155034430,-22.508394,-5.240303,-6.5000834 
3,1576155034447,-19.078726,-4.9481106,-6.4905033 
3,1576155034467,-15.740069,-4.5744877,-6.5623536 
3,1576155034487,-13.297149,-4.176914,-6.1552005 
3,1576155034505,-11.338023,-3.7458107,-5.5803957 
3,1576155034528,-9.958491,-3.0752053,-5.5324955 
3,1576155034550,-8.775352,-2.4764502,-5.5947657 
3,1576155034569,-7.7167535,-2.059717,-5.5803957 
3,1576155034592,-6.8928666,-1.5280225,-5.5564456 
3,1576155034612,-6.0258694,-1.1400293,-5.1780324 
3,1576155034633,-4.703819,-0.8334668,-4.4595265 
3,1576155034653,-3.5925295,-0.38320315,-3.5829494 
3,1576155034672,-2.4812403,0.34009278,-3.5254688 
3,1576155034690,-1.0729688,1.3507911,-3.8176613 
3,1576155034712,0.13891114,2.3423293,-3.1470559 
3,1576155034733,1.4897022,3.535049,-1.8250049 
3,1576155034753,3.6212697,4.6271777,0.014370117 
3,1576155034773,6.495293,5.6857767,2.1746778 
3,1576155034794,8.842413,7.180269,3.2045362 
3,1576155034813,9.263936,8.732242,3.3051271 
3,1576155034833,8.617281,9.7812605,3.0943654 
3,1576155034850,8.262817,10.073453,2.2896388 
3,1576155034872,8.377779,10.025552,1.3939015 
3,1576155034890,8.459209,9.73815,0.8095166 
3,1576155034913,8.018526,9.326206,0.50774413 
3,1576155034931,7.2616997,8.828042,0.32572266 
3,1576155034954,6.3228517,8.229287,0.3065625 
3,1576155034970,5.2929935,7.5251517,0.5748047 
3,1576155034990,4.493057,6.7491655,0.7759864 
3,1576155035010,3.9326222,5.9204884,0.7807764 
3,1576155035032,3.290757,5.0774417,0.76161623 
3,1576155035049,2.5147705,4.1960745,0.6466553 
3,1576155035073,1.5711329,3.276387,0.34488282 
3,1576155035093,0.60354495,2.2561085,-0.019160157 
3,1576155035115,-0.5412744,1.1352394,-0.45026368 
3,1576155035133,-1.8872755,-0.07185059,-1.3172607 
3,1576155035154,-4.239185,-1.1927198,-1.8776954 
3,1576155035173,-6.7395854,-2.193838,-2.8836036 
3,1576155035196,-8.459209,-2.572251,-5.101392 
3,1576155035215,-9.134604,-3.3338673,-7.165899 
3,1576155035236,-9.944121,-4.5074267,-7.0509377 
3,1576155035256,-11.769127,-5.4462748,-5.824688 
3,1576155035275,-13.632452,-5.719307,-5.752837 
3,1576155035290,-14.68147,-6.0114994,-7.28565 
3,1576155035316,-17.517174,-6.2270513,-8.032896 
3,1576155035337,-22.656885,-5.599556,-8.253238 
3,1576155035356,-26.354795,-4.8091993,-9.340576 
3,1576155035376,-27.715168,-4.157754,-9.924961 
3,1576155035396,-26.335636,-3.9565725,-8.646021 
3,1576155035414,-23.777756,-4.0523734,-6.222261 
3,1576155035434,-21.593496,-4.023633,-4.5601172 
3,1576155035454,-20.228336,-3.6068995,-4.253555 
3,1576155035473,-18.1782,-3.4009278,-4.7469287 
3,1576155035494,-15.620318,-3.4536183,-4.790039 
3,1576155035513,-14.073135,-3.420088,-4.296665 
3,1576155035533,-12.688814,-3.271597,-4.143384 
3,1576155035553,-11.218272,-2.9506643,-4.0427933 
3,1576155035574,-10.130933,-2.6009912,-3.903882 
3,1576155035597,-9.192085,-2.2225783,-4.0859036 
3,1576155035617,-8.133487,-1.9016455,-4.4116263 
3,1576155035638,-6.600674,-1.7148341,-4.167334 
3,1576155035656,-4.8331494,-1.341211,-3.5494192 
3,1576155035678,-3.9805226,-0.5412744,-3.2380664 
3,1576155035698,-3.4775686,0.3879932,-3.3530276 
3,1576155035718,-2.4093897,1.4801221,-3.4488282 
3,1576155035740,-1.2406201,2.5914114,-2.7830129 
3,1576155035759,0.19639161,3.3338673,-1.2789404 
3,1576155035779,2.5004005,4.239185,-0.07664063 
3,1576155035798,5.4606447,5.3169436,0.3305127 
3,1576155035819,8.008945,6.5384035,0.5843848 
3,1576155035838,9.656719,7.6209526,1.2310401 
3,1576155035858,10.9069195,8.49753,1.9830762 
3,1576155035877,11.769127,9.048384,2.7638526 
3,1576155035898,11.764337,9.206455,3.67875 
3,1576155035917,11.213482,9.096285,4.4116263 
3,1576155035936,10.5620365,8.62207,4.4403663 
3,1576155035956,9.604029,8.195757,3.4488282 
3,1576155035979,8.53585,7.793394,2.069297 
3,1576155035995,7.391031,7.32876,1.1879297 
3,1576155036015,6.246211,6.6677346,1.0202783 
3,1576155036034,5.3025737,5.8438478,0.9532178 
3,1576155036059,4.5649076,4.9720607,0.64186525 
3,1576155036079,3.9948928,3.9326222,-0.12933107 
3,1576155036099,3.4296682,2.4764502,-0.36883304 
3,1576155036119,2.4525,0.9148975,-0.3161426 
3,1576155036139,0.9532178,-0.57001466,-0.7424561 
3,1576155036160,-0.46942386,-2.2177882,-1.7339942 
3,1576155036179,-2.193838,-3.7362306,-2.926714 
3,1576155036196,-4.282295,-5.360054,-3.439248 
3,1576155036221,-6.0306597,-6.844966,-4.3493557 
3,1576155036241,-7.999366,-8.123906,-6.1408305 
3,1576155036261,-11.203902,-8.866363,-7.673643 
3,1576155036279,-14.973662,-9.048384,-7.7407036 
3,1576155036299,-17.656084,-9.053174,-8.248447 
3,1576155036320,-21.205503,-8.904683,-8.823253 
3,1576155036342,-26.560768,-7.793394,-9.83874 
3,1576155036362,-30.838272,-6.06419,-11.247012 
3,1576155036380,-32.471676,-4.9720607,-11.510465 
3,1576155036404,-30.670622,-4.799619,-9.479487 
3,1576155036420,-26.575138,-5.206773,-6.615044 
3,1576155036440,-21.856949,-5.388794,-4.996011 
3,1576155036465,-18.31711,-5.0726514,-4.766089 
3,1576155036478,-16.123272,-4.6607084,-5.0630717 
3,1576155036497,-14.465919,-4.1864944,-5.3025737 
3,1576155036524,-12.650494,-3.788921,-5.1971927 
3,1576155036538,-10.7871685,-3.276387,-4.4451566 
3,1576155036560,-9.201666,-2.7830129,-3.7601807 
3,1576155036586,-8.238868,-2.1219873,-3.4536183 
3,1576155036602,-7.32397,-1.4322218,-3.5063088 
3,1576155036622,-6.231841,-0.8430469,-3.5973196 
3,1576155036641,-5.3408937,-0.31135255,-3.530259 
3,1576155036663,-4.512217,0.28740236,-3.1949563 
3,1576155036682,-3.0177248,0.8334668,-2.7973828 
3,1576155036703,-2.189048,1.6142433,-1.6094532 
3,1576155036723,-1.7914747,2.6249416,-0.6706055 
3,1576155036741,-0.57959473,3.7122805,-0.60833496 
3,1576155036764,1.0011182,4.8044095,-0.22513184 
3,1576155036783,2.912344,5.733677,0.3784131 
3,1576155036804,4.3349857,6.720425,1.0442286 
3,1576155036824,5.158872,7.6209526,1.6908839 
3,1576155036842,6.0210795,8.363408,2.1698878 
3,1576155036862,7.5012016,8.875943,2.5004005 
3,1576155036882,8.717872,9.115445,3.0847852 
3,1576155036904,9.508228,9.057964,3.7937112 
3,1576155036922,9.944121,8.789722,4.248765 
3,1576155036942,9.637559,8.454419,4.4691067 
3,1576155036969,8.741821,8.076006,4.061953 
3,1576155036980,7.6209526,7.7454934,3.1135256 
3,1576155037004,6.6773148,7.3575,2.193838 
3,1576155037021,5.704937,6.8737063,1.456172 
3,1576155037041,4.991221,6.255791,0.7664063 
3,1576155037061,4.598438,5.3935843,0.1820215 
3,1576155037085,3.923042,4.378096,-0.038320314 
3,1576155037104,2.5770411,3.2620168,-0.033530276 
3,1576155037126,1.0106983,2.1124072,-0.3544629 
3,1576155037143,-0.37362307,0.9244776,-0.91010743 
3,1576155037166,-1.5376027,-0.3065625,-1.5615528 
3,1576155037186,-3.151846,-1.4609619,-2.6393116 
3,1576155037206,-4.3301954,-2.7973828,-4.009263 
3,1576155037226,-5.120552,-4.358936,-4.8044095 
3,1576155037246,-6.4282327,-6.0450296,-4.7469287 
3,1576155037266,-8.56459,-7.577842,-4.263135 
3,1576155037284,-10.662627,-8.799302,-4.631968 
3,1576155037304,-13.871954,-9.508228,-5.1924024 
3,1576155037327,-19.064356,-9.235196,-6.4330225 
3,1576155037347,-26.120085,-7.9227247,-9.302257 
3,1576155037367,-31.413078,-5.724097,-12.003839 
3,1576155037386,-32.054943,-4.4451566,-12.28645 
3,1576155037405,-31.178366,-4.2008643,-9.230406 
3,1576155037424,-28.821667,-4.176914,-6.6485744 
3,1576155037443,-24.510632,-4.358936,-6.318062 
3,1576155037466,-20.649858,-4.4451566,-6.2749515 
3,1576155037483,-17.680035,-4.4212065,-5.7624173 
3,1576155037502,-15.476617,-4.517007,-4.88105 
3,1576155037524,-13.737833,-4.636758,-4.133804 
3,1576155037543,-12.0182085,-3.9948928,-4.3301954 
3,1576155037565,-10.595567,-3.0752053,-4.727769 
3,1576155037587,-9.273516,-2.44771,-4.402046 
3,1576155037607,-7.6209526,-2.0213966,-3.4775686 
3,1576155037626,-6.246211,-1.7004639,-2.4189699 
3,1576155037648,-4.976851,-1.2885206,-2.2800586 
3,1576155037669,-3.9661524,-0.5460645,-3.032095 
3,1576155037689,-3.1566358,0.09580079,-3.5877395 
3,1576155037709,-2.2177882,0.91010743,-3.2380664 
3,1576155037729,-1.2645704,1.9591261,-2.44292 
3,1576155037749,0.2921924,3.0081446,-1.7531544 
3,1576155037769,2.7734327,4.095484,-0.76161623 
3,1576155037789,5.1732426,5.2977834,0.38320315 
3,1576155037809,7.1371584,6.5288234,1.4322218 
3,1576155037829,8.238868,7.6113725,2.6967921 
3,1576155037847,8.823253,8.358619,3.68354 
3,1576155037868,9.2256155,8.818462,4.406836 
3,1576155037889,9.307046,9.019644,5.1157618 
3,1576155037909,9.489068,8.952583,5.2738333 
3,1576155037929,9.565708,8.789722,4.631968 
3,1576155037951,8.775352,8.598121,3.515889 
3,1576155037976,7.7407036,8.315508,2.567461 
3,1576155037986,6.9886675,7.8652444,1.9016455 
3,1576155038009,6.346802,7.2760696,1.5711329 
3,1576155038026,5.6282964,6.591094,1.22146 
3,1576155038051,4.9289503,5.949229,0.57001466 
3,1576155038066,4.397256,5.134922,-0.18681154 
3,1576155038089,3.7458107,4.0906935,-0.64186525 
3,1576155038109,2.5530908,2.9506643,-0.47900394 
3,1576155038128,0.5556446,1.8058448,-0.0047900393 
3,1576155038149,-0.7951465,0.68976563,-0.6227051 
3,1576155038171,-1.1208692,-0.613125,-2.3758595 
3,1576155038190,-1.9351759,-2.1267774,-3.6691701 
3,1576155038214,-4.5744877,-3.7266505,-4.0571632 
3,1576155038231,-9.110655,-4.5792775,-3.3626075 
3,1576155038252,-13.033697,-4.2248144,-4.138594 
3,1576155038272,-14.738951,-3.6212697,-6.8832865 
3,1576155038289,-13.239669,-4.119434,-9.144185 
3,1576155038309,-13.052857,-5.3792143,-8.013736 
3,1576155038332,-15.629898,-5.767207,-5.4223247 
3,1576155038352,-17.804577,-5.633086,-5.3792143 
3,1576155038369,-19.58168,-5.2929935,-7.1275783 
3,1576155038392,-21.028273,-5.4462748,-7.793394 
3,1576155038412,-23.179,-5.388794,-6.600674 
3,1576155038432,-24.43878,-4.6990285,-6.0833497 
3,1576155038452,-23.475983,-4.277505,-6.6485744 
3,1576155038474,-22.417383,-3.9134622,-6.2989016 
3,1576155038490,-20.95642,-3.7266505,-5.589976 
3,1576155038508,-19.399658,-4.129014,-4.761299 
3,1576155038529,-19.58168,-4.167334,-3.9134622 
3,1576155038549,-19.251167,-3.999683,-5.015171 
3,1576155038569,-16.587906,-4.2152348,-7.3622904 
3,1576155038592,-13.40732,-4.7133985,-7.7167535 
3,1576155038612,-11.826607,-4.737349,-5.7863674 
3,1576155038632,-9.144185,-4.679868,-5.087022 
3,1576155038655,-5.6666164,-4.2343946,-5.6857767 
3,1576155038674,-3.2524366,-3.1853762,-5.5564456 
3,1576155038692,-1.5232325,-1.954336,-4.478687 
3,1576155038714,0.047900394,-0.5604346,-3.1231055 
3,1576155038734,2.4764502,0.7424561,-1.9878663 
3,1576155038755,4.737349,2.3662794,-0.7376661 
3,1576155038769,5.484595,4.1050634,0.8909473 
3,1576155038795,5.575606,5.575606,2.2129982 
3,1576155038815,6.212681,6.821016,2.4093897 
3,1576155038834,7.3622904,7.7167535,2.3471193 
3,1576155038853,8.693921,8.377779,3.046465 
3,1576155038874,9.915381,8.823253,3.9757326 
3,1576155038895,10.748848,8.986114,4.4738965 
3,1576155038915,10.667418,9.206455,4.0571632 
3,1576155038934,9.6758795,9.3309965,3.271597 
3,1576155038956,8.420889,9.153765,2.7255323 
3,1576155038977,7.573052,8.770562,2.3710694 
3,1576155038992,6.935977,8.119117,2.0405567 
3,1576155039015,6.217471,7.4054008,1.4705421 
3,1576155039031,5.3169436,6.725215,0.7711963 
3,1576155039053,4.4499464,5.858218,-0.0047900393 
3,1576155039072,3.4679885,4.84752,-0.732876 
3,1576155039095,2.5866213,3.7314405,-1.3507911 
3,1576155039115,1.829795,2.3135889,-1.8968556 
3,1576155039134,0.67539555,0.8909473,-2.0932472 
3,1576155039157,-0.7807764,-0.34488282,-2.1171973 
3,1576155039177,-2.2848487,-1.6142433,-2.3806496 
3,1576155039197,-4.670288,-2.8883936,-2.5243506 
3,1576155039217,-7.7359133,-3.535049,-3.151846 
3,1576155039237,-9.69504,-3.4536183,-5.3217335 
3,1576155039258,-9.627979,-3.774551,-7.4580913 
3,1576155039275,-10.4566555,-4.90979,-6.6294146 
3,1576155039295,-14.140196,-5.513335,-4.703819 
3,1576155039314,-17.584234,-4.9433208,-5.1732426 
3,1576155039338,-18.915865,-4.277505,-7.7407036 
3,1576155039358,-20.237915,-4.0763235,-9.0148535 
3,1576155039378,-22.177881,-3.774551,-8.262817 
3,1576155039398,-23.499933,-3.6068995,-7.2808595 
3,1576155039418,-24.783663,-3.3721876,-7.0030375 
3,1576155039437,-25.449478,-2.8357031,-7.7454934 
3,1576155039460,-23.758595,-2.548301,-8.703502 
3,1576155039474,-21.425846,-2.7207422,-7.975415 
3,1576155039493,-19.672691,-2.787803,-6.744375 
3,1576155039513,-17.689615,-3.051255,-6.4426026 
3,1576155039532,-16.429834,-3.2141163,-6.8114357 
3,1576155039555,-15.280225,-3.2811768,-7.6209526 
3,1576155039575,-12.842095,-3.7410207,-8.305928 
3,1576155039597,-10.073453,-4.1098537,-7.688013 
3,1576155039618,-7.8556643,-3.8176613,-6.1312504 
3,1576155039638,-5.508545,-3.2524366,-5.0487013 
3,1576155039659,-3.2236965,-2.2944288,-4.402046 
3,1576155039678,-1.7914747,-1.0394385,-3.4440382 
3,1576155039701,-1.1352394,0.26345217,-2.2896388 
3,1576155039718,-0.019160157,1.5998731,-1.5807129 
3,1576155039739,1.6525636,2.9937747,-0.9532178 
3,1576155039761,3.1901662,4.311035,-0.25387207 
3,1576155039780,3.899092,5.5803957,0.68976563 
3,1576155039800,4.550537,6.5719337,1.1735597 
3,1576155039820,5.719307,7.4006104,1.1639795 
3,1576155039839,7.0126176,8.109536,1.0873389 
3,1576155039858,7.9897857,8.59333,1.4178516 
3,1576155039878,8.54543,8.957374,1.9160157 
3,1576155039898,8.919053,9.220825,1.8633252 
3,1576155039917,9.029224,9.412427,1.4849122 
3,1576155039940,8.837623,9.441168,1.3699512 
3,1576155039962,8.301138,9.239985,1.5471827 
3,1576155039977,7.7550735,8.770562,1.6908839 
3,1576155039997,7.2425394,8.229287,1.7292042 
3,1576155040016,6.452183,7.6449027,1.465752 
3,1576155040037,5.4750147,6.926397,0.92926764 
3,1576155040062,4.598438,6.05461,0.33530274 
3,1576155040080,4.071533,5.120552,-0.014370117 
3,1576155040101,3.65959,3.8751419,-0.15328126 
3,1576155040125,3.0033545,2.2944288,-0.2921924 
3,1576155040140,1.6477735,0.6179151,-0.613125 
3,1576155040162,-0.5221143,-0.7185059,-1.1687696 
3,1576155040188,-2.8788135,-2.083667,-2.0213966 
3,1576155040202,-5.589976,-3.1374757,-2.8309133 
3,1576155040222,-7.558682,-3.3769777,-4.617598 
3,1576155040248,-8.004155,-3.8320315,-7.1227884 
3,1576155040261,-8.885523,-5.278623,-7.4197707 
3,1576155040280,-13.618082,-5.6187162,-5.848638 
3,1576155040300,-17.272882,-4.703819,-6.945557 
3,1576155040319,-16.990269,-4.387676,-9.417217 
3,1576155040343,-18.47997,-4.598438,-8.875943 
3,1576155040363,-21.94317,-4.3158255,-7.079678 
3,1576155040382,-22.838907,-4.1242237,-6.9311867 
3,1576155040403,-24.37651,-3.6212697,-7.199429 
3,1576155040423,-26.417067,-2.811753,-7.8987746 
3,1576155040442,-24.721394,-2.6441016,-8.966953 
3,1576155040463,-21.488115,-2.9698243,-7.8891945 
3,1576155040481,-19.56731,-3.0033545,-6.0689797 
3,1576155040500,-17.718355,-2.9698243,-5.613926 
3,1576155040519,-16.003521,-2.787803,-6.016289 
3,1576155040539,-14.63357,-2.4860303,-6.5336137 
3,1576155040559,-13.043277,-2.327959,-6.8976564 
3,1576155040583,-11.323653,-2.4572902,-6.552774 
3,1576155040602,-9.73815,-2.3135889,-6.1647806 
3,1576155040624,-8.008945,-1.9447559,-5.9204884 
3,1576155040644,-6.6437845,-1.3124708,-5.3217335 
3,1576155040663,-5.3935843,-0.6993457,-4.617598 
3,1576155040684,-3.7410207,-0.12933107,-3.8368216 
3,1576155040703,-2.074087,0.71371585,-2.7590625 
3,1576155040722,-0.63707525,1.7292042,-1.6908839 
3,1576155040745,0.6514453,2.816543,-0.6562354 
3,1576155040763,2.3423293,3.8416114,-0.06706055 
3,1576155040785,3.7697608,4.9529004,0.3305127 
3,1576155040805,4.617598,6.0258694,1.1304493 
3,1576155040825,5.2929935,7.070098,1.8585353 
3,1576155040843,6.2845316,8.066426,2.1219873 
3,1576155040863,7.084468,8.962164,2.3902297 
3,1576155040885,7.553892,9.469908,2.9458742 
3,1576155040906,7.6257424,9.766891,3.3673975 
3,1576155040926,7.6305327,9.81,3.2428565 
3,1576155040945,7.32876,9.73815,2.4956105 
3,1576155040965,6.7539554,9.493857,1.4034815 
3,1576155040982,6.11688,9.168135,0.6993457 
3,1576155041002,5.489385,8.689131,0.1341211 
3,1576155041024,4.996011,8.004155,-0.23950197 
3,1576155041042,4.488267,7.27128,-0.39757326 
3,1576155041063,3.9517825,6.3994923,-0.488584 
3,1576155041087,3.396138,5.4031644,-0.5221143 
3,1576155041106,2.7303224,4.3637257,-0.71371585 
3,1576155041124,1.585503,3.1374757,-0.8861573 
3,1576155041143,-0.23950197,1.7723145,-1.0346485 
3,1576155041167,-2.4668703,0.45984375,-1.3603711 
3,1576155041186,-4.976851,-0.5029541,-2.1507277 
3,1576155041210,-7.2329593,-0.9915381,-3.6260598 
3,1576155041222,-8.133487,-1.346001,-5.125342 
3,1576155041247,-7.549102,-2.2896388,-6.2797413 
3,1576155041267,-7.683223,-3.6548,-5.5229154 
3,1576155041286,-9.216036,-4.88584,-3.4440382 
3,1576155041306,-11.381133,-5.489385,-2.787803 
3,1576155041328,-13.321099,-5.3121533,-4.071533 
3,1576155041348,-14.327007,-5.633086,-5.7959476 
3,1576155041368,-16.765137,-5.9013286,-6.337222 
3,1576155041388,-20.491789,-5.513335,-5.9204884 
3,1576155041406,-23.3227,-4.6750784,-5.910908 
3,1576155041427,-24.170538,-4.038003,-7.5251517 
3,1576155041448,-24.122639,-3.420088,-9.034014 
3,1576155041468,-23.25085,-3.1183155,-8.837623 
3,1576155041487,-20.6307,-3.3769777,-7.568262 
3,1576155041505,-18.115929,-3.6308498,-6.303692 
3,1576155041525,-16.310083,-3.5781593,-5.6857767 
3,1576155041545,-15.136524,-3.3817677,-5.6522465 
3,1576155041565,-14.834752,-3.0799952,-5.829478 
3,1576155041585,-14.422809,-2.9506643,-6.0306597 
3,1576155041609,-13.43127,-2.8404932,-6.006709 
3,1576155041629,-11.888878,-2.6393116,-5.575606 
3,1576155041650,-10.317744,-2.304009,-4.8666797 
3,1576155041670,-9.029224,-1.8202149,-4.1050634 
3,1576155041690,-8.023315,-1.1448194,-3.5829494 
3,1576155041710,-6.8497562,-0.49337405,-3.3817677 
3,1576155041730,-5.4127445,0.023950197,-3.3099172 
3,1576155041752,-4.061953,0.5029541,-3.1614258 
3,1576155041771,-3.046465,1.21188,-2.6584718 
3,1576155041791,-2.7063723,2.078877,-1.7914747 
3,1576155041810,-1.9351759,2.9698243,-1.5040723 
3,1576155041828,-0.10538086,3.8320315,-1.590293 
3,1576155041849,1.6860938,5.015171,-1.1687696 
3,1576155041869,2.7734327,6.183941,-0.2203418 
3,1576155041891,3.8655617,7.2185893,0.57959473 
3,1576155041912,5.604346,8.138277,0.97237796 
3,1576155041932,7.7646537,8.851993,1.5184424 
3,1576155041950,9.350157,9.297466,2.8404932 
3,1576155041970,9.905801,9.72378,4.061953 
3,1576155041997,9.436378,9.910591,4.1146436 
3,1576155042009,8.320298,9.881851,2.931504 
3,1576155042028,7.4580913,9.7142,1.2885206 
3,1576155042047,7.055728,9.216036,0.4263135 
3,1576155042068,6.6581545,8.583751,0.2203418 
3,1576155042088,6.10251,7.941885,0.3879932 
3,1576155042112,5.125342,7.2521195,0.5029541 
3,1576155042130,3.999683,6.600674,0.4023633 
3,1576155042150,3.1470559,5.8677983,0.100590825 
3,1576155042172,2.562671,4.8906302,0.028740235 
3,1576155042192,1.9351759,3.7170706,0.119750984 
3,1576155042212,0.6610254,2.44292,0.22992188 
3,1576155042231,-0.9388477,1.3268409,0.009580079 
3,1576155042250,-2.6393116,0.2203418,-0.7568262 
3,1576155042272,-4.248765,-0.6179151,-1.7579445 
3,1576155042290,-5.6187162,-1.465752,-3.0129347 
3,1576155042312,-7.223379,-2.2273684,-3.7458107 
3,1576155042333,-8.823253,-2.682422,-4.2200246 
3,1576155042353,-9.75252,-2.912344,-5.230723 
3,1576155042375,-10.744058,-3.1135256,-5.738467 
3,1576155042394,-12.20502,-3.2668068,-5.910908 
3,1576155042414,-13.124707,-3.5829494,-6.452183 
3,1576155042433,-14.944922,-3.3578174,-7.563472 
3,1576155042451,-16.611856,-3.2093263,-8.147857 
3,1576155042472,-17.742306,-3.3242872,-7.9466753 
3,1576155042489,-20.046314,-3.0991554,-8.943004 
3,1576155042510,-22.517975,-2.5243506,-11.261382 
3,1576155042529,-23.926247,-2.0549269,-12.971426 
3,1576155042550,-24.098688,-1.6813037,-12.684024 
3,1576155042570,-22.11082,-1.6094532,-11.108101 
3,1576155042592,-19.140997,-1.9255958,-9.398057 
3,1576155042614,-16.918419,-2.0501368,-8.646021 
3,1576155042635,-15.596368,-1.8872755,-8.751402 
3,1576155042655,-13.924644,-1.8968556,-9.105865 
3,1576155042675,-11.951148,-2.0357666,-8.646021 
3,1576155042696,-9.987232,-2.0980372,-7.937095 
3,1576155042716,-8.382568,-2.069297,-7.1275783 
3,1576155042734,-7.4580913,-1.8058448,-6.0593996 
3,1576155042756,-6.2845316,-1.5136524,-5.384004 
3,1576155042776,-5.1397123,-1.0633887,-4.9145803 
3,1576155042796,-4.478687,-0.3879932,-3.788921 
3,1576155042816,-3.2859669,0.30177248,-2.5578809 
3,1576155042836,-1.9064356,1.3843213,-2.1124072 
3,1576155042853,-0.9436377,2.6153615,-1.6669337 
3,1576155042875,-0.047900394,3.7506008,-0.7232959 
3,1576155042897,1.4753321,4.8571,0.13891114 
3,1576155042917,3.1183155,6.0210795,0.90052736 
3,1576155042937,4.87147,7.089258,1.3891114 
3,1576155042955,6.2749515,8.008945,1.9639161 
3,1576155042975,6.725215,8.976534,2.806963 
3,1576155042994,6.782696,9.718989,3.171006 
3,1576155043012,6.7779055,10.015972,2.7159522 
3,1576155043034,7.1132083,9.953702,1.9447559 
3,1576155043053,7.7359133,9.632769,1.331631 
3,1576155043074,7.8029737,9.211246,1.1783496 
3,1576155043095,7.4580913,8.674761,1.1304493 
3,1576155043117,6.840176,7.999366,1.2166699 
3,1576155043136,5.944439,7.2904396,1.4849122 
3,1576155043158,4.996011,6.543194,1.6381935 
3,1576155043179,4.047583,5.757627,1.585503 
3,1576155043198,3.1566358,4.9337406,1.331631 
3,1576155043218,2.4045997,3.999683,1.0346485 
3,1576155043239,1.6525636,2.7973828,0.7376661 
3,1576155043258,0.732876,1.4465919,-0.028740235 
3,1576155043277,-0.6849756,0.244292,-0.9148975 
3,1576155043296,-2.083667,-0.9963282,-1.7483643 
3,1576155043316,-4.2008643,-2.299219,-2.2704787 
3,1576155043339,-6.476133,-3.3673975,-2.7159522 
3,1576155043359,-8.693921,-3.9948928,-3.5829494 
3,1576155043380,-10.274634,-4.1146436,-5.829478 
3,1576155043400,-10.748848,-4.761299,-7.8269243 
3,1576155043419,-12.870835,-5.3408937,-7.6401124 
3,1576155043439,-16.472944,-5.216353,-7.2616997 
3,1576155043459,-18.987715,-4.636758,-8.780142 
3,1576155043479,-21.89048,-3.8751419,-10.111773 
3,1576155043497,-25.55007,-3.1422658,-10.001602 
3,1576155043516,-27.331964,-2.6201515,-9.968072 
3,1576155043534,-27.015821,-2.304009,-9.814791 
3,1576155043556,-25.095016,-2.179468,-8.899893 
3,1576155043576,-21.488115,-2.3854396,-7.668853 
3,1576155043597,-18.159039,-2.6297317,-6.2701616 
3,1576155043621,-16.065792,-2.6153615,-5.216353 
3,1576155043639,-15.002403,-2.3854396,-5.3121533 
3,1576155043659,-13.986915,-2.1603076,-6.0450296 
3,1576155043681,-12.607384,-2.069297,-6.452183 
3,1576155043700,-11.00272,-1.9639161,-6.351592 
3,1576155043727,-9.575289,-1.8250049,-5.839058 
3,1576155043738,-8.008945,-1.4322218,-5.455855 
3,1576155043762,-6.672525,-0.98195803,-4.9576907 
3,1576155043785,-6.0498195,-0.46942386,-4.2343946 
3,1576155043802,-4.9241605,0.100590825,-4.061953 
3,1576155043822,-3.4775686,0.74724615,-3.6500099 
3,1576155043846,-2.5962012,1.5280225,-2.1698878 
3,1576155043860,-1.5280225,2.4668703,-1.4226416 
3,1576155043879,0.047900394,3.66438,-1.8537452 
3,1576155043907,1.7148341,4.9289503,-1.8154249 
3,1576155043919,2.955454,6.0306597,-0.852627 
3,1576155043942,4.033213,7.1611085,0.20597169 
3,1576155043962,5.3408937,8.147857,0.8813672 
3,1576155043981,6.8928666,8.861572,1.2693604 
3,1576155044005,8.190968,9.469908,1.6094532 
3,1576155044017,8.56938,9.814791,1.9734962 
3,1576155044040,8.3250885,9.848321,2.1746778 
3,1576155044058,8.181387,9.666299,1.829795 
3,1576155044078,7.812554,9.172925,1.3268409 
3,1576155044105,7.046148,8.669971,0.9053174 
3,1576155044120,6.2893214,8.128696,0.6227051 
3,1576155044137,5.5468655,7.462881,0.5029541 
3,1576155044158,4.87626,6.6916847,0.39757326 
3,1576155044179,4.133804,5.757627,0.35925296 
3,1576155044198,3.1278956,4.761299,0.6466553 
3,1576155044218,2.1219873,3.7601807,0.7568262 
3,1576155044242,1.1352394,2.6345215,0.244292 
3,1576155044265,-0.009580079,1.3651612,-0.5029541 
3,1576155044283,-1.1543995,0.14849122,-1.4130616 
3,1576155044302,-2.0405567,-1.1591895,-2.5243506 
3,1576155044321,-3.1470559,-2.792593,-3.5206788 
3,1576155044344,-4.90979,-4.4116263,-4.263135 
3,1576155044364,-7.9706254,-5.5516553,-4.267925 
3,1576155044385,-11.735597,-6.1887307,-3.8320315 
3,1576155044405,-15.098204,-5.8438478,-4.7708793 
3,1576155044425,-16.540005,-5.4510646,-7.424561 
3,1576155044445,-17.656084,-4.88584,-8.928633 
3,1576155044464,-19.030827,-4.402046,-8.990904 
3,1576155044480,-21.646187,-4.143384,-8.200547 
3,1576155044505,-24.37172,-3.6931202,-8.310719 
3,1576155044521,-26.081764,-3.1087356,-9.814791 
3,1576155044546,-26.479338,-2.5914114,-11.093731 
3,1576155044559,-24.754923,-2.5770411,-10.461446 
3,1576155044581,-21.665348,-2.7351124,-8.3250885 
3,1576155044601,-18.44165,-2.9219239,-6.696475 
3,1576155044622,-16.310083,-2.8596535,-6.07856 
3,1576155044645,-15.256275,-2.5770411,-6.11688 
3,1576155044663,-13.814473,-2.5291407,-6.8497562 
3,1576155044686,-11.984678,-2.7303224,-7.0126176 
3,1576155044706,-10.341695,-2.6009912,-6.3707523 
3,1576155044726,-9.029224,-2.3902297,-5.6187162 
3,1576155044744,-7.999366,-2.078877,-4.7948294 
3,1576155044763,-6.5336137,-1.6286134,-4.373306 
3,1576155044787,-5.024751,-1.0106983,-4.239185 
3,1576155044805,-3.784131,-0.26345217,-3.8176613 
3,1576155044826,-3.0225148,0.6322852,-2.668052 
3,1576155044845,-1.9926564,1.6908839,-1.4944923 
3,1576155044865,-0.52690434,2.8213332,-0.7232959 
3,1576155044887,1.1543995,4.157754,-0.3544629 
3,1576155044908,2.6057813,5.4462748,0.21555176 
3,1576155044927,4.1242237,6.595884,0.79993653 
3,1576155044948,5.9540186,7.573052,1.3699512 
3,1576155044965,7.4820414,8.4448395,2.0309765 
3,1576155044985,8.176597,9.283096,2.4620802 
3,1576155045004,8.133487,9.733359,2.6776319 
3,1576155045023,7.7071733,9.733359,2.672842 
3,1576155045044,7.5395217,9.613608,2.1124072 
3,1576155045063,7.36708,9.316627,1.3220508 
3,1576155045084,7.0174074,8.914263,0.91010743 
3,1576155045104,6.461763,8.406519,0.6945557 
3,1576155045127,5.7480474,7.8412943,0.5843848 
3,1576155045146,4.976851,7.1611085,0.6945557 
3,1576155045168,4.3541455,6.2797413,0.847837 
3,1576155045189,3.784131,5.206773,0.93405765 
3,1576155045208,2.8740237,4.033213,0.7711963 
3,1576155045228,1.6429834,2.7351124,0.2921924 
3,1576155045249,0.45984375,1.2645704,0.081430666 
3,1576155045268,-0.28261232,-0.1820215,-0.081430666 
3,1576155045288,-0.7807764,-1.5807129,-0.5221143 
3,1576155045309,-1.839375,-3.0177248,-1.1639795 
3,1576155045326,-4.0044727,-4.2343946,-2.1650977 
3,1576155045349,-6.9551373,-5.374424,-3.5637891 
3,1576155045370,-12.166699,-5.647456,-4.9720607 
3,1576155045391,-16.789087,-4.646338,-8.167017 
3,1576155045410,-18.005758,-3.2859669,-11.208692 
3,1576155045430,-18.37459,-3.420088,-10.734478 
3,1576155045449,-20.472628,-3.4631984,-8.372989 
3,1576155045467,-22.618565,-3.0225148,-7.932305 
3,1576155045488,-25.080647,-2.2752686,-9.206455 
3,1576155045510,-26.426647,-1.6717237,-11.074571 
3,1576155045527,-24.769293,-1.9591261,-11.433824 
3,1576155045549,-22.834118,-2.1603076,-9.0148535 
3,1576155045567,-20.812721,-2.1411476,-7.079678 
3,1576155045587,-17.996178,-2.074087,-6.7731156 
3,1576155045609,-15.754439,-1.8154249,-6.806646 
3,1576155045630,-14.73416,-1.5519727,-6.4042826 
3,1576155045649,-13.3689995,-1.4849122,-6.437813 
3,1576155045667,-11.606265,-1.5471827,-6.543194 
3,1576155045690,-10.341695,-1.3891114,-5.9396486 
3,1576155045712,-8.880733,-1.1496094,-5.4606447 
3,1576155045727,-7.2904396,-0.89573735,-4.9720607 
3,1576155045752,-6.303692,-0.51732427,-4.0667434 
3,1576155045772,-5.225933,-0.10538086,-3.6739602 
3,1576155045793,-3.9948928,0.45505372,-3.7362306 
3,1576155045812,-2.6249416,1.1879297,-3.63564 
3,1576155045832,-1.331631,2.078877,-2.668052 
3,1576155045850,-0.32572266,2.8979738,-1.1256592 
3,1576155045871,0.6706055,3.8895118,0.19160157 
3,1576155045896,2.3135889,5.1157618,0.4263135 
3,1576155045913,3.9182522,6.346802,0.68018556 
3,1576155045933,5.0918117,7.3575,1.5950831 
3,1576155045953,5.824688,8.2197075,2.3423293 
3,1576155045972,6.4330225,8.875943,2.6393116 
3,1576155045992,7.046148,9.388477,2.8309133 
3,1576155046016,7.8891945,9.580078,2.792593 
3,1576155046029,8.5502205,9.546548,3.0752053 
3,1576155046048,8.51669,9.220825,3.8272414 
3,1576155046067,7.606582,8.866363,4.009263 
3,1576155046088,6.581514,8.59333,3.271597 
3,1576155046107,5.8917484,8.205338,2.5962012 
3,1576155046128,5.249883,7.5251517,2.2225783 
3,1576155046147,4.493057,6.7731156,1.8824854 
3,1576155046170,3.8080812,5.9396486,1.1591895 
3,1576155046193,3.1374757,5.010381,0.5125342 
3,1576155046210,2.2513185,3.9661524,0.06706055 
3,1576155046229,0.96758795,2.7542725,-0.4167334 
3,1576155046248,-0.3784131,1.6190332,-1.0825489 
3,1576155046270,-1.5567628,0.42152345,-1.8729054 
3,1576155046290,-3.1470559,-0.6179151,-2.4716604 
3,1576155046313,-4.608018,-1.5423926,-3.2380664 
3,1576155046330,-5.7767873,-2.42855,-4.373306 
3,1576155046351,-7.209009,-3.3386574,-5.398374 
3,1576155046375,-9.77168,-4.1242237,-6.0210795 
3,1576155046396,-13.062437,-4.3541455,-7.0078273 
3,1576155046415,-15.069464,-3.8176613,-8.904683 
3,1576155046435,-14.992823,-3.9853127,-10.284214 
3,1576155046455,-16.348404,-4.478687,-9.010064 
3,1576155046471,-19.66311,-4.598438,-7.2569094 
3,1576155046493,-23.653214,-3.8895118,-7.4916215 
3,1576155046512,-25.73209,-3.2332766,-9.508228 
3,1576155046532,-26.225466,-2.8596535,-10.221944 
3,1576155046551,-24.788454,-2.8883936,-8.693921 
3,1576155046572,-21.89048,-3.0416749,-6.7635355 
3,1576155046592,-19.370918,-3.0225148,-5.604346 
3,1576155046617,-17.703985,-3.0177248,-5.1636624 
3,1576155046635,-16.712446,-3.027305,-5.5468655 
3,1576155046656,-16.080162,-3.1278956,-5.858218 
3,1576155046676,-14.988033,-3.4248781,-5.982759 
3,1576155046696,-12.775035,-3.6931202,-6.471343 
3,1576155046715,-10.609937,-3.6739602,-6.456973 
3,1576155046736,-8.990904,-3.4727786,-5.3408937 
3,1576155046756,-7.065308,-3.0608351,-4.263135 
3,1576155046778,-5.120552,-2.3902297,-3.6068995 
3,1576155046798,-3.2284865,-1.3891114,-3.4057178 
3,1576155046818,-1.2741505,-0.18681154,-3.2859669 
3,1576155046837,0.06706055,1.1687696,-2.3854396 
3,1576155046855,1.0633887,2.4668703,-0.9436377 
3,1576155046876,2.3135889,3.6260598,0.14370118 
3,1576155046899,3.7074904,4.7325587,0.53169435 
3,1576155046918,5.005591,5.872588,0.6466553 
3,1576155046938,5.8103175,6.998247,0.5891748 
3,1576155046958,6.217471,7.999366,0.7185059 
3,1576155046977,7.237749,8.713081,1.1496094 
3,1576155046995,8.708291,9.134604,1.5807129 
3,1576155047014,9.297466,9.589659,2.059717 
3,1576155047034,9.220825,9.718989,2.4956105 
3,1576155047056,8.962164,9.623189,2.4525 
3,1576155047074,8.377779,9.484278,1.7914747 
3,1576155047095,7.3622904,9.153765,1.096919 
3,1576155047116,6.2510014,8.679551,0.847837 
3,1576155047136,5.278623,8.056846,0.7376661 
3,1576155047158,4.4212065,7.29523,0.36883304 
3,1576155047177,3.6548,6.5096636,-0.17723145 
3,1576155047200,2.9171338,5.589976,-0.60833496 
3,1576155047217,2.2513185,4.502637,-0.9196875 
3,1576155047239,1.4274317,3.2332766,-0.96758795 
3,1576155047260,0.17244141,1.8681153,-0.9148975 
3,1576155047278,-1.096919,0.5939649,-1.2454102 
3,1576155047300,-2.2129982,-0.50774413,-2.2177882 
3,1576155047318,-3.1183155,-1.5040723,-3.66438 
3,1576155047339,-4.5792775,-2.4668703,-4.9145803 
3,1576155047361,-6.8737063,-3.2668068,-5.4750147 
3,1576155047385,-9.72857,-3.9182522,-5.8917484 
3,1576155047401,-12.540323,-4.382886,-6.696475 
3,1576155047421,-15.409556,-4.2200246,-7.817344 
3,1576155047446,-17.349522,-3.8847218,-8.6077 
3,1576155047460,-18.805695,-3.8080812,-8.392149 
3,1576155047479,-20.314556,-3.7601807,-7.7598634 
3,1576155047506,-22.752687,-3.3530276,-7.5395217 
3,1576155047516,-25.075855,-2.4812403,-8.258028 
3,1576155047537,-25.142916,-2.2561085,-8.971744 
3,1576155047556,-24.41483,-2.3950195,-7.443721 
3,1576155047577,-22.101242,-2.6249416,-6.2605815 
3,1576155047597,-19.49067,-2.4572902,-6.0498195 
3,1576155047621,-17.541124,-2.1746778,-6.1791506 
3,1576155047639,-15.946041,-1.9255958,-6.6916847 
3,1576155047661,-14.825171,-1.7339942,-6.9934573 
3,1576155047682,-13.206139,-1.6717237,-6.945557 
3,1576155047702,-11.381133,-1.5184424,-6.8737063 
3,1576155047722,-10.035132,-1.1208692,-6.236631 
3,1576155047742,-9.053174,-0.6562354,-5.6809864 
3,1576155047762,-7.6257424,-0.2682422,-5.3313136 
3,1576155047780,-5.934859,0.22992188,-4.7229786 
3,1576155047803,-4.8379397,0.9532178,-4.1242237 
3,1576155047823,-4.493057,1.6334034,-3.9134622 
3,1576155047842,-3.9901028,2.1650977,-3.5973196 
3,1576155047861,-2.811753,2.5818312,-2.7446926 
3,1576155047881,-0.5412744,2.8788135,-1.6908839 
3,1576155047903,2.0980372,3.5542092,-0.43110353 
3,1576155047920,4.119434,4.5936475,0.92926764 
3,1576155047943,5.3935843,5.7001467,2.2704787 
3,1576155047962,6.3899126,6.9168167,3.3338673 
3,1576155047982,7.788604,7.9945755,3.6404297 
3,1576155048000,9.158555,8.784932,3.515889 
3,1576155048020,9.623189,9.220825,3.2572267 
3,1576155048044,9.268726,9.455538,2.6009912 
3,1576155048059,8.636441,9.479487,1.5471827 
3,1576155048079,7.697593,9.359736,0.8861573 
3,1576155048100,6.6342044,9.158555,0.5891748 
3,1576155048123,5.877378,8.770562,0.46463382 
3,1576155048141,5.216353,8.147857,0.5221143 
3,1576155048164,4.5744877,7.3718705,0.36883304 
3,1576155048184,4.038003,6.605464,0.086220704 
3,1576155048203,3.5829494,5.7145166,-0.22513184 
3,1576155048223,3.056045,4.631968,-0.36883304 
3,1576155048244,2.2561085,3.4584084,-0.22992188 
3,1576155048262,1.1448194,2.198628,-0.20118165 
3,1576155048284,-0.21076173,0.9196875,-0.78556645 
3,1576155048305,-1.21188,-0.34967285,-1.710044 
3,1576155048323,-2.663262,-1.4753321,-2.2752686 
3,1576155048346,-4.497847,-2.7446926,-2.7111623 
3,1576155048366,-6.6916847,-3.5877395,-3.5015187 
3,1576155048385,-8.253238,-4.253555,-4.526587 
3,1576155048403,-9.72378,-5.2977834,-5.326524 
3,1576155048426,-13.225299,-6.016289,-5.527705 
3,1576155048446,-17.378262,-5.326524,-6.9311867 
3,1576155048464,-18.920654,-4.152964,-9.69504 
3,1576155048485,-19.040405,-4.061953,-9.216036 
3,1576155048502,-19.964884,-4.799619,-5.7863674 
3,1576155048527,-22.244942,-4.9337406,-4.3062453 
3,1576155048542,-25.48301,-4.2056546,-5.8055277 
3,1576155048564,-27.925928,-3.2572267,-7.549102 
3,1576155048582,-26.79069,-3.1231055,-7.807764 
3,1576155048602,-23.413712,-3.4823585,-6.1504107 
3,1576155048625,-20.036734,-3.7122805,-4.87147 
3,1576155048647,-18.096767,-3.5254688,-4.84752 
3,1576155048666,-17.517174,-2.9650342,-5.7767873 
3,1576155048687,-15.912511,-2.7638526,-6.806646 
3,1576155048709,-13.531861,-2.806963,-6.744375 
3,1576155048728,-11.141631,-2.8357031,-6.246211 
3,1576155048747,-8.5502205,-2.912344,-6.1216702 
3,1576155048766,-7.0221977,-2.2561085,-5.3313136 
3,1576155048786,-6.4186525,-1.6381935,-4.287085 
3,1576155048804,-5.374424,-1.1448194,-4.061953 
3,1576155048827,-3.8511915,-0.4406836,-3.9613624 
3,1576155048847,-2.7686427,0.53169435,-3.4679885 
3,1576155048866,-1.5040723,1.6142433,-3.056045 
3,1576155048887,-0.07185059,2.5818312,-1.9160157 
3,1576155048909,1.8058448,3.6116896,-0.68976563 
3,1576155048929,4.071533,4.703819,0.20597169 
3,1576155048949,6.231841,5.877378,1.0442286 
3,1576155048969,8.253238,6.964717,2.3375392 
3,1576155048987,9.594449,7.812554,3.894302 
3,1576155049006,10.442286,8.47837,4.4116263 
3,1576155049025,10.528506,8.976534,4.047583 
3,1576155049046,10.035132,9.091495,3.4057178 
3,1576155049065,9.546548,8.981323,2.6201515 
3,1576155049084,9.105865,8.650811,2.0932472 
3,1576155049105,8.464,8.200547,1.9064356 
3,1576155049127,7.711963,7.7550735,1.5950831 
3,1576155049147,7.0221977,7.089258,1.2597803 
3,1576155049167,6.236631,6.2797413,1.092129 
3,1576155049187,5.345684,5.384004,1.0106983 
3,1576155049206,4.3541455,4.4355764,0.8765772 
3,1576155049227,3.420088,3.2524366,0.63707525 
3,1576155049249,2.2656887,1.7148341,0.244292 
3,1576155049269,0.6227051,0.05748047,-0.21076173 
3,1576155049288,-2.5387208,-1.1687696,-0.60354495 
3,1576155049310,-5.949229,-1.7148341,-1.8106349 
3,1576155049329,-7.5970025,-1.949546,-3.8799317 
3,1576155049351,-8.435259,-2.3135889,-5.369634 
3,1576155049370,-8.789722,-2.955454,-5.503755 
3,1576155049392,-8.823253,-3.8703518,-4.4499464 
3,1576155049412,-9.75252,-4.9289503,-3.788921 
3,1576155049432,-12.516373,-5.3313136,-3.8511915 
3,1576155049452,-15.90293,-5.0439115,-4.775669 
3,1576155049472,-17.608185,-4.5553274,-6.6342044 
3,1576155049490,-18.623672,-4.239185,-7.2569094 
3,1576155049516,-20.276236,-4.2152348,-6.456973 
3,1576155049527,-22.953869,-3.9948928,-6.835386 
3,1576155049554,-26.024282,-3.3817677,-8.502319 
3,1576155049567,-27.308014,-2.8261232,-9.901011 
3,1576155049587,-25.51175,-3.0129347,-9.426797 
3,1576155049607,-21.93838,-3.2476466,-7.822134 
3,1576155049631,-18.738634,-3.2428565,-6.207891 
3,1576155049651,-16.750767,-3.0129347,-5.743257 
3,1576155049673,-15.1413145,-2.792593,-6.4186525 
3,1576155049692,-13.795313,-2.5147705,-6.878496 
3,1576155049713,-12.051739,-2.3902297,-6.4905033 
3,1576155049737,-10.059082,-2.4333398,-5.1684523 
3,1576155049752,-9.302257,-1.949546,-3.7218604 
3,1576155049771,-9.1202345,-1.3986914,-3.535049 
3,1576155049793,-7.7407036,-1.0825489,-4.239185 
3,1576155049813,-5.3935843,-0.7759864,-4.181704 
3,1576155049831,-3.6308498,-0.5556446,-2.6967921 
3,1576155049850,-2.6297317,0.06706055,-1.3699512 
3,1576155049872,-2.2129982,1.1064991,-1.2502003 
3,1576155049890,-1.6094532,2.4333398,-1.6908839 
3,1576155049914,-0.41194338,3.8607717,-1.9926564 
3,1576155049934,1.7004639,5.0343313,-1.465752 
3,1576155049951,3.1614258,6.09772,0.023950197 
3,1576155049974,3.6404297,7.175479,1.4082716 
3,1576155049992,4.478687,8.157437,1.7627344 
3,1576155050016,5.5947657,9.134604,1.5040723 
3,1576155050031,6.8018556,9.829161,1.336421 
3,1576155050053,7.783814,9.915381,1.6525636 
3,1576155050069,8.737032,9.69504,1.9160157 
3,1576155050090,9.565708,9.292676,2.083667 
3,1576155050111,9.829161,8.626861,2.304009 
3,1576155050133,8.899893,7.9802055,2.1603076 
3,1576155050152,7.553892,7.3479204,1.5950831 
3,1576155050174,6.3132715,6.638994,1.0585986 
3,1576155050195,5.221143,5.7480474,0.82388675 
3,1576155050222,4.129014,4.7469287,0.5460645 
3,1576155050229,2.907554,3.5925295,0.39757326 
3,1576155050249,1.5136524,2.2848487,0.81909674 
3,1576155050271,-0.4406836,0.9915381,1.4274317 
3,1576155050292,-2.1555176,0.06706055,0.6993457 
3,1576155050312,-3.5829494,-0.8909473,-0.9963282 
3,1576155050333,-4.7086086,-2.064507,-2.299219 
3,1576155050356,-6.10251,-3.2572267,-3.0225148 
3,1576155050375,-8.339458,-4.191284,-3.2811768 
3,1576155050397,-10.753638,-4.5840673,-3.8559816 
3,1576155050417,-12.913946,-4.981641,-5.158872 
3,1576155050437,-16.156803,-4.8523097,-6.0210795 
3,1576155050457,-19.864292,-3.8464015,-7.0030375 
3,1576155050477,-21.799469,-2.7399025,-8.349038 
3,1576155050495,-22.886808,-2.2225783,-8.59333 
3,1576155050513,-24.639961,-1.7004639,-7.9897857 
3,1576155050535,-25.722511,-1.1591895,-8.238868 
3,1576155050553,-25.478218,-0.7041358,-8.713081 
3,1576155050573,-23.581364,-0.5843848,-8.176597 
3,1576155050593,-20.539688,-0.728086,-6.950347 
3,1576155050614,-17.723145,-0.78556645,-6.1312504 
3,1576155050634,-15.720909,-0.6227051,-6.1456203 
3,1576155050657,-14.264737,-0.3784131,-6.361172 
3,1576155050677,-12.626543,-0.23471193,-6.5336137 
3,1576155050700,-11.02188,-0.36883304,-5.9013286 
3,1576155050719,-9.350157,-0.32572266,-4.9720607 
3,1576155050739,-8.272398,0.043110352,-4.392466 
3,1576155050757,-7.6017923,0.28740236,-4.1050634 
3,1576155050779,-6.744375,0.39278322,-3.7649708 
3,1576155050799,-6.11209,0.35925296,-3.3147073 
3,1576155050819,-6.1456203,0.30177248,-2.323169 
3,1576155050838,-4.4403663,0.5604346,-2.189048 
3,1576155050858,-2.43813,1.3028907,-2.1698878 
3,1576155050877,-1.6860938,2.1267774,-0.5987549 
3,1576155050899,-0.60833496,3.0225148,0.7424561 
3,1576155050919,0.82388675,4.311035,1.0011182 
3,1576155050939,1.954336,5.7815776,1.0633887 
3,1576155050960,2.9458742,7.2760696,1.2597803 
3,1576155050980,4.3062453,8.631651,1.1112891 
3,1576155050999,5.4750147,9.7621,1.0250684 
3,1576155051024,6.6437845,10.585987,0.57001466 
3,1576155051040,7.692803,11.1176815,-0.09580079 
3,1576155051062,8.277188,11.280542,-0.79993653 
3,1576155051075,8.612491,11.098521,-1.3076807 
3,1576155051101,8.387359,10.585987,-1.336421 
3,1576155051117,7.903565,9.872271,-1.1831397 
3,1576155051138,7.32397,9.0148535,-0.92926764 
3,1576155051166,6.7300053,8.004155,-0.46463382 
3,1576155051180,6.1408305,6.9168167,0.21555176 
3,1576155051197,5.4319043,5.6618266,0.9196875 
3,1576155051224,4.536167,4.4547367,1.5423926 
3,1576155051237,3.6931202,3.2284865,1.7483643 
3,1576155051255,2.7351124,1.7675245,1.2406201 
3,1576155051279,1.7244141,0.06227051,0.5843848 
3,1576155051300,1.1064991,-1.8345851,0.17244141 
3,1576155051320,0.60833496,-4.0859036,-0.12454102 
3,1576155051339,-0.4981641,-6.2749515,-1.0059083 
3,1576155051360,-2.7973828,-8.133487,-2.1267774 
3,1576155051382,-6.720425,-9.230406,-3.3530276 
3,1576155051402,-11.644586,-9.513018,-6.05461 
3,1576155051422,-17.349522,-8.775352,-9.139395 
3,1576155051439,-22.594616,-6.9072366,-10.370435 
3,1576155051458,-25.77041,-5.024751,-9.474698 
3,1576155051482,-28.237282,-3.9661524,-8.372989 
3,1576155051502,-30.804743,-3.1614258,-8.53106 
3,1576155051519,-32.145954,-2.3327491,-9.589659 
3,1576155051540,-30.847853,-2.0549269,-9.929751 
3,1576155051558,-26.73321,-2.5387208,-8.57896 
3,1576155051582,-21.526436,-3.180586,-6.5048733 
3,1576155051599,-17.574654,-3.2524366,-5.000801 
3,1576155051619,-15.146104,-2.9841945,-4.9576907 
3,1576155051640,-13.924644,-2.6201515,-5.767207 
3,1576155051662,-12.866045,-2.2608986,-6.5000834 
3,1576155051680,-11.266172,-2.1076174,-6.5479836 
3,1576155051701,-9.733359,-2.083667,-5.5420756 
3,1576155051723,-8.085587,-1.8633252,-5.1636624 
3,1576155051744,-7.2904396,-1.3891114,-5.0774417 
3,1576155051765,-6.9168167,-0.97237796,-4.737349 
3,1576155051784,-5.508545,-0.74724615,-4.3493557 
3,1576155051805,-3.8559816,-0.5125342,-3.4679885 
3,1576155051824,-2.3950195,0.06227051,-2.9410841 
3,1576155051842,-1.1879297,0.9627979,-2.4572902 
3,1576155051862,-0.34009278,2.064507,-1.5807129 
3,1576155051882,0.74724615,3.4440382,-0.6658155 
3,1576155051903,2.4956105,4.8427296,-0.009580079 
3,1576155051922,4.378096,6.0593996,0.8334668 
3,1576155051943,6.3851223,7.2329593,1.8585353 
3,1576155051965,8.655601,8.214917,2.3375392 
3,1576155051985,10.490186,9.005274,2.4716604 
3,1576155052004,11.079361,9.441168,2.7734327 
3,1576155052029,10.796748,9.608819,2.816543 
3,1576155052040,10.365645,9.594449,2.2225783 
3,1576155052065,9.8866415,9.216036,1.6621436 
3,1576155052081,9.043594,8.58854,1.5807129 
3,1576155052101,8.143066,7.8604546,1.4418018 
3,1576155052121,7.2521195,6.9886675,1.3220508 
3,1576155052142,6.4042826,5.9635987,1.4513819 
3,1576155052162,5.5708156,4.9145803,1.5280225 
3,1576155052184,4.598438,3.7697608,1.1831397 
3,1576155052206,3.4440382,2.6153615,0.57959473 
3,1576155052226,2.327959,1.2741505,-0.06227051 
3,1576155052246,0.91010743,-0.18681154,-0.68976563 
3,1576155052265,-0.8813672,-1.5040723,-1.3124708 
3,1576155052285,-2.4764502,-2.816543,-2.1267774 
3,1576155052306,-3.9613624,-4.1002736,-2.8931837 
3,1576155052326,-5.968389,-5.206773,-3.8751419 
3,1576155052345,-8.57417,-5.6522465,-5.5708156 
3,1576155052367,-10.763218,-5.9252787,-7.29523 
3,1576155052388,-12.650494,-6.006709,-8.47837 
3,1576155052408,-14.384488,-6.183941,-9.259146 
3,1576155052428,-16.166382,-6.744375,-7.7454934 
3,1576155052448,-19.37571,-6.969507,-5.6522465 
3,1576155052468,-23.988516,-6.2653713,-6.662945 
3,1576155052489,-27.825338,-5.407954,-10.001602 
3,1576155052507,-31.216686,-4.4499464,-11.084151 
3,1576155052526,-30.42154,-4.119434,-10.221944 
3,1576155052542,-26.005123,-4.5457473,-8.0999565 
3,1576155052563,-21.536016,-4.751719,-6.0593996 
3,1576155052583,-17.794996,-4.7325587,-5.149292 
3,1576155052604,-16.300503,-4.5553274,-4.718189 
3,1576155052624,-16.099321,-4.2248144,-5.240303 
3,1576155052648,-15.055094,-3.9422023,-6.6102543 
3,1576155052667,-13.50312,-3.8416114,-6.945557 
3,1576155052685,-11.409874,-3.7649708,-6.1743608 
3,1576155052708,-9.321417,-3.535049,-5.4127445 
3,1576155052728,-8.085587,-3.2476466,-4.9576907 
3,1576155052748,-7.1371584,-2.8309133,-4.703819 
3,1576155052767,-5.5947657,-2.3758595,-4.82357 
3,1576155052786,-3.4679885,-1.6142433,-5.3121533 
3,1576155052809,-2.0405567,-0.6658155,-4.3397756 
3,1576155052829,-1.1783496,0.25866213,-2.0118165 
3,1576155052849,1.1064991,1.3795313,-1.1927198 
3,1576155052868,3.439248,3.027305,-0.9148975 
3,1576155052890,5.2355127,4.5553274,0.244292 
3,1576155052909,6.9934573,5.910908,1.3268409 
3,1576155052932,8.751402,7.0413575,2.44292 
3,1576155052950,10.365645,8.071217,3.0656252 
3,1576155052970,11.400293,9.096285,2.8357031 
3,1576155052989,11.184742,9.7812605,2.7111623 
3,1576155053010,10.341695,9.977652,2.1028273 
3,1576155053030,9.632769,9.843531,1.1256592 
3,1576155053047,9.101074,9.436378,0.8095166 
3,1576155053066,8.382568,8.938213,0.44547364 
3,1576155053087,7.4006104,8.368198,-0.023950197 
3,1576155053106,6.4090724,7.692803,-0.2778223 
3,1576155053127,5.575606,6.821016,-0.27303225 
3,1576155053148,5.0726514,5.6618266,-0.1580713 
3,1576155053171,4.512217,4.263135,-0.07185059 
3,1576155053189,3.4919386,2.672842,0.014370117 
3,1576155053209,1.9208057,1.0490186,-0.05269043 
3,1576155053232,0.4023633,-0.5412744,-0.9053174 
3,1576155053254,-0.64186525,-2.208208,-2.0357666 
3,1576155053280,-1.7771046,-4.028423,-2.8357031 
3,1576155053285,-4.018843,-5.848638,-2.7542725 
3,1576155053306,-7.0030375,-7.1371584,-2.6249416 
3,1576155053326,-9.704619,-7.563472,-3.7314405 
3,1576155053346,-12.085269,-7.30481,-5.7480474 
3,1576155053367,-13.498331,-7.189849,-7.932305 
3,1576155053390,-15.098204,-7.7502837,-8.4304695 
3,1576155053410,-19.049986,-7.975415,-6.212681 
3,1576155053428,-24.663912,-6.7539554,-5.024751 
3,1576155053451,-28.21812,-5.4606447,-7.1084185 
3,1576155053469,-30.057497,-4.87147,-8.986114 
3,1576155053492,-30.54129,-4.6271777,-8.962164 
3,1576155053511,-28.654015,-4.655918,-7.8700347 
3,1576155053531,-24.606432,-4.86189,-7.060518 
3,1576155053552,-20.357666,-4.991221,-6.495293 
3,1576155053569,-17.435743,-4.799619,-5.977969 
3,1576155053588,-16.080162,-4.4116263,-5.8965383 
3,1576155053609,-14.60962,-4.191284,-6.844966 
3,1576155053631,-12.473262,-4.191284,-7.793394 
3,1576155053652,-10.796748,-4.133804,-7.424561 
3,1576155053673,-9.287886,-3.6691701,-6.346802 
3,1576155053691,-7.798184,-3.171006,-5.704937 
3,1576155053711,-6.303692,-2.6536818,-5.484595 
3,1576155053735,-4.5601172,-1.9591261,-5.326524 
3,1576155053753,-3.1135256,-1.1064991,-4.8379397 
3,1576155053774,-1.6286134,-0.3305127,-3.8464015 
3,1576155053794,0.119750984,0.60354495,-2.6201515 
3,1576155053815,1.5663428,1.8872755,-1.6190332 
3,1576155053834,3.2428565,3.2284865,-0.7232959 
3,1576155053852,6.09772,4.517007,-0.07185059 
3,1576155053873,8.995694,6.0354495,0.68018556 
3,1576155053895,10.279425,7.6017923,1.8250049 
3,1576155053915,10.303374,8.818462,2.7973828 
3,1576155053936,10.451866,9.599238,2.9937747 
3,1576155053956,10.365645,9.872271,3.0225148 
3,1576155053976,9.953702,9.833951,2.6297317 
3,1576155053995,9.584868,9.541759,1.954336 
3,1576155054015,8.885523,9.105865,1.4082716 
3,1576155054035,7.9897857,8.626861,0.9915381 
3,1576155054053,6.974297,8.190968,0.7664063 
3,1576155054072,5.910908,7.673643,0.74724615 
3,1576155054091,5.096602,6.983877,0.8095166 
3,1576155054111,4.641548,5.997129,0.7424561 
3,1576155054133,4.1242237,4.8666797,0.488584 
3,1576155054155,3.3482375,3.66438,0.19160157 
3,1576155054173,2.3710694,2.4093897,-0.31135255 
3,1576155054196,0.92926764,1.1543995,-0.90052736 
3,1576155054215,-0.53169435,-0.038320314,-1.5184424 
3,1576155054237,-2.2225783,-1.1064991,-2.1315675 
3,1576155054258,-3.9326222,-2.0453467,-3.1470559 
3,1576155054276,-4.8187795,-3.1183155,-4.622388 
3,1576155054295,-5.8198977,-4.2248144,-5.369634 
3,1576155054315,-7.5874224,-5.3073635,-5.613926 
3,1576155054336,-9.862691,-6.1552005,-5.9300685 
3,1576155054355,-13.32589,-6.3947024,-5.949229 
3,1576155054378,-15.644268,-5.752837,-7.0269876 
3,1576155054398,-15.524517,-5.719307,-8.919053 
3,1576155054417,-16.209494,-6.605464,-8.50711 
3,1576155054438,-20.209175,-6.6581545,-7.30481 
3,1576155054458,-25.339308,-5.7001467,-8.119117 
3,1576155054478,-29.070747,-4.4691067,-10.188414 
3,1576155054498,-29.952116,-3.6548,-10.97398 
3,1576155054518,-26.7859,-3.8895118,-9.3453665 
3,1576155054546,-22.273682,-4.3158255,-6.835386 
3,1576155054557,-18.920654,-4.2104445,-5.6905665 
3,1576155054574,-16.928,-3.7170706,-6.0833497 
3,1576155054592,-15.7736,-3.3099172,-7.0030375 
3,1576155054614,-14.920972,-3.1566358,-7.3862405 
3,1576155054635,-13.115128,-3.3626075,-7.3958206 
3,1576155054658,-10.705738,-3.5685792,-7.0030375 
3,1576155054676,-8.665181,-3.2476466,-6.2797413 
3,1576155054703,-7.6257424,-2.787803,-5.407954 
3,1576155054717,-6.6342044,-2.3375392,-5.0534916 
3,1576155054738,-5.6714063,-1.7148341,-4.9529004 
3,1576155054764,-4.3301954,-1.0298585,-5.015171 
3,1576155054778,-2.8404932,-0.16286133,-4.272715 
3,1576155054798,-2.059717,1.2406201,-2.2704787 
3,1576155054826,-0.9196875,2.4860303,-1.2502003 
3,1576155054839,0.7568262,3.2476466,-1.2310401 
3,1576155054858,2.5195606,4.138594,-0.67539555 
3,1576155054883,5.4127445,4.991221,-0.16286133 
3,1576155054899,8.919053,5.977969,0.68018556 
3,1576155054919,10.854229,7.189849,2.7159522 
3,1576155054947,11.385923,8.013736,4.282295 
3,1576155054961,11.098521,8.641231,4.89542 
3,1576155054981,10.648257,8.794512,5.1876125 
3,1576155055002,10.341695,8.473579,4.967271 
3,1576155055019,9.402847,8.157437,4.263135 
3,1576155055043,8.210127,7.822134,3.0847852 
3,1576155055057,7.213799,7.29523,2.2465284 
3,1576155055076,6.09772,6.586304,1.8968556 
3,1576155055096,4.91937,5.872588,1.3555812 
3,1576155055117,4.014053,5.1636624,0.51732427 
3,1576155055138,3.2093263,4.282295,-0.14370118 
3,1576155055160,2.3566992,3.1949563,-0.51732427 
3,1576155055181,1.1975098,1.8872755,-0.79993653 
3,1576155055201,-0.34009278,0.5412744,-1.3651612 
3,1576155055222,-1.9351759,-0.3305127,-2.0980372 
3,1576155055242,-3.2284865,-1.1879297,-3.3051271 
3,1576155055262,-4.5457473,-2.203418,-4.3349857 
3,1576155055279,-6.600674,-2.7399025,-4.799619 
3,1576155055302,-8.713081,-2.7159522,-5.8055277 
3,1576155055321,-9.944121,-3.2668068,-6.7300053 
3,1576155055340,-10.518927,-4.4834766,-6.8880763 
3,1576155055363,-12.540323,-4.4499464,-7.2904396 
3,1576155055383,-14.60962,-4.282295,-9.469908 
3,1576155055403,-16.798668,-4.4595265,-10.571617 
3,1576155055422,-20.075054,-4.2343946,-10.8925495 
3,1576155055443,-22.939499,-3.774551,-12.008629 
3,1576155055463,-25.147707,-3.271597,-12.765454 
3,1576155055483,-26.66615,-2.7255323,-12.075689 
3,1576155055504,-25.861422,-2.6584718,-10.806329 
3,1576155055522,-23.351442,-2.7351124,-9.7621 
3,1576155055544,-20.525318,-2.912344,-8.679551 
3,1576155055559,-18.39854,-3.0177248,-7.7694435 
3,1576155055585,-17.00943,-2.8644435,-7.822134 
3,1576155055600,-15.505357,-2.811753,-8.329878 
3,1576155055619,-13.39295,-2.9458742,-8.5502205 
3,1576155055639,-10.897339,-3.046465,-8.119117 
3,1576155055663,-8.54543,-3.051255,-7.2521195 
3,1576155055684,-6.557564,-2.7494826,-6.715635 
3,1576155055704,-5.2019825,-2.1315675,-6.447393 
3,1576155055724,-4.1864944,-1.456172,-5.982759 
3,1576155055744,-3.0177248,-0.68018556,-5.0487013 
3,1576155055762,-1.7004639,0.12454102,-4.133804 
3,1576155055784,-0.48379397,1.3939015,-3.3673975 
3,1576155055804,1.0154883,2.5387208,-2.6057813 
3,1576155055825,2.9841945,3.2189064,-1.4418018 
3,1576155055844,5.249883,3.9853127,0.2203418 
3,1576155055863,8.104747,4.976851,1.8106349 
3,1576155055885,10.672208,5.997129,3.4919386 
3,1576155055905,11.376344,7.089258,5.7767873 
3,1576155055924,10.854229,8.008945,7.5874224 
3,1576155055946,10.571617,8.4304695,7.223379 
3,1576155055966,10.298584,8.305928,6.0689797 
3,1576155055986,9.326206,7.9227247,5.2594633 
3,1576155056006,8.056846,7.4964113,4.387676 
3,1576155056025,6.816226,7.103628,3.2524366 
3,1576155056053,5.738467,6.706055,2.208208 
3,1576155056063,4.790039,6.1073003,1.5423926 
3,1576155056081,3.9134622,5.350474,1.2166699 
3,1576155056102,3.2859669,4.4738965,0.68976563 
3,1576155056123,2.4525,3.415298,0.1580713 
3,1576155056143,1.1496094,2.2417383,0.014370117 
3,1576155056165,-0.39278322,1.2358302,-0.32093263 
3,1576155056186,-2.1555176,0.2921924,-0.8430469 
3,1576155056207,-3.166216,-0.5508545,-1.8058448 
3,1576155056227,-3.3242872,-1.5950831,-3.1183155 
3,1576155056246,-4.138594,-2.7207422,-3.903882 
3,1576155056264,-6.715635,-3.544629,-3.5015187 
3,1576155056286,-9.69504,-3.5254688,-3.755391 
3,1576155056311,-9.920172,-3.7601807,-5.9540186 
3,1576155056331,-10.150093,-4.0044727,-7.5970025 
3,1576155056346,-11.726016,-4.267925,-7.486831 
3,1576155056368,-13.3546295,-5.096602,-7.0365677 
3,1576155056388,-17.10523,-5.4989653,-8.425679 
3,1576155056409,-22.599405,-5.2882032,-12.660074 
3,1576155056428,-28.16543,-3.7697608,-15.725698 
3,1576155056447,-30.038336,-3.1087356,-15.534098 
3,1576155056467,-28.17501,-3.4440382,-12.406201 
3,1576155056489,-25.353678,-3.6308498,-9.575289 
3,1576155056509,-22.168303,-3.6979103,-8.387359 
3,1576155056528,-19.323019,-3.6883302,-7.4772515 
3,1576155056547,-17.363892,-3.6739602,-6.758745 
3,1576155056566,-16.238234,-3.5781593,-6.782696 
3,1576155056584,-14.73416,-3.7314405,-7.1084185 
3,1576155056605,-13.009747,-3.4248781,-6.974297 
3,1576155056625,-11.218272,-3.295547,-7.046148 
3,1576155056646,-9.297466,-3.0656252,-7.074888 
3,1576155056669,-7.9227247,-2.6345215,-6.342012 
3,1576155056689,-6.5384035,-2.3902297,-5.863008 
3,1576155056709,-5.0822315,-1.8441651,-5.733677 
3,1576155056730,-3.7122805,-1.1879297,-5.398374 
3,1576155056752,-2.44771,-0.6610254,-4.679868 
3,1576155056769,-0.4742139,-0.09101075,-3.8559816 
3,1576155056787,2.074087,0.8909473,-2.912344 
3,1576155056810,4.478687,2.1698878,-1.6477735 
3,1576155056830,6.495293,3.4871485,0.29698244 
3,1576155056849,8.262817,4.905,2.2177882 
3,1576155056869,10.174044,6.3851223,3.396138 
3,1576155056891,11.558365,7.6257424,3.784131 
3,1576155056908,11.697276,8.631651,4.176914 
3,1576155056931,11.299703,9.062755,4.6607084 
3,1576155056952,10.825489,9.134604,4.3397756 
3,1576155056971,10.011182,9.024434,3.3673975 
3,1576155056991,8.957374,8.713081,2.4812403 
3,1576155057012,7.8508744,8.243657,1.9591261 
3,1576155057031,6.6246243,7.822134,1.5519727 
3,1576155057050,5.5660257,7.247329,1.1639795 
3,1576155057067,4.6894484,6.3132715,1.0346485 
3,1576155057087,3.7937112,5.240303,1.1352394 
3,1576155057106,2.6153615,4.248765,1.0298585 
3,1576155057129,1.3747413,3.2189064,0.4742139 
3,1576155057149,-0.043110352,2.179468,-0.1101709 
3,1576155057169,-1.1687696,1.0585986,-0.7424561 
3,1576155057192,-1.8202149,-0.09101075,-1.5471827 
3,1576155057212,-2.543511,-1.1591895,-2.1171973 
3,1576155057232,-3.7362306,-2.4764502,-2.3135889 
3,1576155057251,-5.575606,-3.6068995,-2.682422 
3,1576155057270,-7.798184,-4.018843,-3.7027004 
3,1576155057289,-8.928633,-4.239185,-5.4271145 
3,1576155057311,-9.867481,-5.221143,-6.840176 
3,1576155057332,-12.602593,-5.752837,-7.2808595 
3,1576155057351,-16.161592,-4.996011,-7.3479204 
3,1576155057373,-18.681152,-4.536167,-7.486831 
3,1576155057393,-21.96712,-5.015171,-7.438931 
3,1576155057416,-27.159523,-4.4499464,-8.234077 
3,1576155057433,-30.076656,-3.3338673,-10.169253 
3,1576155057452,-29.856316,-3.151846,-10.303374 
3,1576155057474,-27.552305,-3.4871485,-8.133487 
3,1576155057494,-23.681953,-3.774551,-6.1743608 
3,1576155057515,-19.303858,-3.8655617,-5.623506 
3,1576155057532,-16.434626,-3.6164796,-5.5420756 
3,1576155057553,-15.653849,-3.2620168,-5.364844 
3,1576155057576,-15.213164,-3.0943654,-5.039121 
3,1576155057590,-13.0384865,-3.3482375,-4.8571 
3,1576155057608,-10.859019,-3.032095,-5.2882032 
3,1576155057630,-9.6758795,-2.2129982,-5.886958 
3,1576155057650,-8.487949,-1.8250049,-5.7001467 
3,1576155057670,-7.510782,-1.5088624,-5.1061816 
3,1576155057694,-5.0630717,-0.85741705,-5.872588 
3,1576155057714,-2.0118165,-0.0047900393,-6.0498195 
3,1576155057735,-0.34488282,0.7424561,-4.129014 
3,1576155057756,0.4023633,1.7244141,-1.7148341 
3,1576155057776,1.3939015,2.955454,-0.33530274 
3,1576155057796,2.8500733,4.253555,0.033530276 
3,1576155057815,4.3014555,5.4510646,0.244292 
3,1576155057835,4.89542,6.6916847,0.9436377 
3,1576155057853,4.742139,7.7071733,1.6046631 
3,1576155057874,4.8283596,8.641231,1.22625 
3,1576155057895,5.6570363,9.417217,0.35925296 
3,1576155057916,6.452183,9.848321,0.46942386 
3,1576155057936,7.175479,9.862691,1.0106983 
3,1576155057957,7.5251517,9.69504,0.90052736 
3,1576155057977,7.089258,9.469908,0.2921924 
3,1576155057997,6.2653713,9.005274,-0.081430666 
3,1576155058017,5.3552637,8.3250885,-0.07664063 
3,1576155058035,4.5601172,7.3862405,0.119750984 
3,1576155058055,3.7601807,6.3707523,0.119750984 
3,1576155058073,2.7590625,5.3073635,-0.26345217 
3,1576155058092,1.4322218,4.119434,-0.53169435 
3,1576155058112,-0.07185059,2.9794044,-0.8095166 
3,1576155058132,-1.092129,1.7387843,-1.2981006 
3,1576155058153,-2.1315675,0.41194338,-1.4370118 
3,1576155058178,-3.7506008,-0.67539555,-1.3028907 
3,1576155058197,-4.9385304,-1.585503,-1.9255958 
3,1576155058215,-6.351592,-2.6153615,-2.4093897 
3,1576155058238,-8.157437,-3.6212697,-2.9937747 
3,1576155058258,-10.183623,-4.061953,-4.095484 
3,1576155058277,-11.314073,-4.071533,-5.6282964 
3,1576155058297,-11.486514,-5.1397123,-6.7539554 
3,1576155058319,-15.232325,-5.7001467,-6.327642 
3,1576155058338,-21.512066,-4.378096,-6.8114357 
3,1576155058360,-24.026836,-2.7590625,-9.81 
3,1576155058379,-23.231691,-2.7542725,-11.524835 
3,1576155058396,-23.825655,-3.0177248,-10.068663 
3,1576155058423,-24.936945,-2.7446926,-9.192085 
3,1576155058438,-24.180119,-2.4572902,-9.977652 
3,1576155058459,-21.99107,-2.4716604,-9.374106 
3,1576155058485,-19.43319,-2.7159522,-7.606582 
3,1576155058499,-17.325573,-2.8596535,-5.910908 
3,1576155058519,-16.118483,-2.7638526,-5.278623 
3,1576155058538,-15.447877,-2.5099807,-5.704937 
3,1576155058557,-14.212047,-2.3327491,-6.485713 
3,1576155058578,-11.649376,-2.3950195,-7.079678 
3,1576155058596,-9.407638,-2.2848487,-6.0210795 
3,1576155058614,-8.305928,-2.0932472,-4.023633 
3,1576155058635,-6.878496,-1.7866846,-3.319497 
3,1576155058658,-5.0678616,-1.22625,-3.68354 
3,1576155058680,-3.7649708,-0.63707525,-3.63564 
3,1576155058699,-2.9458742,0.023950197,-2.663262 
3,1576155058721,-1.4992822,0.92926764,-1.9303858 
3,1576155058738,-0.29698244,2.1698878,-1.4178516 
3,1576155058760,1.0250684,3.5973196,-1.0681788 
3,1576155058780,2.1746778,5.039121,-0.16765137 
3,1576155058798,3.319497,6.686895,0.5939649 
3,1576155058821,5.2977834,8.157437,0.7041358 
3,1576155058839,6.720425,9.177715,1.2789404 
3,1576155058858,7.204219,9.74773,2.5099807 
3,1576155058879,7.7790236,10.106983,2.931504 
3,1576155058899,7.879615,10.135723,2.8788135 
3,1576155058922,7.7502837,9.656719,3.0752053 
3,1576155058942,7.5299416,8.890313,3.1422658 
3,1576155058962,6.7970657,8.0999565,2.907554 
3,1576155058982,5.8821683,7.3766603,2.3854396 
3,1576155059002,4.9576907,6.605464,1.8537452 
3,1576155059022,4.1146436,5.6426663,1.6286134 
3,1576155059040,3.4967287,4.727769,1.2981006 
3,1576155059060,3.0177248,3.6691701,0.93405765 
3,1576155059081,2.304009,2.5195606,0.75203615 
3,1576155059098,1.0011182,1.1735597,0.8382569 
3,1576155059117,-0.68018556,0.009580079,0.9388477 
3,1576155059138,-2.184258,-0.8047266,0.014370117 
3,1576155059159,-3.1326857,-1.4370118,-2.2944288 
3,1576155059181,-4.061953,-2.44292,-4.608018 
3,1576155059202,-5.8677983,-4.0571632,-5.360054 
3,1576155059222,-8.952583,-5.005591,-5.369634 
3,1576155059240,-11.424244,-5.4271145,-6.0114994 
3,1576155059263,-12.1379595,-6.327642,-7.2329593 
3,1576155059282,-14.370118,-6.935977,-6.864126 
3,1576155059303,-18.254839,-6.6916847,-6.4282327 
3,1576155059322,-21.818628,-5.9156985,-8.076006 
3,1576155059343,-25.195606,-5.1876125,-9.627979 
3,1576155059366,-27.96904,-4.4355764,-9.972861 
3,1576155059380,-29.027637,-3.784131,-9.814791 
3,1576155059399,-27.782228,-3.6500099,-9.153765 
3,1576155059419,-24.687862,-3.68354,-7.903565 
3,1576155059439,-20.7265,-3.8272414,-6.9886675 
3,1576155059459,-17.713566,-3.8272414,-6.2749515 
3,1576155059484,-16.276554,-3.4871485,-6.0306597 
3,1576155059502,-15.112574,-3.2572267,-6.7731156 
3,1576155059522,-13.795313,-3.271597,-7.4054008 
3,1576155059544,-12.463682,-3.1422658,-7.2185893 
3,1576155059562,-9.968072,-2.9985645,-6.710845 
3,1576155059584,-7.654483,-2.8836036,-5.6426663 
3,1576155059602,-6.337222,-2.5530908,-5.336104 
3,1576155059623,-6.0258694,-1.829795,-6.0689797 
3,1576155059640,-5.225933,-1.0873389,-6.356382 
3,1576155059660,-3.9709425,-0.5748047,-4.996011 
3,1576155059685,-2.4141798,-0.014370117,-3.2620168 
3,1576155059705,-0.364043,0.92926764,-2.2465284 
3,1576155059724,1.5519727,2.5914114,-0.9196875 
3,1576155059744,3.6212697,4.2248144,0.7376661 
3,1576155059766,5.0774417,5.637876,2.9027638 
3,1576155059786,5.968389,7.0988383,4.497847 
3,1576155059805,6.615044,8.47837,4.655918 
3,1576155059822,6.821016,9.350157,4.358936 
3,1576155059845,6.840176,9.73815,3.6116896 
3,1576155059864,6.9168167,9.7621,2.8596535 
3,1576155059884,6.945557,9.484278,2.5195606 
3,1576155059905,6.8018556,9.048384,2.327959 
3,1576155059925,6.4282327,8.54543,1.9639161 
3,1576155059946,5.839058,7.932305,1.6860938 
3,1576155059971,5.369634,7.34313,1.0106983 
3,1576155059985,4.91937,6.662945,0.24908204 
3,1576155060005,4.430786,5.7911572,0.07185059 
3,1576155060021,3.923042,4.82357,0.46463382 
3,1576155060044,3.0177248,3.6068995,0.8382569 
3,1576155060063,1.8154249,2.2656887,0.8861573 
3,1576155060082,0.6227051,1.0538087,0.25387207 
3,1576155060102,-0.76161623,-0.23950197,-0.28261232 
3,1576155060122,-3.2045362,-1.346001,-0.78556645 
3,1576155060143,-5.6905665,-2.1411476,-2.806963 
3,1576155060164,-7.0174074,-2.7207422,-5.245093 
3,1576155060187,-7.2904396,-3.5542092,-6.2749515 
3,1576155060207,-8.727451,-4.761299,-5.4606447 
3,1576155060227,-12.535533,-5.3217335,-4.9241605 
3,1576155060248,-16.080162,-4.7804594,-6.3947024 
3,1576155060268,-16.779507,-4.071533,-8.751402 
3,1576155060287,-16.865728,-4.3541455,-8.693921 
3,1576155060309,-19.55773,-4.4595265,-6.456973 
3,1576155060329,-21.8809,-4.1721244,-6.332432 
3,1576155060347,-23.523882,-3.6021094,-8.396939 
3,1576155060365,-25.66503,-2.9889846,-9.7621 
3,1576155060385,-26.029074,-2.7590625,-9.527389 
3,1576155060409,-24.208858,-2.787803,-8.205338 
3,1576155060429,-21.445005,-2.7830129,-6.8689165 
3,1576155060450,-18.537453,-2.663262,-6.461763 
3,1576155060469,-16.070581,-2.4189699,-6.821016 
3,1576155060490,-14.441968,-2.184258,-7.0221977 
3,1576155060510,-13.244458,-2.0261867,-6.9886675 
3,1576155060530,-11.951148,-1.9208057,-7.175479 
3,1576155060548,-10.164463,-1.9687061,-7.544312 
3,1576155060569,-8.377779,-1.9687061,-7.213799 
3,1576155060586,-6.9311867,-1.7962648,-5.9875493 
3,1576155060606,-6.0689797,-1.346001,-5.087022 
3,1576155060625,-5.470225,-0.6993457,-4.703819 
3,1576155060646,-4.7086086,-0.038320314,-3.999683 
3,1576155060667,-3.4344583,0.6945557,-3.0033545 
3,1576155060689,-1.4274317,1.705254,-2.1603076 
3,1576155060709,0.45984375,3.0416749,-0.9915381 
3,1576155060730,2.299219,4.4738965,0.34009278 
3,1576155060749,3.8895118,5.9013286,1.5136524 
3,1576155060771,4.82357,7.3383403,2.2177882 
3,1576155060789,5.4319043,8.52148,2.3998096 
3,1576155060812,5.613926,9.254355,2.4620802 
3,1576155060830,6.0450296,9.685459,2.308799 
3,1576155060848,6.830596,9.72378,1.4465919 
3,1576155060870,7.165899,9.474698,0.7807764 
3,1576155060892,7.065308,9.091495,0.1820215 
3,1576155060912,6.7300053,8.760982,-0.5029541 
3,1576155060932,6.1599903,8.286768,-0.5029541 
3,1576155060952,5.4510646,7.6161623,0.09101075 
3,1576155060973,4.976851,6.7874856,0.6706055 
3,1576155060993,4.5313773,5.848638,0.9627979 
3,1576155061013,3.779341,4.7948294,0.9963282 
3,1576155061033,2.5770411,3.5494192,0.96758795 
3,1576155061051,1.1927198,2.1076174,0.9580079 
3,1576155061070,-0.081430666,0.5556446,0.5125342 
3,1576155061089,-1.2310401,-0.8143067,-0.45984375 
3,1576155061109,-2.6201515,-2.3614893,-1.9734962 
3,1576155061127,-4.497847,-3.7601807,-3.3578174 
3,1576155061149,-8.028106,-4.6750784,-3.3721876 
3,1576155061169,-11.864927,-4.5601172,-3.8895118 
3,1576155061193,-13.364209,-4.0044727,-6.318062 
3,1576155061211,-14.274317,-3.8320315,-7.4580913 
3,1576155061231,-16.219072,-3.2476466,-6.6821046 
3,1576155061251,-17.574654,-2.8596535,-6.5719337 
3,1576155061271,-19.155367,-2.7207422,-6.9934573 
3,1576155061289,-22.149141,-2.3902297,-7.9083548 
3,1576155061315,-25.195606,-1.6334034,-9.75252 
3,1576155061334,-26.618248,-1.101709,-10.868599 
3,1576155061352,-26.278156,-0.89573735,-10.322535 
3,1576155061375,-23.25564,-1.2358302,-9.129815 
3,1576155061395,-20.228336,-1.6286134,-7.553892 
3,1576155061415,-18.187778,-1.8345851,-6.6581545 
3,1576155061435,-16.95674,-1.8729054,-6.6677346 
3,1576155061454,-15.941251,-1.9255958,-7.0988383 
3,1576155061473,-14.010865,-2.3375392,-7.3814507 
3,1576155061492,-11.165582,-2.6201515,-6.945557 
3,1576155061515,-9.551338,-2.4045997,-5.120552 
3,1576155061535,-8.832832,-2.3902297,-3.4679885 
3,1576155061553,-7.223379,-2.3662794,-3.2045362 
3,1576155061573,-5.2115626,-1.9016455,-3.2045362 
3,1576155061591,-3.6452198,-1.0106983,-2.8309133 
3,1576155061615,-2.926714,0.244292,-2.069297 
3,1576155061632,-1.9591261,1.4370118,-1.7148341 
3,1576155061652,0.14849122,2.567461,-1.5950831 
3,1576155061672,2.4525,3.8464015,-0.8382569 
3,1576155061693,4.287085,5.326524,0.57959473 
3,1576155061713,5.613926,6.485713,1.8585353 
3,1576155061736,6.6294146,7.6305327,1.9255958 
3,1576155061756,7.429351,8.631651,1.1112891 
3,1576155061777,7.913145,9.259146,0.7759864 
3,1576155061797,7.9802055,9.546548,1.0490186 
3,1576155061817,7.965835,9.479487,1.4322218 
3,1576155061836,7.688013,9.158555,1.5615528 
3,1576155061854,7.0988383,8.818462,1.3603711 
3,1576155061874,6.581514,8.377779,1.0825489 
3,1576155061898,6.0737696,7.664063,1.0585986 
3,1576155061918,5.518125,6.7779055,1.1304493 
3,1576155061938,4.718189,5.709727,1.2837305 
3,1576155061958,3.68354,4.5553274,1.3651612 
3,1576155061978,2.5962012,3.3482375,0.76161623 
3,1576155061998,1.6381935,1.9255958,0.05269043 
3,1576155062023,0.6514453,0.3065625,-0.26345217 
3,1576155062038,-0.5604346,-1.22146,-0.7568262 
3,1576155062056,-2.0022364,-2.811753,-1.6286134 
3,1576155062085,-2.9171338,-4.5792775,-2.5770411 
3,1576155062096,-4.1146436,-6.5000834,-3.6404297 
3,1576155062114,-8.076006,-7.8604546,-4.071533 
3,1576155062140,-14.168936,-7.568262,-4.5840673 
3,1576155062154,-19.327808,-5.958809,-6.615044 
3,1576155062174,-18.661993,-4.88584,-11.7930765 
3,1576155062198,-17.550703,-5.096602,-13.551021 
3,1576155062218,-20.534899,-5.101392,-9.570498 
3,1576155062238,-23.681953,-4.87147,-7.151529 
3,1576155062259,-26.096134,-4.2918754,-9.005274 
3,1576155062278,-28.179802,-3.2811768,-11.831397 
3,1576155062297,-26.93918,-3.1278956,-12.731924 
3,1576155062319,-23.346651,-3.7074904,-10.523716 
3,1576155062339,-19.174528,-4.1960745,-7.937095 
3,1576155062358,-16.511265,-4.2104445,-6.212681 
3,1576155062380,-15.639479,-3.67875,-5.858218 
3,1576155062403,-14.509029,-3.2428565,-7.117998 
3,1576155062420,-12.947476,-3.051255,-7.9466753 
3,1576155062441,-11.0123005,-3.1470559,-7.702383 
3,1576155062460,-9.642349,-3.0129347,-6.0498195 
3,1576155062480,-8.665181,-2.8788135,-4.148174 
3,1576155062500,-7.0988383,-2.6536818,-3.4919386 
3,1576155062521,-5.2834134,-2.0932472,-3.67875 
3,1576155062542,-3.7170706,-1.2789404,-3.755391 
3,1576155062558,-2.5387208,-0.36883304,-2.9219239 
3,1576155062576,-1.8872755,0.5604346,-1.3603711 
3,1576155062597,-0.119750984,1.5567628,-0.56522465 
3,1576155062615,2.0309765,2.9506643,-0.09580079 
3,1576155062637,3.396138,4.4834766,0.8382569 
3,1576155062656,4.1721244,5.848638,1.6860938 
3,1576155062677,5.513335,7.0988383,1.4609619 
3,1576155062699,7.1467385,8.123906,1.1543995 
3,1576155062721,8.210127,8.784932,1.5423926 
3,1576155062741,8.765772,9.244776,1.7818946 
3,1576155062762,8.713081,9.522598,1.7148341 
3,1576155062782,8.425679,9.613608,1.4130616 
3,1576155062802,8.167017,9.541759,1.0202783 
3,1576155062822,7.7407036,9.220825,0.9436377 
3,1576155062840,7.2329593,8.636441,0.9436377 
3,1576155062860,6.6677346,7.941885,0.97237796 
3,1576155062879,6.217471,7.1227884,0.9484278 
3,1576155062903,5.743257,6.10251,1.0059083 
3,1576155062923,4.905,5.0487013,1.0442286 
3,1576155062943,3.7649708,3.9278321,0.8047266 
3,1576155062963,2.6776319,2.5866213,0.20597169 
3,1576155062983,1.4465919,1.1064991,-0.25866213 
3,1576155063003,-0.05269043,-0.42152345,-0.7568262 
3,1576155063023,-1.4034815,-1.8776954,-1.341211 
3,1576155063041,-2.811753,-3.2811768,-1.7579445 
3,1576155063061,-4.6990285,-4.4834766,-2.2465284 
3,1576155063091,-6.2653713,-5.6761966,-3.4057178 
3,1576155063100,-7.6449027,-6.567144,-4.8427296 
3,1576155063123,-9.766891,-7.4820414,-6.1216702 
3,1576155063140,-12.727135,-7.7550735,-7.3527102 
3,1576155063159,-14.954503,-7.6113725,-8.56938 
3,1576155063179,-17.282461,-7.2329593,-9.005274 
3,1576155063203,-21.009111,-7.2664895,-9.086704 
3,1576155063224,-27.346334,-6.581514,-10.193204 
3,1576155063247,-32.217804,-4.718189,-13.215718 
3,1576155063265,-32.361504,-4.176914,-14.475498 
3,1576155063283,-29.645554,-4.402046,-11.103311 
3,1576155063303,-24.774082,-5.024751,-7.8891945 
3,1576155063325,-19.845133,-5.225933,-6.926397 
3,1576155063344,-16.789087,-4.9337406,-7.0365677 
3,1576155063363,-15.304175,-4.536167,-7.3527102 
3,1576155063385,-14.2551565,-4.3014555,-7.664063 
3,1576155063406,-12.621754,-4.3349857,-7.8891945 
3,1576155063425,-10.715318,-4.1960745,-7.438931 
3,1576155063445,-8.981323,-3.7697608,-6.725215 
3,1576155063466,-7.4197707,-3.2524366,-6.0114994 
3,1576155063486,-5.7911572,-2.6249416,-5.384004 
3,1576155063506,-3.539839,-1.7627344,-4.976851 
3,1576155063526,-2.184258,-0.5412744,-4.176914 
3,1576155063546,-2.299219,0.6179151,-2.5291407 
3,1576155063564,-1.5328126,1.575923,-1.22625 
3,1576155063583,0.5987549,2.7063723,-0.7951465 
3,1576155063603,2.5866213,3.999683,-0.17244141 
3,1576155063623,4.009263,5.1828227,1.22146 
3,1576155063642,5.326524,6.2653713,2.816543 
3,1576155063662,6.0833497,7.31439,3.63564 
3,1576155063682,6.3899126,8.214917,3.4584084 
3,1576155063706,6.959927,8.660391,2.8836036 
3,1576155063726,7.9849954,8.727451,2.2608986 
3,1576155063750,8.401729,8.612491,1.9830762 
3,1576155063767,7.6592727,8.411309,2.3375392 
3,1576155063788,6.710845,8.162227,2.2848487 
3,1576155063808,5.9156985,7.9083548,1.8489552 
3,1576155063828,5.216353,7.4916215,1.6190332 
3,1576155063845,4.7948294,6.792276,1.4178516 
3,1576155063863,4.311035,5.9396486,1.1304493 
3,1576155063886,3.558999,4.87626,1.0729688 
3,1576155063907,2.548301,3.5494192,1.21188 
3,1576155063926,1.2358302,2.1603076,1.1256592 
3,1576155063948,-0.23471193,0.728086,0.1820215 
3,1576155063968,-1.5807129,-0.5221143,-1.3651612 
3,1576155063988,-2.936294,-1.7866846,-2.4572902 
3,1576155064006,-4.655918,-3.0177248,-2.8213332 
3,1576155064029,-6.4330225,-3.8320315,-3.3578174 
3,1576155064049,-7.414981,-4.6942387,-4.526587 
3,1576155064066,-8.660391,-5.4606447,-5.4319043 
3,1576155064087,-10.059082,-5.9252787,-6.351592 
3,1576155064109,-11.270963,-6.7874856,-7.055728 
3,1576155064125,-14.370118,-7.2281694,-7.070098 
3,1576155064147,-18.49434,-6.552774,-8.468789 
3,1576155064164,-22.613775,-5.752837,-10.159674 
3,1576155064186,-26.321266,-5.149292,-10.676997 
3,1576155064206,-28.194172,-4.5074267,-11.443404 
3,1576155064228,-28.155851,-4.176914,-11.390714 
3,1576155064249,-27.264904,-3.903882,-9.920172 
3,1576155064269,-23.911877,-3.9948928,-8.981323 
3,1576155064288,-19.916983,-4.1864944,-7.9897857 
3,1576155064310,-16.760347,-4.167334,-6.830596 
3,1576155064330,-14.801221,-3.8655617,-6.2270513 
3,1576155064348,-13.570181,-3.3578174,-6.6821046 
3,1576155064368,-12.334352,-2.9937747,-7.223379 
3,1576155064391,-11.04104,-2.806963,-6.983877 
3,1576155064410,-9.814791,-2.6536818,-6.05461 
3,1576155064431,-8.923843,-2.4668703,-4.761299 
3,1576155064451,-8.052056,-2.1363575,-3.923042 
3,1576155064471,-7.1563187,-1.6765138,-3.6739602 
3,1576155064491,-5.6522465,-1.1975098,-3.894302 
3,1576155064511,-4.7469287,-0.7424561,-3.166216 
3,1576155064530,-3.9134622,-0.34488282,-1.9830762 
3,1576155064550,-2.4093897,0.25866213,-1.5950831 
3,1576155064569,-0.91010743,1.0633887,-1.0538087 
3,1576155064588,-0.038320314,2.3566992,-0.5939649 
3,1576155064613,0.5460645,3.9517825,-0.43110353 
3,1576155064628,2.0980372,5.1971927,0.06227051 
3,1576155064647,4.751719,6.303692,1.1879297 
3,1576155064668,6.5192432,8.047266,1.8058448 
3,1576155064693,6.2701616,9.867481,1.7914747 
3,1576155064708,6.0019193,11.050621,1.7866846 
3,1576155064729,6.9886675,11.251802,2.064507 
3,1576155064750,8.167017,10.811119,2.6967921 
3,1576155064771,8.57896,10.226734,2.5866213 
3,1576155064791,8.071217,9.580078,1.5232325 
3,1576155064812,7.0126176,8.885523,0.613125 
3,1576155064829,5.9204884,8.090376,0.2921924 
3,1576155064852,5.0534916,7.2185893,0.20597169 
3,1576155064870,4.6271777,6.1935205,0.28261232 
3,1576155064889,4.4547367,4.9864306,0.6514453 
3,1576155064913,3.9805226,3.7985013,0.96758795 
3,1576155064933,2.8788135,2.548301,0.847837 
3,1576155064953,1.3603711,1.2406201,0.46942386 
3,1576155064973,-0.14849122,0.13891114,0.12454102 
3,1576155064994,-0.9963282,-0.7711963,-0.8382569 
3,1576155065013,-1.5615528,-1.8345851,-1.9351759 
3,1576155065034,-2.9937747,-2.8931837,-2.42855 
3,1576155065053,-5.254673,-3.6212697,-2.931504 
3,1576155065070,-7.711963,-4.1721244,-3.6260598 
3,1576155065090,-10.566827,-4.7086086,-4.2439747 
3,1576155065109,-13.364209,-4.5457473,-6.1408305 
3,1576155065130,-14.116245,-4.5553274,-9.374106 
3,1576155065154,-15.625108,-5.1157618,-9.83874 
3,1576155065169,-19.44756,-5.144502,-7.726333 
3,1576155065190,-23.26522,-4.402046,-7.563472 
3,1576155065212,-25.253086,-3.4775686,-9.72857 
3,1576155065234,-26.527237,-3.1231055,-10.638678 
3,1576155065253,-27.384655,-2.9889846,-9.637559 
3,1576155065272,-26.306896,-2.912344,-9.139395 
3,1576155065293,-23.648424,-2.8213332,-8.837623 
3,1576155065315,-20.482208,-2.8452833,-7.8269243 
3,1576155065335,-17.713566,-3.0081446,-6.720425 
3,1576155065352,-16.137642,-2.9602442,-6.1216702 
3,1576155065372,-14.806011,-2.7782228,-6.5479836 
3,1576155065395,-13.335469,-2.7734327,-6.8832865 
3,1576155065416,-11.352393,-3.166216,-6.926397 
3,1576155065436,-9.388477,-3.3242872,-6.5623536 
3,1576155065460,-8.095166,-3.3482375,-5.4319043 
3,1576155065476,-7.199429,-3.290757,-4.296665 
3,1576155065496,-5.3935843,-3.151846,-4.0906935 
3,1576155065516,-2.8979738,-2.663262,-4.382886 
3,1576155065536,-1.1400293,-1.6669337,-3.5254688 
3,1576155065556,-0.038320314,-0.4263135,-1.346001 
3,1576155065573,2.304009,1.2741505,0.38320315 
3,1576155065595,5.6809864,3.5254688,1.4226416 
3,1576155065614,7.9083548,5.7959476,3.515889 
3,1576155065632,8.928633,7.6257424,5.733677 
3,1576155065653,9.125025,9.168135,5.589976 
3,1576155065677,9.043594,10.164463,3.7218604 
3,1576155065693,9.115445,10.499766,1.9878663 
3,1576155065714,9.057964,10.284214,1.0633887 
3,1576155065741,8.48316,9.79563,0.6322852 
3,1576155065757,7.6161623,9.196876,0.23950197 
3,1576155065774,6.720425,8.54543,0.16765137 
3,1576155065803,5.8677983,7.8748245,0.1101709 
3,1576155065818,5.1828227,7.1611085,0.028740235 
3,1576155065837,4.8091993,6.222261,0.06227051 
3,1576155065854,4.517007,5.1924024,0.24908204 
3,1576155065876,3.9853127,3.9422023,0.6945557 
3,1576155065898,2.8357031,2.5147705,1.0298585 
3,1576155065918,1.6286134,1.1256592,0.7664063 
3,1576155065938,0.4167334,-0.16765137,-0.06706055 
3,1576155065958,-0.6945557,-1.4274317,-1.2358302 
3,1576155065979,-2.3758595,-2.7830129,-1.8585353 
3,1576155065999,-4.8187795,-3.8799317,-2.3662794 
3,1576155066019,-7.1706886,-4.402046,-3.1470559 
3,1576155066038,-10.145303,-4.5888577,-3.6021094 
3,1576155066058,-12.861256,-4.3397756,-5.149292 
3,1576155066077,-13.196558,-4.387676,-7.941885 
3,1576155066098,-13.795313,-4.517007,-8.57417 
3,1576155066116,-15.8215,-4.84752,-7.846084 
3,1576155066135,-18.614092,-5.029541,-7.774234 
3,1576155066155,-21.82342,-4.378096,-9.3309965 
3,1576155066175,-24.295078,-3.5254688,-11.452984 
3,1576155066196,-25.133335,-3.0991554,-12.1379595 
3,1576155066219,-24.39567,-3.2141163,-10.830278 
3,1576155066239,-22.963448,-3.2811768,-9.005274 
3,1576155066258,-20.65465,-3.1374757,-8.54064 
3,1576155066277,-18.20694,-3.0129347,-8.392149 
3,1576155066294,-16.702868,-2.8309133,-7.7694435 
3,1576155066319,-15.332915,-2.816543,-7.3766603 
3,1576155066339,-13.3689995,-3.1278956,-7.084468 
3,1576155066358,-11.999048,-3.2428565,-6.6102543 
3,1576155066376,-11.7930765,-3.0225148,-6.11209 
3,1576155066399,-10.542876,-2.9746144,-5.9875493 
3,1576155066421,-8.698711,-2.7351124,-5.853428 
3,1576155066441,-7.31918,-2.3327491,-5.3935843 
3,1576155066460,-6.0210795,-1.9160157,-4.785249 
3,1576155066479,-4.148174,-1.4226416,-4.387676 
3,1576155066498,-2.548301,-0.5987549,-3.6116896 
3,1576155066521,-0.8047266,0.39278322,-2.7542725 
3,1576155066541,1.6238233,1.5998731,-2.0980372 
3,1576155066560,3.6931202,3.3482375,-0.64186525 
3,1576155066579,5.5468655,5.0726514,0.5891748 
3,1576155066597,6.744375,6.725215,1.1208692 
3,1576155066618,7.4101906,8.195757,1.101709 
3,1576155066638,8.052056,9.3309965,0.92926764 
3,1576155066657,8.53106,10.116563,0.977168 
3,1576155066678,8.957374,10.423125,1.1543995 
3,1576155066698,9.168135,10.380015,1.1831397 
3,1576155066721,8.962164,10.078242,1.1831397 
3,1576155066741,8.468789,9.479487,1.2597803 
3,1576155066761,7.917935,8.756192,1.3555812 
3,1576155066779,7.31439,7.965835,1.4274317 
3,1576155066802,6.6821046,7.185059,1.456172 
3,1576155066823,6.198311,6.255791,1.5328126 
3,1576155066842,5.6857767,5.249883,1.5807129 
3,1576155066862,5.0534916,4.1864944,1.6573536 
3,1576155066880,4.258345,2.9506643,1.5423926 
3,1576155066903,3.2476466,1.575923,1.2022998 
3,1576155066923,1.9830762,0.14370118,0.44547364 
3,1576155066943,0.75203615,-1.331631,-0.57959473 
3,1576155066963,-0.5460645,-2.9171338,-1.5471827 
3,1576155066983,-1.9687061,-4.550537,-2.4812403 
3,1576155067004,-3.1278956,-6.2989016,-3.8511915 
3,1576155067024,-7.060518,-7.9897857,-4.5936475 
3,1576155067044,-14.973662,-7.688013,-5.024751 
3,1576155067064,-17.804577,-5.767207,-8.650811 
3,1576155067083,-15.989151,-4.598438,-13.000167 
3,1576155067102,-14.983243,-4.9145803,-11.706856 
3,1576155067122,-17.02859,-5.5612354,-6.543194 
3,1576155067140,-20.841461,-5.6282964,-5.1732426 
3,1576155067161,-24.553741,-4.6607084,-9.182506 
3,1576155067180,-27.432554,-3.1278956,-13.301939 
3,1576155067201,-28.14627,-2.318379,-13.656402 
3,1576155067220,-25.55965,-2.8788135,-11.132051 
3,1576155067244,-21.9288,-3.3434474,-8.871153 
3,1576155067262,-18.781744,-3.4823585,-8.157437 
3,1576155067283,-16.97111,-3.3434474,-8.147857 
3,1576155067305,-15.93167,-3.2668068,-8.339458 
3,1576155067325,-14.772481,-3.4919386,-8.5598 
3,1576155067343,-12.26729,-3.9853127,-8.669971 
3,1576155067365,-9.74294,-3.999683,-7.678433 
3,1576155067381,-8.698711,-3.5637891,-5.872588 
3,1576155067406,-7.7694435,-3.051255,-5.158872 
3,1576155067426,-5.8677983,-2.3998096,-5.4366946 
3,1576155067446,-4.129014,-1.1783496,-4.751719 
3,1576155067466,-1.9255958,-0.2203418,-3.5542092 
3,1576155067486,0.033530276,0.62749517,-2.2129982 
3,1576155067507,1.0873389,1.8250049,-0.96758795 
3,1576155067527,2.955454,2.955454,-0.33530274 
3,1576155067547,5.1157618,4.368516,0.21076173 
3,1576155067564,5.9396486,6.12646,0.93405765 
3,1576155067586,5.8198977,7.6017923,1.8872755 
3,1576155067603,6.0450296,8.617281,2.8500733 
3,1576155067631,7.199429,9.005274,3.166216 
3,1576155067649,8.119117,9.129815,3.2428565 
3,1576155067662,8.372989,9.029224,3.4248781 
3,1576155067682,8.143066,8.789722,3.3242872 
3,1576155067703,7.5203614,8.435259,2.9219239 
3,1576155067724,6.974297,7.965835,2.1603076 
3,1576155067745,6.5192432,7.3814507,1.4465919 
3,1576155067765,5.910908,6.6198344,1.1927198 
3,1576155067787,5.254673,5.6522465,1.0106983 
3,1576155067807,4.3014555,4.598438,0.9196875 
3,1576155067826,2.9985645,3.4823585,0.9532178 
3,1576155067845,1.4178516,2.3806496,0.82388675 
3,1576155067865,0.17244141,1.1160791,0.023950197 
3,1576155067886,-0.53169435,-0.09580079,-1.3220508 
3,1576155067907,-1.590293,-1.3028907,-2.44771 
3,1576155067927,-3.4344583,-2.5291407,-3.056045 
3,1576155067949,-5.6905665,-3.5733693,-3.1231055 
3,1576155067969,-7.5874224,-4.4355764,-3.8272414 
3,1576155067989,-9.546548,-5.101392,-4.9002104 
3,1576155068009,-12.324771,-5.134922,-6.337222 
3,1576155068029,-14.034815,-4.766089,-8.090376 
3,1576155068048,-13.713882,-5.158872,-9.091495 
3,1576155068066,-15.558047,-5.9204884,-8.186177 
3,1576155068086,-19.979254,-5.6618266,-8.176597 
3,1576155068107,-22.628145,-4.981641,-10.796748 
3,1576155068125,-24.472311,-4.287085,-13.383369 
3,1576155068145,-26.144033,-3.6116896,-13.397739 
3,1576155068167,-25.52612,-3.2811768,-11.242222 
3,1576155068186,-22.268892,-3.4727786,-9.249566 
3,1576155068206,-19.236797,-3.5254688,-8.008945 
3,1576155068227,-17.445324,-3.410508,-7.5395217 
3,1576155068250,-16.554377,-3.056045,-7.951465 
3,1576155068269,-15.380816,-2.8931837,-8.813672 
3,1576155068288,-13.929434,-3.0081446,-8.909473 
3,1576155068311,-11.577525,-3.3530276,-8.679551 
3,1576155068332,-9.915381,-3.056045,-7.903565 
3,1576155068351,-8.722662,-2.7063723,-6.926397 
3,1576155068369,-6.605464,-2.4908204,-6.207891 
3,1576155068389,-4.1960745,-2.1171973,-5.2977834 
3,1576155068412,-3.1183155,-1.22146,-4.497847 
3,1576155068432,-2.2129982,-0.33530274,-4.406836 
3,1576155068449,-1.590293,0.5460645,-3.8128712 
3,1576155068469,-1.0346485,1.5519727,-2.792593 
3,1576155068496,0.20597169,2.4093897,-1.9351759 
3,1576155068512,2.1746778,3.4344583,-0.5939649 
3,1576155068532,4.406836,4.670288,0.46463382 
3,1576155068551,5.5612354,6.3132715,1.1160791 
3,1576155068569,5.8677983,7.7502837,2.1171973 
3,1576155068590,6.423443,8.717872,3.0991554 
3,1576155068608,7.089258,9.484278,3.396138 
3,1576155068634,7.4820414,9.7812605,3.7074904 
3,1576155068651,7.3527102,9.718989,4.282295 
3,1576155068669,6.9886675,9.431587,4.023633 
3,1576155068688,6.3994923,9.158555,2.806963 
3,1576155068709,5.9300685,8.751402,1.4274317 
3,1576155068728,5.494175,8.190968,0.40715334 
3,1576155068750,5.0582814,7.3958206,-0.11496094 
3,1576155068772,4.5744877,6.4426026,-0.05748047 
3,1576155068792,3.8559816,5.470225,0.244292 
3,1576155068813,2.572251,4.4499464,0.41194338 
3,1576155068832,1.5280225,3.3434474,0.23471193 
3,1576155068852,0.79993653,2.0118165,-0.35925296 
3,1576155068871,-0.42152345,0.7664063,-0.8765772 
3,1576155068893,-1.8010547,-0.47900394,-1.5376027 
3,1576155068912,-3.046465,-1.7244141,-2.6297317 
3,1576155068934,-4.9337406,-2.9746144,-3.391348 
3,1576155068954,-7.3814507,-3.7601807,-3.9805226 
3,1576155068974,-9.666299,-4.181704,-5.087022 
3,1576155068994,-11.103311,-4.7708793,-5.977969 
3,1576155069015,-12.827725,-5.1397123,-6.217471 
3,1576155069034,-14.964083,-5.1732426,-6.806646 
3,1576155069054,-17.488434,-5.087022,-7.702383 
3,1576155069074,-20.453468,-4.670288,-8.464 
3,1576155069094,-22.776636,-4.3254056,-9.350157 
3,1576155069112,-25.224346,-3.8751419,-9.75252 
3,1576155069134,-27.092463,-3.2428565,-9.833951 
3,1576155069151,-26.536818,-2.8309133,-10.030342 
3,1576155069169,-23.471193,-2.926714,-9.436378 
3,1576155069191,-20.122955,-3.1997461,-7.9897857 
3,1576155069211,-17.574654,-3.290757,-6.600674 
3,1576155069234,-15.768809,-3.1374757,-6.2510014 
3,1576155069254,-14.250367,-2.926714,-6.720425 
3,1576155069273,-12.746294,-2.6776319,-7.2521195 
3,1576155069292,-11.261382,-2.4860303,-7.3718705 
3,1576155069315,-9.79563,-2.4572902,-6.854546 
3,1576155069340,-8.315508,-2.44292,-5.5803957 
3,1576155069353,-6.8737063,-2.2465284,-4.517007 
3,1576155069373,-5.695357,-1.695674,-4.2343946 
3,1576155069401,-5.144502,-0.79993653,-4.263135 
3,1576155069415,-4.119434,-0.038320314,-4.2439747 
3,1576155069433,-2.6009912,0.5748047,-3.3817677 
3,1576155069462,-0.977168,1.6238233,-2.083667 
3,1576155069477,1.1975098,3.0033545,-1.2741505 
3,1576155069495,3.6068995,4.502637,-0.34488282 
3,1576155069523,5.609136,6.006709,0.35925296 
3,1576155069535,6.926397,7.4054008,0.9867481 
3,1576155069556,7.702383,8.47837,1.8776954 
3,1576155069575,8.028106,9.168135,3.056045 
3,1576155069595,7.879615,9.455538,3.7506008 
3,1576155069613,7.783814,9.4507475,2.9889846 
3,1576155069635,7.29523,9.354947,1.3603711 
3,1576155069654,6.5096636,9.206455,0.22992188 
3,1576155069671,5.8821683,8.871153,-0.18681154 
3,1576155069693,5.508545,8.349038,-0.17244141 
3,1576155069713,5.1732426,7.6209526,-0.05269043 
3,1576155069736,4.785249,6.744375,0.25387207 
3,1576155069757,4.263135,5.6857767,0.5843848 
3,1576155069777,3.3769777,4.512217,0.6993457 
3,1576155069798,1.9399658,3.2045362,0.7089258 
3,1576155069818,0.043110352,1.8968556,0.6322852 
3,1576155069836,-1.3555812,0.7759864,-0.28740236 
3,1576155069857,-2.1219873,-0.38320315,-1.8106349 
3,1576155069877,-3.0704153,-1.9160157,-2.672842 
3,1576155069896,-4.981641,-3.3290772,-2.7063723 
3,1576155069919,-7.175479,-4.4116263,-3.3482375 
3,1576155069939,-9.527389,-4.86189,-4.742139 
3,1576155069959,-11.314073,-4.88105,-6.5096636 
3,1576155069979,-11.812237,-5.384004,-7.688013 
3,1576155069998,-13.460011,-6.07856,-7.0174074 
3,1576155070018,-16.583117,-5.886958,-6.6246243 
3,1576155070040,-19.825972,-5.4271145,-7.7215433 
3,1576155070059,-23.523882,-5.015171,-9.115445 
3,1576155070079,-27.212214,-4.277505,-10.437495 
3,1576155070099,-28.577374,-3.5781593,-11.414663 
3,1576155070119,-27.049353,-3.276387,-10.533297 
3,1576155070146,-23.16942,-3.5015187,-8.468789 
3,1576155070155,-19.251167,-3.66438,-6.7970657 
3,1576155070177,-16.214283,-3.5206788,-6.1791506 
3,1576155070196,-14.67189,-3.2380664,-6.255791 
3,1576155070216,-14.207256,-3.027305,-6.950347 
3,1576155070239,-13.541441,-2.926714,-7.7550735 
3,1576155070259,-12.061319,-3.1231055,-7.8844047 
3,1576155070278,-11.093731,-3.0129347,-7.151529 
3,1576155070300,-10.011182,-2.7399025,-6.3132715 
3,1576155070322,-8.334668,-2.3998096,-5.5612354 
3,1576155070341,-6.595884,-1.949546,-5.0582814 
3,1576155070360,-5.4271145,-1.2166699,-4.670288 
3,1576155070379,-4.277505,-0.43110353,-4.3493557 
3,1576155070402,-2.9458742,0.2778223,-3.923042 
3,1576155070422,-1.8345851,1.1687696,-2.7159522 
3,1576155070442,0.21555176,2.184258,-1.9160157 
3,1576155070462,2.672842,3.3338673,-1.3172607 
3,1576155070482,4.0763235,4.670288,0.12454102 
3,1576155070502,5.3552637,5.829478,1.5998731 
3,1576155070522,7.2425394,6.945557,2.1555176 
3,1576155070542,8.765772,7.9945755,2.7351124 
3,1576155070562,9.489068,8.58854,3.7937112 
3,1576155070581,9.541759,8.856783,4.7469287 
3,1576155070600,9.148975,9.048384,4.9576907 
3,1576155070620,8.909473,8.938213,3.9805226 
3,1576155070640,8.50711,8.727451,2.7303224 
3,1576155070659,7.831714,8.406519,2.0932472 
3,1576155070679,7.055728,7.951465,1.7771046 
3,1576155070698,6.2797413,7.438931,1.4753321 
3,1576155070718,5.6809864,6.7539554,1.0729688 
3,1576155070739,5.015171,5.934859,0.6466553 
3,1576155070761,4.2152348,5.010381,0.5364844 
3,1576155070783,3.2859669,3.9948928,0.5125342 
3,1576155070801,2.2608986,2.806963,0.27303225 
3,1576155070819,1.2022998,1.5519727,-0.10538086 
3,1576155070841,-0.009580079,0.244292,-0.67539555 
3,1576155070861,-1.3555812,-1.1304493,-1.3699512 
3,1576155070881,-2.9219239,-2.5291407,-2.3327491 
3,1576155070904,-5.1732426,-3.6404297,-3.544629 
3,1576155070925,-7.783814,-4.0571632,-5.005591 
3,1576155070945,-8.952583,-4.258345,-6.696475 
3,1576155070964,-9.259146,-4.9864306,-7.7407036 
3,1576155070984,-10.514136,-5.4366946,-8.459209 
3,1576155071005,-12.085269,-5.9061184,-7.8748245 
3,1576155071025,-14.858702,-6.456973,-6.7491655 
3,1576155071045,-21.306095,-5.5229154,-6.6821046 
3,1576155071066,-26.96313,-3.8607717,-9.872271 
3,1576155071085,-27.93072,-2.8788135,-13.43606 
3,1576155071105,-26.364376,-3.2859669,-12.684024 
3,1576155071122,-25.61713,-3.6021094,-9.0004835 
3,1576155071153,-23.705904,-3.4248781,-7.9945755 
3,1576155071160,-20.79356,-3.290757,-8.904683 
3,1576155071185,-18.503922,-3.3099172,-8.56459 
3,1576155071201,-17.004639,-3.3482375,-7.414981 
3,1576155071222,-15.764019,-3.276387,-7.0413575 
3,1576155071242,-13.996494,-3.1183155,-7.822134 
3,1576155071264,-11.951148,-2.912344,-8.358619 
3,1576155071283,-10.255474,-2.7207422,-7.798184 
3,1576155071303,-8.837623,-2.323169,-6.8737063 
3,1576155071326,-7.3622904,-1.8441651,-6.183941 
3,1576155071346,-5.9156985,-1.4130616,-5.508545 
3,1576155071365,-4.631968,-0.98195803,-4.5553274 
3,1576155071383,-3.539839,-0.3161426,-4.1146436 
3,1576155071407,-2.0309765,0.6179151,-4.3062453 
3,1576155071427,-0.7568262,1.5136524,-3.271597 
3,1576155071446,0.47900394,2.088457,-1.5184424 
3,1576155071467,2.7542725,2.8883936,-0.51732427 
3,1576155071485,5.6666164,3.9565725,0.5460645 
3,1576155071502,8.377779,5.1876125,2.5530908 
3,1576155071530,9.977652,6.5048733,5.374424 
3,1576155071548,10.499766,7.6257424,6.9934573 
3,1576155071565,10.106983,8.4304695,6.600674 
3,1576155071589,8.976534,8.928633,5.489385 
3,1576155071606,8.061636,9.0148535,4.1864944 
3,1576155071625,7.568262,8.727451,3.4488282 
3,1576155071647,6.9168167,8.392149,2.4333398 
3,1576155071664,6.1743608,8.119117,0.8861573 
3,1576155071685,5.575606,7.6592727,-0.14849122 
3,1576155071704,4.670288,7.074888,-0.613125 
3,1576155071724,3.774551,6.447393,-0.74724615 
3,1576155071745,2.8548634,5.5947657,-0.8143067 
3,1576155071768,1.829795,4.5696974,-0.5843848 
3,1576155071787,0.9484278,3.4344583,-0.5125342 
3,1576155071808,0.20118165,2.304009,-0.9244776 
3,1576155071829,-0.5221143,1.0873389,-1.3699512 
3,1576155071847,-1.6190332,-0.11496094,-1.4465919 
3,1576155071867,-3.1422658,-1.1208692,-1.5471827 
3,1576155071888,-4.263135,-2.1028273,-2.189048 
3,1576155071907,-5.4462748,-3.4009278,-2.8692336 
3,1576155071928,-6.821016,-4.277505,-4.478687 
3,1576155071949,-8.305928,-5.1061816,-6.1504107 
3,1576155071969,-10.265054,-6.1073003,-6.1504107 
3,1576155071989,-12.794195,-6.7539554,-6.5288234 
3,1576155072010,-16.022682,-6.638994,-7.8269243 
3,1576155072029,-19.054777,-5.9635987,-8.804092 
3,1576155072050,-21.018692,-5.824688,-9.177715 
3,1576155072069,-24.007677,-6.2797413,-9.115445 
3,1576155072089,-28.534264,-5.589976,-9.733359 
3,1576155072109,-30.282629,-4.263135,-10.96919 
3,1576155072127,-27.360704,-3.9805226,-10.820699 
3,1576155072150,-22.882017,-4.382886,-8.459209 
3,1576155072166,-19.030827,-4.517007,-6.2845316 
3,1576155072190,-15.907721,-4.1721244,-6.1935205 
3,1576155072206,-14.202466,-3.6164796,-7.0365677 
3,1576155072227,-13.258829,-3.271597,-7.726333 
3,1576155072245,-12.10922,-3.0368848,-7.812554 
3,1576155072270,-9.829161,-2.936294,-7.472461 
3,1576155072288,-7.932305,-2.7686427,-6.5192432 
3,1576155072309,-7.975415,-2.4716604,-5.0487013 
3,1576155072330,-7.606582,-2.0501368,-5.0918117 
3,1576155072351,-5.968389,-1.7004639,-6.212681 
3,1576155072370,-4.3541455,-1.4130616,-6.303692 
3,1576155072387,-2.8740237,-0.90052736,-4.061953 
3,1576155072409,-0.5987549,-0.100590825,-1.9208057 
3,1576155072430,1.4274317,1.3651612,-0.8813672 
3,1576155072445,2.2800586,3.151846,-0.1580713 
3,1576155072471,2.9985645,4.8331494,0.6179151 
3,1576155072493,4.766089,6.2701616,1.2981006 
3,1576155072512,6.346802,7.6017923,2.299219 
3,1576155072533,6.7491655,8.641231,3.3530276 
3,1576155072550,6.878496,9.69504,2.2608986 
3,1576155072570,6.706055,10.346485,0.37362307 
3,1576155072593,6.365962,10.542876,-0.52690434 
3,1576155072611,6.586304,10.303374,-0.977168 
3,1576155072630,6.8976564,9.81958,-1.1591895 
3,1576155072650,6.5240335,9.311836,-1.22625 
3,1576155072669,5.8103175,8.794512,-1.1927198 
3,1576155072691,5.1876125,8.109536,-0.9580079 
3,1576155072708,4.497847,7.3479204,-0.4742139 
3,1576155072729,3.9469924,6.466553,0.023950197 
3,1576155072749,3.5494192,5.489385,0.18681154 
3,1576155072774,2.9841945,4.4738965,0.1580713 
3,1576155072792,2.2561085,3.2524366,0.25387207 
3,1576155072811,1.1687696,1.7866846,0.51732427 
3,1576155072833,-0.15328126,0.364043,0.34967285 
3,1576155072851,-1.3747413,-0.847837,-0.6179151 
3,1576155072872,-2.6584718,-2.1363575,-2.0405567 
3,1576155072894,-4.0763235,-3.2332766,-3.8272414 
3,1576155072914,-5.5324955,-4.756509,-4.9145803 
3,1576155072935,-8.861572,-5.8677983,-4.502637 
3,1576155072955,-12.449312,-5.858218,-5.010381 
3,1576155072975,-12.530743,-5.9396486,-7.1611085 
3,1576155072999,-12.1379595,-7.0030375,-6.950347 
3,1576155073015,-14.394068,-7.7694435,-5.4462748 
3,1576155073035,-19.423609,-7.812554,-5.0343313 
3,1576155073061,-25.871002,-6.744375,-6.9024467 
3,1576155073075,-30.411959,-5.336104,-9.79084 
3,1576155073095,-32.165115,-4.267925,-10.585987 
3,1576155073121,-30.091026,-4.2343946,-9.287886 
3,1576155073133,-25.880583,-4.497847,-7.175479 
3,1576155073152,-21.262985,-4.622388,-6.0354495 
3,1576155073172,-17.426163,-4.550537,-5.8103175 
3,1576155073193,-15.495777,-4.148174,-5.7815776 
3,1576155073212,-14.283897,-3.8607717,-5.997129 
3,1576155073232,-13.110337,-3.7506008,-6.4426026 
3,1576155073254,-12.080479,-3.6021094,-6.600674 
3,1576155073274,-10.528506,-3.3673975,-6.4426026 
3,1576155073295,-9.091495,-3.1087356,-5.503755 
3,1576155073312,-7.683223,-2.8644435,-4.7804594 
3,1576155073333,-6.212681,-2.5530908,-4.737349 
3,1576155073356,-5.254673,-1.9351759,-4.378096 
3,1576155073375,-4.253555,-1.0538087,-3.9805226 
3,1576155073394,-2.7686427,-0.17244141,-3.3051271 
3,1576155073417,-1.1975098,0.8047266,-1.8250049 
3,1576155073438,0.46463382,2.069297,-0.6562354 
3,1576155073459,1.9878663,3.4775686,0.39278322 
3,1576155073478,3.1614258,4.7086086,1.5184424 
3,1576155073498,4.2918754,5.863008,1.6573536 
3,1576155073517,5.0582814,7.0078273,1.4465919 
3,1576155073538,5.8342676,8.076006,1.7579445 
3,1576155073553,7.1611085,8.732242,2.2513185 
3,1576155073575,8.267608,9.273516,2.687212 
3,1576155073598,8.741821,9.75731,2.668052 
3,1576155073616,8.746612,9.905801,2.0453467 
3,1576155073636,8.358619,9.905801,1.1975098 
3,1576155073657,7.7790236,9.484278,0.8095166 
3,1576155073675,6.964717,8.923843,0.5556446 
3,1576155073696,6.1552005,8.382568,0.2682422 
3,1576155073714,5.1684523,7.668853,0.09101075 
3,1576155073735,4.014053,6.998247,-0.043110352 
3,1576155073759,3.1278956,6.1647806,-0.45505372 
3,1576155073777,2.4860303,5.0774417,-0.6993457 
3,1576155073798,1.6286134,3.8751419,-0.4981641 
3,1576155073816,0.27303225,2.5866213,-0.3879932 
3,1576155073838,-1.0633887,1.4082716,-0.6514453 
3,1576155073857,-2.44771,0.21555176,-0.96758795 
3,1576155073877,-3.899092,-0.8095166,-1.710044 
3,1576155073900,-5.158872,-1.6477735,-2.7015822 
3,1576155073920,-5.910908,-2.6967921,-3.66438 
3,1576155073940,-7.2616997,-3.7170706,-3.7218604 
3,1576155073960,-9.829161,-4.517007,-3.2859669 
3,1576155073980,-12.521163,-4.248765,-3.8799317 
3,1576155074000,-13.292359,-4.119434,-6.207891 
3,1576155074020,-14.561719,-4.550537,-7.1706886 
3,1576155074041,-17.833317,-4.382886,-6.964717 
3,1576155074062,-21.052223,-3.8176613,-7.558682 
3,1576155074081,-23.820866,-3.0656252,-8.847202 
3,1576155074101,-24.692652,-2.6057813,-10.547667 
3,1576155074120,-24.55853,-2.5770411,-10.997931 
3,1576155074139,-23.945406,-2.3327491,-10.600357 
3,1576155074159,-21.75636,-2.208208,-10.327325 
3,1576155074177,-19.284698,-2.3566992,-9.340576 
3,1576155074197,-17.756676,-2.3519094,-7.9083548 
3,1576155074217,-16.410675,-2.2800586,-7.1132083 
3,1576155074237,-14.834752,-2.1650977,-7.0078273 
3,1576155074257,-13.110337,-2.0549269,-6.792276 
3,1576155074279,-11.03625,-1.949546,-6.365962 
3,1576155074296,-9.0148535,-1.6573536,-5.8821683 
3,1576155074321,-7.7215433,-1.22146,-5.015171 
3,1576155074339,-6.6677346,-0.71371585,-4.3014555 
3,1576155074361,-5.1971927,-0.25866213,-3.6931202 
3,1576155074380,-3.5733693,0.3161426,-2.5914114 
3,1576155074398,-1.8058448,1.0825489,-1.954336 
3,1576155074422,-0.5604346,1.9830762,-1.2645704 
3,1576155074442,0.43110353,2.8740237,-0.21076173 
3,1576155074463,1.9926564,3.755391,0.27303225 
3,1576155074483,4.0811133,4.6607084,0.5508545 
3,1576155074502,6.0210795,5.513335,1.1064991 
3,1576155074520,6.821016,6.7970657,1.9639161 
3,1576155074545,6.476133,8.248447,2.7063723 
3,1576155074561,6.303692,9.3309965,2.8644435 
3,1576155074581,6.471343,9.972861,2.3327491 
3,1576155074600,6.686895,10.202784,1.341211 
3,1576155074621,6.792276,10.212363,0.6658155 
3,1576155074641,6.318062,10.083033,0.119750984 
3,1576155074660,5.647456,9.651929,-0.17723145 
3,1576155074679,4.9481106,8.842413,-0.086220704 
3,1576155074699,4.2918754,7.8700347,0.047900394 
3,1576155074719,3.4967287,6.7970657,0.028740235 
3,1576155074740,2.7446926,5.613926,-0.05269043 
3,1576155074760,2.203418,4.3158255,-0.028740235 
3,1576155074782,1.2741505,2.9650342,-0.009580079 
3,1576155074804,0.047900394,1.695674,0.081430666 
3,1576155074824,-1.4082716,0.41194338,0.12933107 
3,1576155074842,-2.9602442,-0.6179151,-0.5029541 
3,1576155074862,-3.9134622,-1.4897022,-1.9974464 
3,1576155074881,-4.751719,-2.5051906,-3.1231055 
3,1576155074904,-6.5048733,-3.6212697,-3.2045362 
3,1576155074922,-9.369317,-4.5313773,-3.4679885 
3,1576155074945,-11.826607,-4.497847,-4.87626 
3,1576155074965,-13.019327,-4.176914,-7.443721 
3,1576155074985,-14.65752,-4.282295,-9.354947 
3,1576155075005,-17.507593,-4.387676,-9.589659 
3,1576155075025,-20.563639,-4.157754,-8.56938 
3,1576155075043,-23.11194,-3.908672,-8.53585 
3,1576155075064,-25.65066,-3.3817677,-9.877061 
3,1576155075083,-27.317595,-2.7686427,-11.084151 
3,1576155075106,-26.326056,-2.7734327,-10.423125 
3,1576155075125,-23.394552,-3.0704153,-8.243657 
3,1576155075144,-20.156485,-3.271597,-6.662945 
3,1576155075166,-17.296831,-3.3099172,-6.375542 
3,1576155075183,-15.8167095,-3.0081446,-6.495293 
3,1576155075202,-15.122154,-2.7255323,-6.4426026 
3,1576155075222,-13.824054,-2.5530908,-6.5719337 
3,1576155075243,-11.476934,-2.7015822,-6.9551373 
3,1576155075265,-9.580078,-2.2896388,-6.2701616 
3,1576155075283,-8.703502,-1.7531544,-4.91937 
3,1576155075306,-7.27128,-1.331631,-4.2104445 
3,1576155075323,-5.3121533,-0.8143067,-3.8703518 
3,1576155075348,-4.3206153,-0.06706055,-3.3482375 
3,1576155075368,-3.9134622,0.7711963,-2.7207422 
3,1576155075385,-3.1326857,1.4849122,-1.8920655 
3,1576155075405,-1.7675245,2.2608986,-1.1256592 
3,1576155075428,0.11496094,3.0991554,-0.8669971 
3,1576155075448,1.7675245,4.2200246,-0.4742139 
3,1576155075468,3.3338673,5.4319043,-0.07185059 
3,1576155075488,4.727769,6.6102543,0.5029541 
3,1576155075508,5.527705,7.798184,1.1496094 
3,1576155075528,6.09772,8.837623,1.3986914 
3,1576155075546,6.5719337,9.508228,1.4322218 
3,1576155075567,6.9934573,9.800421,1.3507911 
3,1576155075589,7.2616997,9.881851,1.2789404 
3,1576155075608,7.30481,9.656719,1.3555812 
3,1576155075626,6.935977,9.187295,1.4513819 
3,1576155075646,6.365962,8.54543,1.4609619 
3,1576155075667,5.6522465,7.774234,1.346001 
3,1576155075684,4.8666797,6.8689165,1.1160791 
3,1576155075705,3.923042,5.8198977,1.0729688 
3,1576155075726,2.9027638,4.761299,1.0681788 
3,1576155075745,1.949546,3.6021094,0.9388477 
3,1576155075765,0.6993457,2.3854396,0.76161623 
3,1576155075787,-0.8095166,1.2885206,0.3879932 
3,1576155075809,-2.3327491,0.24908204,-0.12454102 
3,1576155075828,-3.7170706,-0.71371585,-0.7089258 
3,1576155075848,-4.7708793,-1.585503,-1.7866846 
3,1576155075868,-5.647456,-2.5578809,-2.9602442 
3,1576155075890,-6.935977,-3.515889,-3.3386574 
3,1576155075908,-8.62207,-4.2008643,-3.4057178 
3,1576155075930,-10.044712,-4.976851,-4.272715 
3,1576155075951,-11.615846,-5.4989653,-5.9635987 
3,1576155075971,-13.848003,-5.484595,-7.8412943 
3,1576155075991,-16.932789,-5.465435,-8.684341 
3,1576155076011,-21.377945,-4.976851,-8.641231 
3,1576155076030,-24.37172,-4.176914,-10.193204 
3,1576155076052,-26.062603,-3.6212697,-12.10922 
3,1576155076071,-27.475666,-3.1183155,-12.23855 
3,1576155076091,-26.876911,-2.816543,-11.00272 
3,1576155076111,-23.317911,-3.046465,-9.69504 
3,1576155076131,-19.730171,-3.2236965,-8.238868 
3,1576155076148,-16.990269,-3.2524366,-7.055728 
3,1576155076170,-15.198794,-3.056045,-6.586304 
3,1576155076188,-13.967754,-2.6776319,-6.816226 
3,1576155076210,-12.779825,-2.44292,-7.247329 
3,1576155076228,-11.179952,-2.3998096,-7.1371584 
3,1576155076249,-9.522598,-2.1028273,-6.5623536 
3,1576155076269,-8.123906,-1.5136524,-5.609136 
3,1576155076288,-6.835386,-0.9580079,-4.5696974 
3,1576155076307,-5.5372853,-0.488584,-4.181704 
3,1576155076327,-4.679868,0.13891114,-4.488267 
3,1576155076351,-3.8847218,0.8047266,-4.6846585 
3,1576155076371,-2.9410841,1.3555812,-3.9757326 
3,1576155076390,-1.9782863,1.8729054,-2.2177882 
3,1576155076411,-1.1064991,2.4716604,-0.488584 
3,1576155076433,-0.05748047,3.295547,0.43589357 
3,1576155076453,1.0346485,4.3014555,1.092129 
3,1576155076473,1.9687061,5.398374,2.1459377 
3,1576155076492,3.4344583,6.5623536,2.7303224 
3,1576155076511,5.005591,7.8604546,2.8644435 
3,1576155076534,5.863008,8.928633,3.1853762 
3,1576155076553,6.452183,9.833951,2.9027638 
3,1576155076572,6.830596,10.188414,2.0549269 
3,1576155076594,6.964717,10.106983,1.2933106 
3,1576155076613,6.950347,9.814791,0.5939649 
3,1576155076631,6.696475,9.278306,-0.19639161 
3,1576155076659,6.2270513,8.693921,-0.8430469 
3,1576155076675,5.465435,7.9945755,-0.8286768 
3,1576155076690,4.6654983,7.1611085,-0.32093263 
3,1576155076717,3.7362306,6.183941,0.06706055 
3,1576155076730,2.663262,5.1732426,0.36883304 
3,1576155076750,1.4465919,4.167334,0.45505372 
3,1576155076777,0.081430666,3.1470559,0.28261232 
3,1576155076792,-1.3124708,2.198628,-0.028740235 
3,1576155076814,-2.7063723,1.3076807,-0.60354495 
3,1576155076833,-3.535049,0.30177248,-1.710044 
3,1576155076852,-4.6128078,-0.7568262,-2.3998096 
3,1576155076873,-7.1227884,-1.585503,-2.5291407 
3,1576155076895,-9.216036,-1.954336,-3.3578174 
3,1576155076915,-8.928633,-2.42376,-4.8666797 
3,1576155076936,-8.224498,-3.391348,-5.8198977 
3,1576155076956,-9.196876,-4.3445654,-5.9204884 
3,1576155076976,-11.591895,-4.90979,-5.695357 
3,1576155076996,-13.689932,-5.130132,-6.567144 
3,1576155077016,-15.581998,-5.2355127,-8.435259 
3,1576155077032,-18.513502,-4.9864306,-10.126143 
3,1576155077056,-22.201832,-4.397256,-11.132051 
3,1576155077076,-25.104595,-3.6404297,-11.539205 
3,1576155077095,-25.66024,-3.290757,-11.395503 
3,1576155077116,-24.247179,-3.2668068,-10.571617 
3,1576155077135,-21.555176,-3.4057178,-9.206455 
3,1576155077154,-18.729053,-3.4919386,-8.080796 
3,1576155077184,-16.233442,-3.6308498,-7.36708 
3,1576155077193,-14.394068,-3.5973196,-6.844966 
3,1576155077218,-13.330679,-3.2141163,-6.5384035 
3,1576155077232,-12.415782,-2.7542725,-6.006709 
3,1576155077252,-11.706856,-2.1650977,-5.484595 
3,1576155077274,-11.093731,-1.4705421,-5.4319043 
3,1576155077294,-10.413546,-0.8765772,-5.479805 
3,1576155077315,-8.899893,-0.6466553,-5.407954 
3,1576155077336,-7.079678,-0.5556446,-4.512217 
3,1576155077358,-5.9300685,-0.32572266,-2.8261232 
3,1576155077377,-4.8331494,-0.014370117,-1.7244141 
3,1576155077396,-3.8224514,0.4981641,-1.0777588 
3,1576155077418,-2.8548634,1.3603711,-1.2885206 
3,1576155077438,-2.318379,2.5099807,-1.7531544 
3,1576155077458,-2.4141798,3.66438,-1.4801221 
3,1576155077472,-1.9878663,4.6511283,-1.2070899 
3,1576155077498,-1.1208692,5.585186,-0.7568262 
3,1576155077519,-0.20118165,6.595884,-0.10538086 
3,1576155077539,1.0346485,7.510782,0.28740236 
3,1576155077558,2.8883936,8.229287,0.7664063 
3,1576155077576,4.84752,8.780142,1.1112891 
3,1576155077597,6.11688,9.110655,1.456172 
3,1576155077622,6.586304,9.1202345,2.1746778 
3,1576155077638,6.7970657,8.823253,3.1997461 
3,1576155077658,7.031778,8.358619,3.8128712 
3,1576155077684,6.821016,7.774234,3.8751419 
3,1576155077697,6.1791506,7.194639,3.4584084 
3,1576155077717,5.3121533,6.6246243,2.4093897 
3,1576155077735,4.4643164,5.863008,1.3507911 
3,1576155077755,3.2093263,5.000801,0.8430469 
3,1576155077775,1.4465919,4.167334,0.79993653 
3,1576155077799,-0.28740236,3.2859669,0.60833496 
3,1576155077819,-1.2502003,2.4812403,-0.023950197 
3,1576155077837,-1.839375,1.6813037,-0.9148975 
3,1576155077858,-2.6201515,0.728086,-1.575923 
3,1576155077878,-3.8224514,-0.22513184,-1.7244141 
3,1576155077902,-4.8906302,-1.2885206,-2.069297 
3,1576155077921,-5.9061184,-2.5818312,-2.9410841 
3,1576155077942,-7.4101906,-3.4919386,-4.0667434 
3,1576155077961,-8.962164,-4.0427933,-5.096602 
3,1576155077981,-9.172925,-4.8379397,-5.958809 
3,1576155078001,-9.441168,-6.2893214,-5.910908 
3,1576155078022,-11.855348,-7.3479204,-5.4606447 
3,1576155078042,-15.9652,-7.606582,-6.476133 
3,1576155078062,-21.97191,-6.9311867,-9.139395 
3,1576155078080,-27.748697,-5.4462748,-12.626543 
3,1576155078102,-29.583282,-4.368516,-14.394068 
3,1576155078121,-28.318712,-4.382886,-12.085269 
3,1576155078140,-26.158405,-4.703819,-8.583751 
3,1576155078162,-23.016138,-4.679868,-7.6449027 
3,1576155078179,-19.902613,-4.382886,-8.258028 
3,1576155078198,-17.589024,-4.033213,-8.320298 
3,1576155078219,-15.783179,-3.8176613,-7.8844047 
3,1576155078238,-13.953384,-3.66438,-7.4820414 
3,1576155078258,-11.802657,-3.6883302,-6.744375 
3,1576155078278,-10.523716,-3.180586,-5.6666164 
3,1576155078302,-9.857901,-2.4860303,-5.829478 
3,1576155078322,-9.608819,-1.9208057,-6.715635 
3,1576155078342,-8.224498,-1.9399658,-7.2329593 
3,1576155078361,-7.1084185,-1.8729054,-6.5000834 
3,1576155078382,-5.6714063,-1.829795,-5.388794 
3,1576155078400,-3.67875,-1.3891114,-4.119434 
3,1576155078422,-2.078877,-0.49337405,-2.6536818 
3,1576155078443,-0.7232959,0.76161623,-1.6477735 
3,1576155078463,0.9484278,2.4189699,-1.0442286 
3,1576155078482,3.051255,3.8655617,0.14370118 
3,1576155078503,4.7948294,5.2594633,2.078877 
3,1576155078521,6.13604,6.552774,3.8464015 
3,1576155078544,7.424561,7.688013,4.2343946 
3,1576155078562,8.353828,8.62207,3.63564 
3,1576155078582,8.253238,9.182506,3.046465 
3,1576155078605,7.060518,9.460327,2.687212 
3,1576155078623,6.5288234,9.513018,1.6046631 
3,1576155078643,6.471343,9.2256155,0.6562354 
3,1576155078663,6.241421,8.808882,0.28261232 
3,1576155078687,5.839058,8.349038,0.019160157 
3,1576155078702,5.134922,7.774234,0.119750984 
3,1576155078722,4.2152348,7.079678,0.5939649 
3,1576155078740,3.4344583,6.3132715,0.9053174 
3,1576155078760,2.7830129,5.4462748,0.9532178 
3,1576155078780,2.088457,4.392466,0.9244776 
3,1576155078801,1.1687696,3.290757,0.732876 
3,1576155078824,0.33530274,2.2177882,0.35925296 
3,1576155078845,-0.364043,0.98195803,0.244292 
3,1576155078863,-1.4082716,-0.34488282,0.19160157 
3,1576155078884,-2.6009912,-1.5615528,-1.0298585 
3,1576155078906,-3.899092,-2.6441016,-3.3817677 
3,1576155078926,-6.3084817,-3.415298,-4.670288 
3,1576155078947,-8.813672,-3.9805226,-4.9385304 
3,1576155078966,-9.800421,-4.608018,-5.728887 
3,1576155078986,-10.950029,-4.976851,-7.074888 
3,1576155079006,-12.525952,-5.4271145,-8.4304695 
3,1576155079025,-15.366446,-5.977969,-9.220825 
3,1576155079046,-19.773283,-5.7959476,-10.001602 
3,1576155079066,-24.007677,-5.000801,-11.515254 
3,1576155079087,-27.509195,-3.9278321,-13.258829 
3,1576155079107,-28.922256,-3.056045,-13.364209 
3,1576155079126,-27.533146,-2.9410841,-11.678116 
3,1576155079144,-24.261549,-3.2093263,-9.69504 
3,1576155079167,-20.84625,-3.3721876,-8.617281 
3,1576155079193,-18.34585,-3.439248,-7.8556643 
3,1576155079202,-16.808249,-3.535049,-7.5203614 
3,1576155079228,-16.00831,-3.558999,-7.726333 
3,1576155079243,-15.055094,-3.7218604,-8.195757 
3,1576155079262,-13.306729,-3.8416114,-8.674761 
3,1576155079283,-10.461446,-3.9901028,-8.368198 
3,1576155079307,-8.056846,-3.8895118,-6.806646 
3,1576155079325,-6.0402393,-3.4823585,-5.015171 
3,1576155079346,-4.133804,-2.6967921,-4.095484 
3,1576155079368,-2.672842,-1.5711329,-3.544629 
3,1576155079387,-0.7424561,-0.46942386,-3.5973196 
3,1576155079405,1.2981006,0.6179151,-2.9794044 
3,1576155079428,2.3950195,1.8968556,-1.0633887 
3,1576155079449,2.9458742,3.4775686,0.91010743 
3,1576155079469,4.071533,5.029541,1.4513819 
3,1576155079489,5.604346,6.361172,1.3747413 
3,1576155079509,6.461763,7.534732,1.8968556 
3,1576155079529,6.6294146,8.401729,2.7303224 
3,1576155079549,6.998247,8.875943,2.9027638 
3,1576155079569,7.7646537,9.144185,2.6297317 
3,1576155079589,7.932305,9.402847,2.4716604 
3,1576155079609,7.486831,9.263936,2.4525 
3,1576155079628,7.2281694,8.971744,2.3662794 
3,1576155079646,6.912027,8.4304695,2.1219873 
3,1576155079671,6.236631,7.831714,1.7866846 
3,1576155079685,5.388794,7.194639,1.465752 
3,1576155079710,4.497847,6.471343,1.101709 
3,1576155079725,3.8272414,5.6809864,0.5987549 
3,1576155079746,3.0081446,4.737349,0.047900394 
3,1576155079766,1.9830762,3.7266505,-0.26345217 
3,1576155079790,0.8669971,2.5004005,-0.23471193 
3,1576155079810,-0.24908204,1.3076807,-0.40715334 
3,1576155079828,-1.2741505,0.1341211,-1.1112891 
3,1576155079847,-2.1124072,-1.2645704,-2.3566992 
3,1576155079870,-2.907554,-3.1997461,-3.3530276 
3,1576155079887,-5.3073635,-4.8139896,-3.4536183 
3,1576155079913,-8.655601,-5.350474,-3.5110989 
3,1576155079931,-10.547667,-5.000801,-4.9576907 
3,1576155079951,-9.901011,-5.752837,-7.1132083 
3,1576155079973,-10.236314,-6.840176,-8.181387 
3,1576155079992,-12.923526,-7.0126176,-7.9562554 
3,1576155080012,-15.984361,-6.998247,-7.917935 
3,1576155080032,-19.754122,-6.9311867,-9.034014 
3,1576155080052,-24.24239,-5.9300685,-11.146421 
3,1576155080070,-26.958342,-5.010381,-12.147539 
3,1576155080091,-27.269693,-4.7229786,-11.304493 
3,1576155080112,-25.57402,-4.766089,-9.78605 
3,1576155080130,-22.656885,-4.751719,-8.411309 
3,1576155080148,-19.366129,-4.6942387,-7.32876 
3,1576155080170,-16.961529,-4.636758,-6.452183 
3,1576155080191,-16.266973,-4.2296047,-6.452183 
3,1576155080208,-15.974781,-3.7506008,-7.247329 
3,1576155080230,-14.6671,-3.68354,-7.807764 
3,1576155080249,-13.42648,-3.5110989,-7.4916215 
3,1576155080269,-11.869718,-3.2428565,-6.8689165 
3,1576155080290,-9.608819,-3.0129347,-6.4186525 
3,1576155080317,-8.080796,-2.6488917,-5.604346 
3,1576155080332,-7.0030375,-2.323169,-4.9433208 
3,1576155080350,-5.6666164,-1.9064356,-4.7469287 
3,1576155080379,-4.009263,-1.3172607,-4.7229786 
3,1576155080391,-2.6584718,-0.48379397,-4.0427933 
3,1576155080410,-1.6046631,0.48379397,-2.7063723 
3,1576155080440,-0.32093263,1.6860938,-1.5376027 
3,1576155080453,1.0106983,3.0943654,-0.4263135 
3,1576155080472,2.1411476,4.631968,0.57001466 
3,1576155080495,3.1183155,6.11688,1.0777588 
3,1576155080510,3.8799317,7.5059915,1.0346485 
3,1576155080535,4.550537,8.636441,0.8430469 
3,1576155080553,5.1540823,9.551338,0.7711963 
3,1576155080572,5.7767873,10.015972,0.6993457 
3,1576155080594,6.5719337,10.063872,0.8095166 
3,1576155080612,6.9934573,9.996812,1.0825489 
3,1576155080633,6.8593364,9.77168,1.0873389 
3,1576155080651,6.351592,9.4507475,1.0154883 
3,1576155080673,5.992339,8.971744,1.0346485 
3,1576155080697,5.6618266,8.406519,1.0250684 
3,1576155080710,5.2355127,7.697593,1.1831397 
3,1576155080732,4.8571,6.792276,1.4274317 
3,1576155080750,4.4499464,5.7815776,1.4226416 
3,1576155080771,3.7458107,4.7804594,1.1783496 
3,1576155080792,2.9027638,3.6979103,0.8095166 
3,1576155080816,2.0118165,2.3327491,0.2778223 
3,1576155080833,0.74724615,0.8861573,-0.39757326 
3,1576155080852,-0.89573735,-0.5508545,-1.101709 
3,1576155080873,-2.5291407,-1.8489552,-1.7244141 
3,1576155080895,-4.4834766,-3.1614258,-2.4189699 
3,1576155080915,-6.816226,-3.9517825,-3.1566358 
3,1576155080936,-8.066426,-4.3349857,-4.526587 
3,1576155080956,-7.831714,-4.8091993,-6.1791506 
3,1576155080976,-8.109536,-6.1887307,-6.356382 
3,1576155080997,-10.720108,-7.573052,-5.1828227 
3,1576155081017,-14.65273,-7.472461,-6.375542 
3,1576155081037,-16.899258,-6.706055,-9.125025 
3,1576155081057,-19.437979,-6.2749515,-10.657837 
3,1576155081077,-23.672375,-5.973179,-10.9069195 
3,1576155081097,-28.917467,-4.8283596,-11.232642 
3,1576155081117,-29.779675,-3.9805226,-12.784615 
3,1576155081135,-27.255323,-4.018843,-12.10922 
3,1576155081155,-24.606432,-4.167334,-8.847202 
3,1576155081177,-20.74087,-4.3062453,-7.36708 
3,1576155081195,-17.387842,-4.1050634,-7.209009 
3,1576155081213,-15.476617,-3.9517825,-6.964717 
3,1576155081237,-14.676681,-3.7697608,-6.6294146 
3,1576155081253,-13.943805,-3.544629,-7.0174074 
3,1576155081273,-12.741505,-3.415298,-7.31439 
3,1576155081294,-10.859019,-3.1422658,-7.2808595 
3,1576155081316,-9.187295,-2.7255323,-6.7539554 
3,1576155081341,-7.975415,-2.4141798,-5.5372853 
3,1576155081354,-6.1599903,-2.2800586,-4.4738965 
3,1576155081375,-4.3493557,-1.6094532,-4.176914 
3,1576155081398,-3.4871485,-0.4742139,-4.3254056 
3,1576155081414,-3.2524366,0.49337405,-3.784131 
3,1576155081439,-2.318379,1.2454102,-2.8788135 
3,1576155081459,-1.0681788,1.9639161,-2.1650977 
3,1576155081479,-0.019160157,2.787803,-1.092129 
3,1576155081500,0.78556645,3.8703518,-0.05748047 
3,1576155081518,1.7723145,4.756509,0.76161623 
3,1576155081537,2.672842,5.5420756,1.6190332 
3,1576155081557,3.7601807,6.567144,2.088457 
3,1576155081577,5.719307,7.3958206,1.9447559 
3,1576155081599,7.1419487,8.119117,2.5243506 
3,1576155081620,8.104747,8.770562,3.1374757 
3,1576155081638,8.794512,9.129815,3.290757 
3,1576155081657,9.244776,9.249566,3.7170706 
3,1576155081681,9.383687,8.995694,4.3637257 
3,1576155081698,8.952583,8.53106,4.84752 
3,1576155081716,8.056846,8.032896,4.478687 
3,1576155081736,6.964717,7.443721,3.2620168 
3,1576155081756,5.8103175,6.816226,1.9639161 
3,1576155081777,4.617598,6.08814,1.0585986 
3,1576155081797,3.439248,5.1540823,0.6179151 
3,1576155081819,2.1459377,4.2248144,0.49337405 
3,1576155081838,0.9915381,3.2428565,0.244292 
3,1576155081858,0.047900394,2.1028273,-0.009580079 
3,1576155081879,-0.75203615,0.9244776,-0.5029541 
3,1576155081901,-1.9208057,-0.100590825,-1.3747413 
3,1576155081922,-2.8452833,-1.0777588,-2.2800586 
3,1576155081941,-3.6979103,-2.4572902,-2.3806496 
3,1576155081962,-5.8438478,-3.66438,-1.9974464 
3,1576155081982,-8.349038,-4.2439747,-3.276387 
3,1576155081999,-8.224498,-4.617598,-6.3228517 
3,1576155082022,-7.3096,-5.7815776,-8.143066 
3,1576155082042,-10.178833,-7.175479,-6.9551373 
3,1576155082062,-15.352076,-7.1706886,-5.0199614 
3,1576155082083,-19.701431,-6.06419,-5.7959476 
3,1576155082102,-21.80905,-5.518125,-8.54064 
3,1576155082121,-24.965685,-5.3025737,-9.244776 
3,1576155082140,-27.518776,-4.8523097,-9.867481 
3,1576155082162,-28.471992,-4.4499464,-10.312955 
3,1576155082179,-28.02652,-4.138594,-9.220825 
3,1576155082202,-24.654331,-4.277505,-8.004155 
3,1576155082219,-20.621119,-4.4595265,-6.9886675 
3,1576155082239,-17.421373,-4.272715,-6.13604 
3,1576155082259,-15.102994,-3.8895118,-6.0833497 
3,1576155082279,-13.522281,-3.5063088,-6.0210795 
3,1576155082301,-12.434942,-3.1949563,-5.3217335 
3,1576155082322,-10.815908,-3.0752053,-5.1157618 
3,1576155082341,-9.273516,-2.6105714,-5.2738333 
3,1576155082363,-8.933423,-1.9926564,-4.775669 
3,1576155082383,-8.741821,-1.5950831,-3.8128712 
3,1576155082400,-7.117998,-1.3268409,-3.4727786 
3,1576155082419,-5.3552637,-0.7376661,-3.7985013 
3,1576155082439,-4.4834766,0.11496094,-3.9613624 
3,1576155082464,-4.608018,0.96758795,-3.300337 
3,1576155082485,-4.248765,1.7675245,-2.5339308 
3,1576155082499,-2.6776319,2.5291407,-2.1507277 
3,1576155082524,-1.0538087,3.3817677,-1.5328126 
3,1576155082544,0.05748047,4.248765,-0.3879932 
3,1576155082562,0.79035646,5.3121533,0.45505372 
3,1576155082585,1.8968556,6.485713,0.4263135 
3,1576155082605,2.8836036,7.438931,0.5125342 
3,1576155082625,3.9661524,8.440049,0.57001466 
3,1576155082643,5.8821683,9.148975,0.7232959 
3,1576155082661,7.9849954,9.685459,1.1879297 
3,1576155082686,9.201666,9.992022,2.198628 
3,1576155082701,9.72857,9.843531,3.1949563 
3,1576155082721,9.350157,9.527389,3.4296682 
3,1576155082742,8.162227,9.101074,2.7063723 
3,1576155082760,7.0413575,8.52148,1.5807129 
3,1576155082782,6.2941117,7.7454934,0.8095166 
3,1576155082801,5.5803957,6.7731156,0.63707525 
3,1576155082822,4.8283596,5.609136,0.7232959 
3,1576155082843,4.0859036,4.392466,0.6466553 
3,1576155082864,3.3338673,3.1374757,0.31135255 
3,1576155082885,2.3327491,1.6381935,0.038320314 
3,1576155082907,0.5843848,0.023950197,0.34009278 
3,1576155082926,-1.5567628,-1.3555812,0.63707525 
3,1576155082947,-2.806963,-2.5339308,-0.6514453 
3,1576155082967,-3.4488282,-3.6739602,-2.8452833 
3,1576155082987,-4.775669,-5.1732426,-3.923042 
3,1576155083007,-7.6305327,-6.1791506,-3.9757326 
3,1576155083027,-10.116563,-6.342012,-5.4414845 
3,1576155083046,-10.854229,-6.557564,-8.195757 
3,1576155083068,-11.644586,-7.2760696,-9.062755 
3,1576155083088,-14.925762,-7.549102,-8.181387 
3,1576155083108,-19.749332,-7.3000197,-8.387359 
3,1576155083127,-24.740553,-6.7300053,-10.98835 
3,1576155083145,-30.282629,-5.4175344,-13.622871 
3,1576155083167,-32.13637,-4.4499464,-14.743741 
3,1576155083188,-29.645554,-4.670288,-13.105548 
3,1576155083210,-25.837471,-4.8044095,-9.977652 
3,1576155083224,-21.325254,-4.9289503,-8.396939 
3,1576155083246,-17.416582,-4.7469287,-7.822134 
3,1576155083264,-15.361656,-4.3637257,-7.2616997 
3,1576155083284,-14.418018,-3.9326222,-7.391031 
3,1576155083304,-12.794195,-3.7410207,-7.831714 
3,1576155083326,-11.088941,-3.4584084,-7.3718705 
3,1576155083348,-9.364527,-3.0704153,-6.744375 
3,1576155083366,-7.3622904,-2.543511,-6.452183 
3,1576155083389,-5.9156985,-1.9351759,-5.7911572 
3,1576155083407,-5.3313136,-1.2981006,-4.526587 
3,1576155083429,-4.497847,-0.5987549,-3.6164796 
3,1576155083449,-2.6009912,0.16765137,-3.65959 
3,1576155083469,-1.8585353,1.0106983,-2.8452833 
3,1576155083490,-1.3603711,2.0549269,-2.2561085 
3,1576155083510,-0.5843848,2.9219239,-1.9591261 
3,1576155083530,0.5843848,3.5781593,-1.21188 
3,1576155083549,2.3854396,4.402046,-0.57959473 
3,1576155083568,4.095484,5.374424,0.28261232 
3,1576155083590,5.1061816,6.821016,1.0825489 
3,1576155083608,6.4090724,8.167017,0.9532178 
3,1576155083630,8.195757,9.268726,0.5364844 
3,1576155083648,9.651929,10.212363,0.71371585 
3,1576155083669,10.4566555,10.475816,1.8345851 
3,1576155083694,10.581197,10.169253,2.7973828 
3,1576155083719,9.905801,9.6758795,2.8500733 
3,1576155083725,9.091495,8.885523,2.2273684 
3,1576155083745,8.157437,7.8508744,1.4753321 
3,1576155083764,6.8928666,6.7300053,1.1160791 
3,1576155083786,5.886958,5.360054,1.1496094 
3,1576155083806,5.0487013,3.9374123,1.1400293 
3,1576155083827,3.9517825,2.543511,1.1160791 
3,1576155083849,2.3710694,1.0346485,1.0106983 
3,1576155083869,0.4981641,-0.23471193,0.7424561 
3,1576155083891,-1.0729688,-1.3555812,0.12933107 
3,1576155083909,-2.4333398,-2.3519094,-0.81909674 
3,1576155083931,-3.66438,-3.4009278,-1.9399658 
3,1576155083948,-5.024751,-4.636758,-2.4860303 
3,1576155083976,-7.9610453,-5.360054,-2.2800586 
3,1576155083991,-10.772799,-5.3217335,-3.68354 
3,1576155084012,-10.633887,-5.6426663,-6.7491655 
3,1576155084038,-10.887759,-6.2845316,-7.783814 
3,1576155084052,-13.335469,-6.701265,-6.9934573 
3,1576155084072,-17.17229,-6.6437845,-6.543194 
3,1576155084098,-21.459375,-6.2510014,-8.104747 
3,1576155084111,-25.957222,-5.709727,-10.279425 
3,1576155084131,-28.912678,-4.9002104,-11.999048 
3,1576155084151,-29.34378,-4.3541455,-12.324771 
3,1576155084170,-29.473112,-3.9613624,-9.445957 
3,1576155084202,-25.851841,-4.406836,-7.4772515 
3,1576155084209,-21.186344,-4.8283596,-6.7731156 
3,1576155084229,-18.130299,-4.8187795,-5.829478 
3,1576155084248,-16.583117,-4.727769,-5.374424 
3,1576155084269,-15.481407,-4.636758,-5.982759 
3,1576155084288,-14.408438,-4.6942387,-5.9013286 
3,1576155084311,-13.148658,-4.631968,-5.6282964 
3,1576155084333,-11.524835,-4.406836,-5.958809 
3,1576155084354,-10.332115,-3.9805226,-5.4127445 
3,1576155084372,-8.669971,-3.8176613,-4.9145803 
3,1576155084393,-6.940767,-3.4823585,-5.1397123 
3,1576155084412,-4.4834766,-2.9219239,-6.0019193 
3,1576155084431,-1.8681153,-2.2608986,-5.839058 
3,1576155084454,-0.33530274,-1.1831397,-4.5553274 
3,1576155084475,1.3747413,0.086220704,-3.7985013 
3,1576155084495,3.923042,1.5280225,-3.3434474 
3,1576155084515,6.480923,3.046465,-2.0213966 
3,1576155084535,7.060518,4.521797,0.21076173 
3,1576155084553,7.3862405,6.236631,0.90052736 
3,1576155084573,9.034014,7.927515,0.488584 
3,1576155084595,10.475816,9.0004835,1.096919 
3,1576155084615,11.266172,9.287886,2.8883936 
3,1576155084636,11.773916,9.651929,3.5015187 
3,1576155084653,11.898458,9.623189,2.6249416 
3,1576155084673,11.218272,9.134604,1.5423926 
3,1576155084694,10.5764065,8.57417,0.46942386 
3,1576155084711,9.920172,7.846084,-0.06227051 
3,1576155084731,8.919053,6.9311867,0.033530276 
3,1576155084751,7.917935,5.8055277,0.2778223 
3,1576155084771,6.5192432,4.5649076,0.6658155 
3,1576155084792,5.1971927,3.2572267,0.9484278 
3,1576155084814,4.5409575,1.7914747,0.6466553 
3,1576155084833,3.9853127,0.19160157,-0.12933107 
3,1576155084852,2.6249416,-1.7435743,-0.60833496 
3,1576155084875,0.28261232,-3.5637891,-0.7089258 
3,1576155084893,-2.2273684,-5.134922,-0.9867481 
3,1576155084917,-4.263135,-6.1791506,-2.2129982 
3,1576155084935,-5.589976,-7.055728,-4.727769 
3,1576155084958,-8.420889,-8.143066,-6.6581545 
3,1576155084978,-15.8694,-7.592212,-6.212681 
3,1576155084998,-19.52899,-5.6426663,-7.568262 
3,1576155085018,-15.9652,-6.3228517,-10.720108 
3,1576155085038,-16.707657,-7.165899,-9.536968 
3,1576155085057,-21.727617,-6.983877,-6.835386 
3,1576155085076,-24.548952,-6.471343,-8.626861 
3,1576155085098,-27.925928,-5.5324955,-11.156001 
3,1576155085117,-30.627512,-5.1157618,-10.7871685 
3,1576155085136,-29.243189,-5.3169436,-9.441168 
3,1576155085158,-24.525002,-5.8007374,-7.975415 
3,1576155085176,-20.190016,-5.9013286,-6.1887307 
3,1576155085202,-18.044079,-5.3552637,-4.8427296 
3,1576155085214,-16.396305,-4.8906302,-5.1780324 
3,1576155085233,-14.465919,-4.5553274,-6.5000834 
3,1576155085254,-12.564273,-4.3493557,-6.926397 
3,1576155085274,-10.782378,-4.0044727,-6.5096636 
3,1576155085294,-8.861572,-3.7266505,-5.8677983 
3,1576155085316,-7.3575,-3.3338673,-4.6128078 
3,1576155085338,-5.2834134,-2.8883936,-4.2152348 
3,1576155085358,-3.4775686,-2.083667,-4.287085 
3,1576155085379,-2.6345215,-0.9963282,-3.8320315 
3,1576155085397,-1.4082716,-0.05269043,-3.2811768 
3,1576155085416,0.6706055,0.5891748,-2.4093897 
3,1576155085439,2.682422,1.6717237,-0.79035646 
3,1576155085458,4.6894484,3.1278956,0.44547364 
3,1576155085479,6.543194,5.005591,0.6466553 
3,1576155085500,7.6353226,7.084468,0.43110353 
3,1576155085520,8.813672,8.454419,0.91010743 
3,1576155085540,10.825489,8.971744,1.8681153 
3,1576155085559,12.995377,9.1202345,2.8261232 
3,1576155085577,14.207256,8.995694,2.9458742 
3,1576155085602,13.737833,8.717872,2.4716604 
3,1576155085621,12.329561,8.401729,1.3028907 
3,1576155085640,10.868599,7.8556643,0.41194338 
3,1576155085659,9.321417,7.1371584,0.6562354 
3,1576155085677,8.1143265,6.255791,1.1304493 
3,1576155085700,7.084468,5.2834134,1.0729688 
3,1576155085720,5.9061184,4.3158255,1.0490186 
3,1576155085740,4.8523097,3.1231055,1.0825489 
3,1576155085759,3.784131,1.8489552,1.1448194 
3,1576155085776,2.3854396,0.5843848,0.89573735 
3,1576155085798,1.101709,-0.64186525,0.12933107 
3,1576155085817,0.014370117,-1.7723145,-0.81909674 
3,1576155085839,-1.4178516,-2.9410841,-2.064507 
3,1576155085859,-3.1949563,-4.253555,-3.5542092 
3,1576155085882,-5.872588,-5.388794,-4.143384 
3,1576155085903,-9.431587,-5.949229,-4.148174 
3,1576155085922,-12.650494,-6.016289,-5.0630717 
3,1576155085942,-13.814473,-6.0593996,-6.792276 
3,1576155085962,-12.813355,-7.180269,-8.147857 
3,1576155085978,-14.283897,-8.210127,-7.1323686 
3,1576155086003,-18.024918,-8.4304695,-5.839058 
3,1576155086023,-21.670137,-8.138277,-6.959927 
3,1576155086043,-25.45427,-7.3958206,-9.206455 
3,1576155086063,-29.25277,-6.4138627,-9.829161 
3,1576155086083,-30.617931,-5.719307,-8.986114 
3,1576155086103,-28.366613,-5.407954,-7.999366 
3,1576155086122,-24.098688,-5.1971927,-7.2808595 
3,1576155086141,-19.945723,-5.130132,-6.706055 
3,1576155086163,-17.411793,-4.9145803,-6.006709 
3,1576155086182,-15.984361,-4.670288,-5.8198977 
3,1576155086203,-14.6192,-4.4355764,-6.543194 
3,1576155086220,-13.033697,-4.397256,-7.31439 
3,1576155086239,-11.730806,-4.2008643,-7.204219 
3,1576155086263,-10.547667,-3.9134622,-6.2270513 
3,1576155086279,-9.259146,-3.7074904,-5.1780324 
3,1576155086300,-8.181387,-3.5685792,-4.4212065 
3,1576155086321,-6.6916847,-3.0943654,-4.7229786 
3,1576155086343,-4.416416,-2.4764502,-5.633086 
3,1576155086368,-2.9219239,-1.6765138,-4.9337406 
3,1576155086381,-2.0118165,-0.8334668,-3.0799952 
3,1576155086404,-0.3544629,-0.028740235,-1.0490186 
3,1576155086421,2.2321582,0.9532178,-0.46942386 
3,1576155086444,4.6271777,2.5004005,-1.3603711 
3,1576155086462,6.3132715,4.2104445,-1.0873389 
3,1576155086481,8.190968,5.709727,0.364043 
3,1576155086505,10.413546,6.9551373,1.695674 
3,1576155086525,12.626543,7.879615,2.4956105 
3,1576155086545,13.761783,8.794512,2.6441016 
3,1576155086563,13.383369,9.493857,2.3614893 
3,1576155086586,12.334352,9.690249,1.5998731 
3,1576155086606,11.060201,9.393267,1.0011182 
3,1576155086626,9.929751,8.976534,0.71371585 
3,1576155086645,9.067544,8.655601,0.16765137 
3,1576155086664,8.080796,8.214917,0.019160157 
3,1576155086684,7.065308,7.582632,0.3305127 
3,1576155086706,6.4090724,6.782696,0.5508545 
3,1576155086732,5.8965383,5.829478,0.57959473 
3,1576155086742,5.3073635,4.6846585,0.728086 
3,1576155086767,4.7086086,3.3242872,0.7424561 
3,1576155086781,4.071533,1.8633252,0.29698244 
3,1576155086802,3.1901662,0.27303225,-0.63707525 
3,1576155086823,1.7914747,-1.3699512,-1.456172 
3,1576155086845,-0.05269043,-3.2284865,-1.6381935 
3,1576155086865,-1.5998731,-4.82357,-2.0357666 
3,1576155086883,-3.8559816,-6.4090724,-2.6009912 
3,1576155086907,-7.194639,-7.103628,-3.544629 
3,1576155086925,-9.254355,-7.060518,-6.2797413 
3,1576155086946,-10.116563,-7.4820414,-8.760982 
3,1576155086966,-12.593013,-8.004155,-8.698711 
3,1576155086985,-17.086071,-8.032896,-6.7683253 
3,1576155087008,-20.156485,-7.194639,-6.332432 
3,1576155087028,-21.818628,-6.595884,-8.679551 
3,1576155087048,-25.487799,-6.11688,-8.818462 
3,1576155087069,-29.626392,-5.613926,-7.774234 
3,1576155087088,-31.528038,-4.9241605,-8.856783 
3,1576155087108,-30.177248,-4.536167,-9.992022 
3,1576155087128,-26.488916,-4.5696974,-8.732242 
3,1576155087145,-22.06771,-4.8044095,-6.835386 
3,1576155087169,-18.1782,-5.0822315,-5.8103175 
3,1576155087188,-16.492105,-5.010381,-5.5372853 
3,1576155087208,-15.639479,-4.8571,-6.12646 
3,1576155087230,-13.646822,-4.641548,-7.6017923 
3,1576155087244,-11.376344,-4.6128078,-8.128696 
3,1576155087267,-9.532178,-4.5744877,-7.0221977 
3,1576155087285,-8.095166,-4.4595265,-5.484595 
3,1576155087305,-6.5288234,-4.296665,-4.4595265 
3,1576155087326,-4.8331494,-3.6452198,-4.5601172 
3,1576155087348,-3.1614258,-2.687212,-4.87626 
3,1576155087368,-1.705254,-1.5184424,-4.88584 
3,1576155087387,-0.6562354,-0.23471193,-4.1721244 
3,1576155087409,0.34488282,0.90052736,-2.8596535 
3,1576155087426,1.9830762,2.1650977,-1.2741505 
3,1576155087448,3.9853127,3.5494192,-0.33530274 
3,1576155087468,5.743257,5.134922,-0.24908204 
3,1576155087490,7.2329593,6.6677346,-0.18681154 
3,1576155087511,8.957374,7.812554,-0.06227051 
3,1576155087526,10.590776,8.669971,-0.11496094 
3,1576155087549,11.817027,9.369317,-0.1820215 
3,1576155087568,12.851675,9.77168,0.023950197 
3,1576155087591,13.886324,9.8866415,0.3305127 
3,1576155087611,14.178516,9.685459,0.48379397 
3,1576155087636,12.995377,9.311836,0.34967285 
3,1576155087650,11.242222,9.0004835,0.2203418 
3,1576155087669,9.948912,8.50711,0.22992188 
3,1576155087696,8.842413,7.7550735,0.43589357 
3,1576155087712,7.673643,6.940767,0.7951465 
3,1576155087734,6.543194,6.0354495,1.0298585 
3,1576155087753,5.5372853,5.005591,1.1064991 
3,1576155087771,4.8331494,3.8799317,0.63707525 
3,1576155087787,4.2104445,2.6297317,-0.09580079 
3,1576155087814,3.4679885,1.1591895,-0.45505372 
3,1576155087826,2.4956105,-0.5891748,-0.6993457 
3,1576155087849,1.4274317,-2.6057813,-1.336421 
3,1576155087869,-0.3305127,-4.8571,-1.9926564 
3,1576155087888,-3.515889,-6.792276,-2.179468 
3,1576155087910,-8.138277,-7.1227884,-2.6297317 
3,1576155087932,-10.672208,-6.7731156,-4.5553274 
3,1576155087953,-10.585987,-7.060518,-7.391031 
3,1576155087973,-11.414663,-7.5203614,-7.33355 
3,1576155087993,-13.632452,-8.334668,-5.0726514 
3,1576155088013,-17.895586,-8.631651,-4.4212065 
3,1576155088033,-23.260431,-7.185059,-6.207891 
3,1576155088053,-26.009912,-5.738467,-9.302257 
3,1576155088073,-29.338991,-5.3121533,-8.861572 
3,1576155088093,-32.96505,-4.8044095,-6.1456203 
3,1576155088113,-31.643,-4.493057,-6.5000834 
3,1576155088132,-27.95467,-4.263135,-7.448511 
3,1576155088152,-24.069948,-4.4212065,-6.821016 
3,1576155088173,-20.62591,-4.598438,-5.7480474 
3,1576155088192,-18.13988,-4.5649076,-5.245093 
3,1576155088214,-15.6059475,-4.5074267,-5.7959476 
3,1576155088230,-12.693604,-4.751719,-6.361172 
3,1576155088250,-10.135723,-4.6032276,-5.6618266 
3,1576155088272,-7.8987746,-4.267925,-4.5601172 
3,1576155088292,-5.7959476,-3.6260598,-4.0427933 
3,1576155088310,-4.0667434,-2.5962012,-4.0811133 
3,1576155088332,-2.6441016,-1.1975098,-3.8799317 
3,1576155088355,-1.839375,-0.0047900393,-2.8979738 
3,1576155088372,-1.5376027,1.0154883,-1.6573536 
3,1576155088394,-0.8909473,1.9878663,-1.4370118 
3,1576155088412,0.6610254,2.907554,-1.7531544 
3,1576155088430,3.0225148,3.8559816,-2.0166066 
3,1576155088453,5.8677983,4.9145803,-1.705254 
3,1576155088472,9.0004835,6.1552005,-1.4034815 
3,1576155088495,12.14275,7.1467385,-0.9436377 
3,1576155088516,13.919854,7.9083548,-0.09580079 
3,1576155088535,14.389278,8.387359,0.6227051 
3,1576155088554,14.65273,8.162227,1.341211 
3,1576155088573,14.485079,7.6401124,2.2129982 
3,1576155088596,13.531861,7.074888,2.7063723 
3,1576155088616,11.783497,6.5288234,2.6009912 
3,1576155088636,9.901011,5.752837,2.5099807 
3,1576155088655,8.1143265,4.9576907,2.2800586 
3,1576155088673,6.5048733,4.0859036,1.7579445 
3,1576155088695,5.589976,2.802173,1.0681788 
3,1576155088716,4.7325587,1.2885206,0.3065625 
3,1576155088733,3.4248781,-0.2682422,-0.40715334 
3,1576155088752,1.8585353,-2.1076174,-0.9915381 
3,1576155088772,0.0,-3.9805226,-1.9926564 
3,1576155088793,-2.1315675,-5.829478,-2.9985645 
3,1576155088812,-5.589976,-7.927515,-3.515889 
3,1576155088835,-11.577525,-8.56938,-4.905 
3,1576155088854,-18.27879,-6.452183,-7.070098 
3,1576155088875,-16.123272,-5.2882032,-9.833951 
3,1576155088896,-12.353511,-6.840176,-8.349038 
3,1576155088918,-14.63836,-8.420889,-2.3471193 
3,1576155088938,-20.051104,-8.780142,-0.28261232 
3,1576155088957,-26.503286,-8.080796,-4.6511283 
3,1576155088978,-33.21892,-6.09772,-10.466236 
3,1576155088998,-36.23665,-4.4738965,-12.075689 
3,1576155089019,-33.372204,-4.6990285,-8.909473 
3,1576155089038,-26.91044,-5.609136,-5.829478 
3,1576155089058,-21.392315,-6.016289,-4.679868 
3,1576155089079,-18.714684,-5.709727,-4.7469287 
3,1576155089099,-17.440533,-5.384004,-5.5420756 
3,1576155089118,-16.166382,-5.2738333,-6.5719337 
3,1576155089137,-13.967754,-5.2738333,-7.065308 
3,1576155089159,-10.859019,-5.1061816,-6.5240335 
3,1576155089179,-8.085587,-4.703819,-4.87147 
3,1576155089198,-6.0354495,-4.167334,-2.5387208 
3,1576155089216,-3.9709425,-3.319497,-1.0394385 
3,1576155089235,-1.7627344,-1.7771046,-2.42376 
3,1576155089255,-0.7424561,0.19639161,-4.282295 
3,1576155089274,-0.1341211,1.6381935,-3.8751419 
3,1576155089295,1.4274317,2.6105714,-2.1411476 
3,1576155089316,3.8799317,3.6164796,-0.6322852 
3,1576155089337,6.471343,4.718189,0.6610254 
3,1576155089359,8.190968,6.1935205,1.839375 
3,1576155089379,9.829161,7.3383403,2.0501368 
3,1576155089395,11.452984,8.104747,1.8106349 
3,1576155089423,12.415782,8.665181,1.7818946 
3,1576155089437,12.851675,8.59333,2.1555176 
3,1576155089456,12.655284,8.401729,2.1507277 
3,1576155089481,11.840977,8.119117,1.7914747 
3,1576155089501,10.629097,7.5395217,1.4178516 
3,1576155089521,9.412427,6.7779055,1.2070899 
3,1576155089541,8.171807,5.8917484,1.0298585 
3,1576155089560,6.964717,4.8139896,0.7807764 
3,1576155089579,5.8677983,3.5733693,0.39278322 
3,1576155089601,4.6654983,2.0405567,0.11496094 
3,1576155089622,3.3386574,0.38320315,0.0047900393 
3,1576155089642,1.9016455,-1.1064991,-0.16765137 
3,1576155089660,0.45505372,-2.7782228,-1.0777588 
3,1576155089678,-0.852627,-4.5409575,-2.7638526 
3,1576155089700,-3.0943654,-6.2749515,-4.071533 
3,1576155089720,-6.5384035,-7.3575,-4.641548 
3,1576155089738,-8.880733,-7.941885,-6.236631 
3,1576155089758,-10.811119,-8.722662,-7.577842 
3,1576155089778,-13.924644,-9.70941,-7.0078273 
3,1576155089804,-19.145786,-9.445957,-6.337222 
3,1576155089819,-24.865093,-8.277188,-6.825806 
3,1576155089836,-30.507761,-7.32397,-7.913145 
3,1576155089856,-36.064205,-6.1504107,-8.406519 
3,1576155089877,-36.955154,-5.345684,-8.411309 
3,1576155089903,-33.362625,-5.3169436,-6.9790874 
3,1576155089922,-28.266022,-5.585186,-5.245093 
3,1576155089942,-23.164629,-5.752837,-4.727769 
3,1576155089961,-19.41882,-5.623506,-4.7133985 
3,1576155089982,-17.450113,-5.278623,-5.149292 
3,1576155090003,-16.061,-4.7948294,-6.1552005 
3,1576155090027,-13.972545,-4.521797,-6.8832865 
3,1576155090043,-11.290123,-4.282295,-6.5288234 
3,1576155090062,-8.195757,-3.9134622,-5.6522465 
3,1576155090082,-5.738467,-3.3578174,-4.430786 
3,1576155090104,-4.272715,-2.6345215,-3.1901662 
3,1576155090123,-3.0033545,-1.5998731,-2.572251 
3,1576155090141,-0.6993457,-0.4742139,-2.7063723 
3,1576155090161,1.4226416,0.7424561,-2.2177882 
3,1576155090184,2.8692336,2.074087,-0.87178713 
3,1576155090202,3.7266505,3.410508,0.5604346 
3,1576155090222,5.0343313,4.718189,1.0442286 
3,1576155090241,6.2653713,6.09293,0.6610254 
3,1576155090260,7.0413575,7.117998,1.1975098 
3,1576155090281,8.301138,7.563472,2.668052 
3,1576155090300,9.85311,7.7407036,3.9565725 
3,1576155090321,11.199112,7.822134,4.502637 
3,1576155090343,11.860137,7.7790236,4.258345 
3,1576155090363,11.515254,7.549102,3.65959 
3,1576155090385,10.471025,7.1132083,3.290757 
3,1576155090401,9.80521,6.2270513,2.931504 
3,1576155090424,8.808882,5.206773,2.4045997 
3,1576155090446,7.31918,4.148174,1.9447559 
3,1576155090466,5.9013286,2.8261232,1.3986914 
3,1576155090486,4.4738965,1.3220508,1.0346485 
3,1576155090506,3.1566358,-0.3784131,0.5748047 
3,1576155090526,1.6813037,-2.3375392,0.07664063 
3,1576155090546,-0.732876,-4.3637257,-0.028740235 
3,1576155090564,-3.6404297,-5.992339,-1.0729688 
3,1576155090586,-6.4186525,-7.1371584,-3.8272414 
3,1576155090606,-8.349038,-8.133487,-6.912027 
3,1576155090627,-10.360855,-8.880733,-8.684341 
3,1576155090647,-13.148658,-9.249566,-8.200547 
3,1576155090666,-15.634688,-9.81958,-6.9934573 
3,1576155090685,-19.5721,-10.135723,-6.183941 
3,1576155090707,-26.254206,-8.904683,-6.8114357 
3,1576155090725,-30.732891,-6.998247,-9.64714 
3,1576155090743,-32.663277,-6.016289,-10.629097 
3,1576155090762,-32.81656,-5.752837,-8.229287 
3,1576155090783,-30.617931,-5.767207,-5.8438478 
3,1576155090804,-26.464968,-5.977969,-5.1780324 
3,1576155090824,-22.264103,-6.351592,-5.096602 
3,1576155090845,-19.921774,-6.327642,-4.88584 
3,1576155090866,-18.29795,-6.198311,-5.4750147 
3,1576155090885,-16.492105,-6.1504107,-6.3899126 
3,1576155090906,-14.231207,-6.10251,-6.710845 
3,1576155090929,-11.328443,-5.9540186,-6.1408305 
3,1576155090946,-9.326206,-5.489385,-4.9864306 
3,1576155090969,-7.189849,-5.039121,-4.6750784 
3,1576155090989,-4.8571,-4.3493557,-4.775669 
3,1576155091008,-3.3673975,-3.5637891,-4.397256 
3,1576155091025,-2.4620802,-2.8644435,-4.071533 
3,1576155091049,-0.30177248,-2.069297,-3.65959 
3,1576155091069,2.323169,-0.8861573,-2.2752686 
3,1576155091088,3.7985013,0.42152345,0.22992188 
3,1576155091109,5.6618266,2.1124072,1.7914747 
3,1576155091129,9.148975,3.8176613,2.7111623 
3,1576155091149,11.917618,5.5612354,3.7985013 
3,1576155091169,13.177398,6.9311867,4.991221 
3,1576155091190,14.341377,7.9466753,5.225933 
3,1576155091208,15.265855,8.358619,4.4738965 
3,1576155091228,15.208375,8.214917,4.152964 
3,1576155091245,14.331798,7.654483,4.1960745 
3,1576155091265,13.196558,6.9311867,3.4536183 
3,1576155091290,11.922408,6.0114994,2.7638526 
3,1576155091306,10.475816,4.7086086,2.5578809 
3,1576155091326,8.756192,3.1183155,2.5051906 
3,1576155091352,6.9216065,0.96758795,2.323169 
3,1576155091368,4.89542,-0.5508545,1.6429834 
3,1576155091384,3.0608351,-2.088457,0.6993457 
3,1576155091415,1.0538087,-4.2104445,0.0047900393 
3,1576155091429,-1.3028907,-6.3851223,-1.0538087 
3,1576155091451,-3.530259,-7.965835,-2.7638526 
3,1576155091471,-7.1419487,-8.847202,-3.5494192 
3,1576155091491,-10.183623,-9.105865,-5.1924024 
3,1576155091512,-12.415782,-9.086704,-7.3718705 
3,1576155091532,-13.6851425,-8.947793,-8.679551 
3,1576155091551,-15.90293,-9.632769,-7.3718705 
3,1576155091569,-21.047432,-10.303374,-4.9289503 
3,1576155091587,-28.462414,-9.522598,-5.388794 
3,1576155091612,-34.10987,-7.510782,-8.962164 
3,1576155091632,-35.824703,-6.1312504,-10.394385 
3,1576155091652,-32.83093,-6.447393,-8.042476 
3,1576155091671,-27.897188,-7.180269,-4.87626 
3,1576155091693,-23.538254,-7.5203614,-3.439248 
3,1576155091710,-21.411476,-6.983877,-3.774551 
3,1576155091733,-20.242706,-6.3803325,-5.5516553 
3,1576155091747,-18.254839,-6.327642,-6.940767 
3,1576155091768,-14.762901,-6.7635355,-7.237749 
3,1576155091788,-11.184742,-7.189849,-6.3132715 
3,1576155091808,-9.465117,-7.28565,-4.9864306 
3,1576155091829,-8.2197075,-7.29523,-4.991221 
3,1576155091850,-5.3025737,-7.4054008,-5.4319043 
3,1576155091870,-1.9112257,-7.510782,-4.397256 
3,1576155091892,1.8920655,-6.8976564,-2.2513185 
3,1576155091910,5.503755,-4.9529004,0.13891114 
3,1576155091932,8.037686,-2.1698878,2.44771 
3,1576155091953,10.514136,0.9627979,3.6021094 
3,1576155091975,13.206139,4.119434,3.63564 
3,1576155091994,14.6671,6.844966,4.9720607 
3,1576155092014,15.79276,8.52627,7.0030375 
3,1576155092034,17.339943,9.163345,6.864126 
3,1576155092054,17.220192,9.278306,5.2594633 
3,1576155092074,15.490987,8.856783,4.382886 
3,1576155092094,13.886324,8.1143265,2.9794044 
3,1576155092114,12.214601,7.2185893,1.341211 
3,1576155092133,10.552457,6.0498195,0.8861573 
3,1576155092155,9.283096,4.5074267,0.8430469 
3,1576155092175,8.138277,2.6488917,0.5556446 
3,1576155092192,6.672525,0.5556446,0.27303225 
3,1576155092215,5.120552,-1.6573536,0.2921924 
3,1576155092235,2.9937747,-3.784131,0.2921924 
3,1576155092250,0.6993457,-5.5229154,-0.6179151 
3,1576155092278,-1.3699512,-7.094048,-1.8537452 
3,1576155092290,-4.0523734,-8.291558,-2.7159522 
3,1576155092311,-7.165899,-9.278306,-4.6271777 
3,1576155092331,-10.98356,-9.79563,-6.9790874 
3,1576155092355,-16.784298,-8.5502205,-7.9083548 
3,1576155092375,-19.734962,-7.3000197,-8.741821 
3,1576155092395,-21.358786,-7.7359133,-7.3000197 
3,1576155092414,-27.303225,-7.553892,-4.416416 
3,1576155092433,-34.12903,-5.9013286,-5.494175 
3,1576155092456,-37.319195,-4.167334,-8.502319 
3,1576155092476,-36.313286,-3.7649708,-7.094048 
3,1576155092496,-31.120886,-4.6128078,-3.63564 
3,1576155092517,-25.138126,-4.9864306,-2.3471193 
3,1576155092537,-21.239035,-4.8044095,-3.2332766 
3,1576155092552,-19.260748,-4.6271777,-4.1098537 
3,1576155092574,-17.488434,-4.608018,-4.9241605 
3,1576155092596,-13.737833,-5.134922,-5.096602 
3,1576155092617,-10.327325,-5.336104,-3.535049 
3,1576155092638,-7.893985,-4.8523097,-2.3662794 
3,1576155092658,-5.877378,-4.277505,-2.43813 
3,1576155092675,-5.1397123,-3.66438,-2.8261232 
3,1576155092693,-3.9326222,-3.1997461,-3.6500099 
3,1576155092716,-1.8250049,-2.907554,-3.894302 
3,1576155092735,1.2933106,-2.304009,-3.4727786 
3,1576155092754,5.6618266,-0.6466553,-2.5291407 
3,1576155092777,9.580078,1.4753321,-0.5748047 
3,1576155092792,13.287569,3.8895118,1.0154883 
3,1576155092813,16.511265,5.9396486,1.9255958 
3,1576155092840,17.689615,7.3814507,3.5206788 
3,1576155092854,18.31711,8.143066,3.7506008 
3,1576155092871,17.507593,8.018526,3.8703518 
3,1576155092893,15.443087,7.448511,2.931504 
3,1576155092913,13.048067,7.0030375,0.8669971 
3,1576155092935,10.763218,6.337222,-0.4981641 
3,1576155092954,8.904683,5.4750147,-1.5423926 
3,1576155092978,7.5395217,4.3158255,-1.9112257 
3,1576155092998,6.4330225,2.5530908,-1.4992822 
3,1576155093018,5.374424,0.3879932,-0.728086 
3,1576155093039,3.6116896,-1.9303858,-0.05748047 
3,1576155093059,1.6765138,-4.0859036,-0.5843848 
3,1576155093078,-0.56522465,-6.2653713,-0.68976563 
3,1576155093100,-3.7985013,-7.9897857,-0.41194338 
3,1576155093119,-6.5479836,-9.101074,-1.949546 
3,1576155093138,-9.75731,-9.508228,-3.3099172 
3,1576155093160,-12.051739,-9.666299,-5.254673 
3,1576155093181,-14.461128,-10.394385,-6.342012 
3,1576155093200,-19.825972,-10.260264,-4.703819 
3,1576155093218,-25.56444,-9.872271,-3.3626075 
3,1576155093239,-31.949562,-8.53106,-2.692002 
3,1576155093266,-36.81145,-7.199429,-2.9027638 
3,1576155093276,-38.87117,-6.1216702,-2.5818312 
3,1576155093299,-36.33724,-5.9396486,-2.0357666 
3,1576155093315,-30.50297,-6.3947024,-1.6381935 
3,1576155093337,-24.673492,-6.8928666,-1.3507911 
3,1576155093357,-20.86062,-6.7731156,-1.7483643 
3,1576155093380,-18.082397,-6.365962,-3.1278956 
3,1576155093399,-14.906602,-6.05461,-4.655918 
3,1576155093419,-11.443404,-6.1504107,-5.1636624 
3,1576155093438,-7.9802055,-5.949229,-4.095484 
3,1576155093462,-5.3217335,-5.110972,-2.6057813 
3,1576155093482,-3.5063088,-4.3062453,-2.3758595 
3,1576155093502,-2.6105714,-3.1470559,-3.7601807 
3,1576155093522,-1.7387843,-1.9160157,-4.766089 
3,1576155093542,0.8047266,-1.1304493,-4.191284 
3,1576155093561,4.6654983,0.60354495,-2.3614893 
3,1576155093581,7.4916215,2.9410841,-0.33530274 
3,1576155093602,10.303374,4.9720607,0.4263135 
3,1576155093622,15.050303,6.4905033,-0.16765137 
3,1576155093643,18.048868,7.189849,1.3891114 
3,1576155093663,17.929117,7.817344,2.7494826 
3,1576155093681,16.875309,7.9466753,2.43813 
3,1576155093699,14.73416,7.2521195,2.064507 
3,1576155093721,11.903248,6.5096636,0.79993653 
3,1576155093740,9.254355,5.824688,-0.364043 
3,1576155093758,7.4054008,4.785249,-1.0825489 
3,1576155093781,5.9252787,3.1278956,-1.6094532 
3,1576155093798,4.397256,1.6094532,-1.719624 
3,1576155093819,3.1326857,0.15328126,-1.7579445 
3,1576155093839,1.6477735,-1.6046631,-1.2597803 
3,1576155093861,0.06706055,-3.3578174,-1.4082716 
3,1576155093881,-1.6813037,-5.0487013,-2.2656887 
3,1576155093904,-4.2008643,-6.6581545,-2.5866213 
3,1576155093923,-6.6916847,-7.549102,-2.7351124 
3,1576155093944,-7.606582,-8.669971,-3.5637891 
3,1576155093964,-9.182506,-10.801538,-3.1087356 
3,1576155093984,-15.064673,-11.754756,-1.5998731 
3,1576155094004,-20.88936,-10.950029,-3.774551 
3,1576155094025,-25.272247,-10.403965,-7.151529 
3,1576155094045,-30.632301,-10.226734,-5.494175 
3,1576155094065,-37.529957,-9.431587,-1.0490186 
3,1576155094085,-41.24703,-7.7550735,-0.45026368 
3,1576155094105,-37.80299,-7.213799,-2.7399025 
3,1576155094124,-30.756842,-7.927515,-2.8979738 
3,1576155094144,-24.922575,-8.57417,-1.2597803 
3,1576155094164,-21.583918,-8.339458,-1.2022998 
3,1576155094183,-19.054777,-7.7071733,-3.0033545 
3,1576155094203,-15.529307,-7.391031,-5.326524 
3,1576155094225,-11.414663,-7.443721,-6.1695704 
3,1576155094243,-8.277188,-6.734795,-5.0630717 
3,1576155094262,-6.2653713,-5.7959476,-3.535049 
3,1576155094282,-3.9948928,-4.996011,-2.5339308 
3,1576155094303,-1.8537452,-3.4488282,-3.0368848 
3,1576155094322,-0.14849122,-0.9627979,-4.3206153 
3,1576155094342,1.8681153,0.93405765,-2.9794044 
3,1576155094366,4.0859036,1.9112257,0.44547364 
3,1576155094386,6.8114357,3.4488282,1.7771046 
3,1576155094405,11.338023,5.120552,0.32093263 
3,1576155094422,15.117364,6.2797413,-1.2645704 
3,1576155094443,15.649058,7.237749,-1.6477735 
3,1576155094466,15.155684,7.606582,-0.9532178 
3,1576155094491,14.753321,7.094048,-0.28740236 
3,1576155094507,13.40732,6.212681,0.1341211 
3,1576155094528,11.903248,5.3073635,-0.34967285 
3,1576155094547,10.403965,4.287085,-0.8047266 
3,1576155094564,8.751402,3.2572267,-0.32572266 
3,1576155094588,7.32876,2.0070264,0.4742139 
3,1576155094608,5.637876,0.42152345,0.87178713 
3,1576155094628,3.7122805,-1.2406201,0.7568262 
3,1576155094648,1.5998731,-3.0033545,0.086220704 
3,1576155094669,-0.5221143,-4.8139896,-0.9867481 
3,1576155094686,-2.663262,-6.7300053,-2.1555176 
3,1576155094708,-4.8666797,-8.49274,-2.5387208 
3,1576155094728,-7.5155716,-10.059082,-2.3662794 
3,1576155094752,-11.347603,-11.156001,-2.6967921 
3,1576155094770,-15.1413145,-11.419454,-4.5457473 
3,1576155094783,-18.537453,-11.270963,-5.513335 
3,1576155094804,-24.20407,-11.817027,-3.5637891 
3,1576155094824,-33.84163,-11.175161,-0.852627 
3,1576155094844,-41.682922,-8.832832,-0.8909473 
3,1576155094868,-42.473278,-7.3862405,-2.2369483 
3,1576155094885,-37.362305,-7.831714,-0.8382569 
3,1576155094908,-29.228819,-8.5502205,0.1580713 
3,1576155094929,-23.150259,-8.5502205,0.12933107 
3,1576155094954,-20.113375,-8.071217,-0.60354495 
3,1576155094970,-17.828526,-7.4101906,-2.4189699 
3,1576155094990,-15.385606,-7.0078273,-3.803291 
3,1576155095015,-12.430152,-6.6677346,-3.6452198 
3,1576155095030,-9.0148535,-6.2797413,-2.5578809 
3,1576155095050,-5.858218,-5.5468655,-1.5376027 
3,1576155095075,-3.8272414,-4.6654983,-1.1543995 
3,1576155095089,-2.8883936,-3.5542092,-1.4465919 
3,1576155095110,-2.074087,-2.4620802,-2.42855 
3,1576155095135,-0.92926764,-1.6429834,-3.166216 
3,1576155095149,1.8872755,-0.8286768,-3.4488282 
3,1576155095168,4.976851,0.5508545,-2.0213966 
3,1576155095191,6.912027,2.6201515,-0.11496094 
3,1576155095211,9.8866415,4.86189,0.63707525 
3,1576155095229,13.086388,6.586304,1.8250049 
3,1576155095249,15.112574,7.927515,3.0033545 
3,1576155095269,16.520845,8.464,3.1853762 
3,1576155095287,16.769928,8.085587,3.2811768 
3,1576155095308,15.634688,7.472461,2.7111623 
3,1576155095327,13.694722,6.816226,1.3124708 
3,1576155095347,11.658956,5.839058,-0.028740235 
3,1576155095370,9.460327,4.7804594,-0.79035646 
3,1576155095391,7.553892,3.5254688,-1.1352394 
3,1576155095409,6.1408305,1.8010547,-1.3986914 
3,1576155095429,4.703819,-0.014370117,-1.590293 
3,1576155095448,2.8883936,-2.1363575,-1.3076807 
3,1576155095472,0.57001466,-4.4834766,-1.2358302 
3,1576155095492,-2.3806496,-6.5240335,-1.575923 
3,1576155095509,-4.9241605,-8.1143265,-2.8404932 
3,1576155095532,-8.181387,-9.560919,-4.4691067 
3,1576155095552,-13.809683,-9.580078,-4.4643164 
3,1576155095571,-16.698076,-8.339458,-6.016289 
3,1576155095593,-15.490987,-8.487949,-7.3862405 
3,1576155095612,-15.687379,-10.293795,-3.8176613 
3,1576155095634,-20.812721,-10.92608,0.4981641 
3,1576155095653,-26.80985,-9.632769,-1.5519727 
3,1576155095673,-31.63821,-8.066426,-5.087022 
3,1576155095691,-35.55646,-7.084468,-3.4631984 
3,1576155095713,-35.3936,-6.8880763,-1.4705421 
3,1576155095731,-29.602442,-7.3766603,-3.1566358 
3,1576155095753,-24.151379,-7.6496925,-3.6116896 
3,1576155095771,-21.411476,-7.6449027,-2.1171973 
3,1576155095790,-19.289488,-7.4054008,-2.3375392 
3,1576155095810,-17.08128,-6.8880763,-4.191284 
3,1576155095830,-15.706539,-6.1599903,-5.479805 
3,1576155095849,-13.129498,-5.886958,-6.4905033 
3,1576155095870,-10.293795,-5.829478,-5.623506 
3,1576155095904,-8.090376,-5.7911572,-3.4919386 
3,1576155095909,-5.863008,-5.5516553,-2.8931837 
3,1576155095928,-3.6404297,-4.5553274,-3.8559816 
3,1576155095950,-2.074087,-3.2093263,-4.646338 
3,1576155095970,-0.76161623,-2.0980372,-4.014053 
3,1576155095991,0.8286768,-1.0011182,-2.0980372 
3,1576155096014,3.420088,0.32093263,0.26345217 
3,1576155096034,6.744375,2.2848487,1.3555812 
3,1576155096055,9.589659,4.7229786,1.3076807 
3,1576155096075,12.118799,6.7491655,2.6153615 
3,1576155096095,14.413228,7.941885,4.296665 
3,1576155096116,15.88856,8.602911,4.2200246 
3,1576155096133,16.199913,8.804092,2.8979738 
3,1576155096155,15.0359335,8.50711,1.3795313 
3,1576155096176,13.43127,7.8365045,0.5939649 
3,1576155096194,11.936778,6.8497562,0.27303225 
3,1576155096216,9.982442,5.5803957,0.6562354 
3,1576155096234,8.085587,4.1242237,0.9627979 
3,1576155096254,6.2701616,2.5530908,0.6179151 
3,1576155096273,4.5313773,0.9244776,-0.05269043 
3,1576155096295,3.3865578,-0.9244776,-0.57001466 
3,1576155096313,2.323169,-3.027305,-0.9244776 
3,1576155096332,0.44547364,-5.0534916,-1.5711329 
3,1576155096352,-2.0070264,-6.8928666,-2.2273684 
3,1576155096373,-5.326524,-8.646021,-2.1219873 
3,1576155096395,-9.81958,-9.527389,-1.9399658 
3,1576155096415,-13.0241165,-9.867481,-3.899092 
3,1576155096434,-15.160474,-9.958491,-5.9875493 
3,1576155096455,-18.068027,-10.039923,-4.5649076 
3,1576155096477,-22.527555,-10.255474,-1.1831397 
3,1576155096496,-29.473112,-10.001602,0.1820215 
3,1576155096515,-37.59702,-8.262817,-2.1076174 
3,1576155096537,-41.24703,-6.816226,-5.398374 
3,1576155096557,-37.913162,-6.7539554,-5.0439115 
3,1576155096575,-30.48381,-7.31439,-2.2369483 
3,1576155096594,-23.557413,-7.6113725,-0.91010743 
3,1576155096618,-19.955303,-7.3000197,-1.3028907 
3,1576155096638,-17.593815,-6.6581545,-3.0081446 
3,1576155096659,-14.887442,-6.0114994,-4.6128078 
3,1576155096678,-11.754756,-5.719307,-4.742139 
3,1576155096697,-8.962164,-5.589976,-3.7122805 
3,1576155096719,-6.8976564,-5.101392,-2.926714 
3,1576155096737,-4.737349,-4.4403663,-3.2141163 
3,1576155096757,-2.8979738,-3.7506008,-2.9602442 
3,1576155096776,-2.0549269,-2.7782228,-2.4525 
3,1576155096795,-0.10538086,-1.6286134,-2.4333398 
3,1576155096815,2.6584718,-0.34488282,-1.7339942 
3,1576155096835,4.9576907,1.575923,-0.17723145 
3,1576155096855,6.3228517,4.023633,0.98195803 
3,1576155096876,8.243657,6.662945,1.1735597 
3,1576155096896,10.93087,9.273516,0.6179151 
3,1576155096917,12.741505,10.662627,0.3784131 
3,1576155096936,12.492422,11.160791,0.28740236 
3,1576155096956,11.697276,11.136841,-0.91010743 
3,1576155096977,11.754756,10.504556,-2.7590625 
3,1576155096998,11.682906,9.3309965,-3.2620168 
3,1576155097019,10.691368,8.018526,-2.4525 
3,1576155097037,9.158555,6.638994,-1.5615528 
3,1576155097056,7.438931,5.1397123,-0.6993457 
3,1576155097076,6.0019193,3.4823585,-0.014370117 
3,1576155097097,4.7133985,1.6717237,0.36883304 
3,1576155097117,3.2620168,-0.1341211,0.22992188 
3,1576155097138,2.299219,-1.9160157,-0.32093263 
3,1576155097156,1.4465919,-4.0523734,-1.22146 
3,1576155097182,-0.25866213,-6.437813,-1.6286134 
3,1576155097202,-3.7362306,-8.53106,-0.6658155 
3,1576155097222,-8.190968,-9.5561285,-0.27303225 
3,1576155097239,-9.85311,-10.341695,-3.295547 
3,1576155097259,-10.049502,-12.315191,-5.2882032 
3,1576155097277,-13.598922,-14.197677,-3.3482375 
3,1576155097299,-22.297632,-14.940132,-1.1256592 
3,1576155097320,-34.684673,-13.086388,-2.3854396 
3,1576155097337,-43.301956,-9.766891,-5.6618266 
3,1576155097358,-46.017906,-7.534732,-4.2343946 
3,1576155097381,-41.2614,-7.2664895,-1.6286134 
3,1576155097402,-32.442936,-7.711963,-1.7962648 
3,1576155097420,-24.659122,-7.941885,-2.8883936 
3,1576155097440,-19.49067,-7.798184,-3.8224514 
3,1576155097463,-16.525635,-7.486831,-4.2248144 
3,1576155097483,-13.541441,-7.549102,-4.4212065 
3,1576155097503,-9.287886,-7.6017923,-4.636758 
3,1576155097523,-6.471343,-6.567144,-3.923042 
3,1576155097543,-5.623506,-5.5229154,-2.3902297 
3,1576155097563,-3.4967287,-4.655918,-1.9639161 
3,1576155097578,-1.0585986,-3.4727786,-2.0213966 
3,1576155097603,1.3555812,-2.1698878,-1.8776954 
3,1576155097623,3.9757326,-0.47900394,-0.5412744 
3,1576155097642,5.934859,1.5423926,1.1639795 
3,1576155097664,7.8029737,3.8655617,1.1975098 
3,1576155097684,8.842413,5.728887,2.3519094 
3,1576155097702,9.469908,7.2664895,3.7985013 
3,1576155097724,11.635005,8.612491,2.3662794 
3,1576155097742,13.833633,9.302257,1.22146 
3,1576155097762,14.504239,9.168135,1.6286134 
3,1576155097784,14.149776,8.59333,1.0250684 
3,1576155097801,12.808565,7.7694435,-0.78556645 
3,1576155097819,10.676997,6.715635,-1.9447559 
3,1576155097839,8.143066,5.5564456,-1.5615528 
3,1576155097862,6.0354495,4.258345,-0.7089258 
3,1576155097880,4.5888577,2.6201515,-0.41194338 
3,1576155097901,3.2620168,0.4023633,-0.23950197 
3,1576155097925,1.7866846,-2.088457,0.2921924 
3,1576155097944,-0.081430666,-4.1050634,0.5556446 
3,1576155097965,-2.42855,-5.384004,0.25387207 
3,1576155097984,-4.4212065,-6.495293,-0.7759864 
3,1576155098005,-6.342012,-7.7694435,-2.0118165 
3,1576155098023,-8.349038,-8.976534,-2.9889846 
3,1576155098046,-11.999048,-9.80521,-3.4775686 
3,1576155098066,-17.507593,-10.159674,-3.4440382 
3,1576155098086,-22.800587,-9.848321,-4.7086086 
3,1576155098106,-27.9403,-8.875943,-5.2977834 
3,1576155098125,-33.520695,-7.6113725,-4.0667434 
3,1576155098144,-37.86047,-6.0306597,-3.1901662 
3,1576155098167,-38.047283,-5.029541,-3.4488282 
3,1576155098187,-33.95659,-4.90979,-3.6021094 
3,1576155098207,-27.9403,-5.3025737,-3.4631984 
3,1576155098227,-22.973028,-5.633086,-3.0847852 
3,1576155098245,-19.29428,-5.733677,-3.3290772 
3,1576155098264,-16.104113,-5.7480474,-4.1625443 
3,1576155098285,-12.770245,-5.738467,-4.550537 
3,1576155098303,-9.053174,-5.503755,-4.3397756 
3,1576155098323,-6.567144,-4.9385304,-2.9219239 
3,1576155098343,-5.2834134,-4.2008643,-1.8776954 
3,1576155098363,-3.9134622,-3.3721876,-2.3519094 
3,1576155098383,-2.672842,-2.1555176,-3.5206788 
3,1576155098407,-1.4130616,-1.2454102,-2.8452833 
3,1576155098426,0.44547364,-0.613125,-1.1591895 
3,1576155098446,3.0368848,0.5508545,-0.8669971 
3,1576155098468,5.087022,2.6009912,-0.45984375 
3,1576155098488,6.792276,4.8139896,0.17723145 
3,1576155098508,9.077125,6.840176,0.5556446 
3,1576155098528,11.1176815,8.47837,1.0873389 
3,1576155098546,12.899576,9.460327,1.1112891 
3,1576155098567,14.815592,9.8866415,0.60354495 
3,1576155098589,16.051422,9.75731,0.1580713 
3,1576155098609,15.194005,8.952583,0.043110352 
3,1576155098629,13.177398,7.951465,-0.29698244 
3,1576155098646,11.256593,6.806646,-0.6658155 
3,1576155098675,9.335787,5.1157618,0.05748047 
3,1576155098688,7.793394,3.0416749,1.0442286 
3,1576155098707,6.6342044,0.90052736,0.68018556 
3,1576155098729,5.3217335,-1.2549903,-0.23950197 
3,1576155098749,3.391348,-3.6691701,-0.29698244 
3,1576155098769,0.7089258,-6.016289,-0.14849122 
3,1576155098786,-1.8202149,-7.999366,-0.7424561 
3,1576155098805,-4.3158255,-9.80521,-2.692002 
3,1576155098824,-8.181387,-11.266172,-4.2056546 
3,1576155098845,-13.8048935,-12.013418,-5.4750147 
3,1576155098865,-19.548151,-11.606265,-6.744375 
3,1576155098886,-25.52133,-10.768008,-6.12646 
3,1576155098915,-32.390247,-9.163345,-5.0487013 
3,1576155098928,-38.076023,-6.969507,-5.015171 
3,1576155098945,-40.528522,-5.374424,-5.513335 
3,1576155098965,-39.374123,-4.4691067,-5.4750147 
3,1576155098987,-33.420105,-4.5409575,-5.245093 
3,1576155099006,-26.086554,-5.024751,-4.790039 
3,1576155099027,-20.453468,-5.513335,-4.2152348 
3,1576155099046,-17.2154,-5.6618266,-4.2152348 
3,1576155099070,-14.499449,-5.637876,-5.4127445 
3,1576155099086,-11.682906,-5.623506,-6.0306597 
3,1576155099110,-9.043594,-5.369634,-4.6511283 
3,1576155099129,-6.7635355,-4.9624805,-2.42855 
3,1576155099149,-4.5936475,-4.4738965,-1.5088624 
3,1576155099171,-2.5291407,-3.6500099,-1.9830762 
3,1576155099189,-1.0873389,-2.567461,-3.1087356 
3,1576155099212,1.092129,-1.585503,-3.3578174 
3,1576155099232,4.617598,-0.34488282,-1.3891114 
3,1576155099250,8.157437,1.5663428,1.092129 
3,1576155099271,11.630216,4.009263,2.4908204 
3,1576155099299,14.010865,6.720425,2.2417383 
3,1576155099307,15.1413145,8.851993,1.3124708 
3,1576155099330,16.520845,9.239985,1.7435743 
3,1576155099347,17.608185,8.53585,3.4344583 
3,1576155099368,17.521963,7.592212,3.6212697 
3,1576155099388,15.069464,6.6246243,1.8058448 
3,1576155099412,11.347603,5.513335,0.5508545 
3,1576155099431,8.459209,3.9901028,0.6562354 
3,1576155099452,6.7395854,2.088457,1.0538087 
3,1576155099473,5.8007374,0.0,0.6658155 
3,1576155099494,4.8571,-2.2177882,-0.49337405 
3,1576155099513,3.4727786,-4.751719,-1.2645704 
3,1576155099533,1.6477735,-7.3000197,-2.1698878 
3,1576155099553,-0.4742139,-9.924961,-3.6739602 
3,1576155099572,-3.3721876,-12.315191,-5.0439115 
3,1576155099594,-7.8365045,-14.269527,-5.3073635 
3,1576155099614,-15.8215,-14.188096,-4.761299 
3,1576155099633,-20.989952,-11.984678,-8.248447 
3,1576155099658,-19.64874,-12.099639,-12.521163 
3,1576155099675,-23.27959,-12.818145,-7.6353226 
3,1576155099694,-31.513668,-12.228971,-1.5567628 
3,1576155099712,-38.82806,-10.226734,-3.4440382 
3,1576155099735,-42.161926,-8.234077,-7.8700347 
3,1576155099753,-39.16815,-7.9610453,-7.7502837 
3,1576155099779,-31.154415,-8.938213,-4.87147 
3,1576155099790,-23.562202,-9.493857,-3.2236965 
3,1576155099815,-19.57689,-9.129815,-3.5494192 
3,1576155099830,-16.860939,-8.459209,-6.0498195 
3,1576155099850,-14.504239,-7.831714,-8.128696 
3,1576155099871,-11.630216,-8.037686,-8.253238 
3,1576155099892,-8.305928,-7.711963,-6.447393 
3,1576155099913,-6.2749515,-6.9311867,-4.018843 
3,1576155099935,-4.785249,-6.0498195,-3.1422658 
3,1576155099955,-1.8824854,-5.1061816,-4.181704 
3,1576155099975,0.4742139,-4.009263,-4.061953 
3,1576155099996,2.5243506,-2.9219239,-2.327959 
3,1576155100016,5.637876,-1.22146,-0.30177248 
3,1576155100036,9.057964,1.2981006,1.0394385 
3,1576155100057,12.056529,3.923042,2.0309765 
3,1576155100076,14.087505,6.09772,3.180586 
3,1576155100093,15.332915,7.2664895,4.488267 
3,1576155100117,16.712446,7.6305327,4.6511283 
3,1576155100133,17.306412,7.4916215,4.512217 
3,1576155100157,16.094532,6.591094,4.191284 
3,1576155100179,14.006075,5.3025737,2.668052 
3,1576155100198,11.03625,4.2008643,1.3028907 
3,1576155100218,8.167017,2.9889846,1.4274317 
3,1576155100238,6.1216702,1.341211,1.6190332 
3,1576155100256,4.790039,-0.51732427,1.0298585 
3,1576155100276,3.3578174,-2.572251,0.26345217 
3,1576155100296,1.3891114,-4.742139,-0.40715334 
3,1576155100313,-0.8430469,-7.031778,-1.6190332 
3,1576155100333,-4.3637257,-8.943004,-3.3099172 
3,1576155100353,-9.292676,-9.7812605,-4.981641 
3,1576155100373,-13.560601,-9.220825,-6.912027 
3,1576155100396,-15.203585,-8.861572,-9.1202345 
3,1576155100417,-16.027472,-10.049502,-7.9945755 
3,1576155100436,-19.869083,-10.815908,-4.5601172 
3,1576155100454,-26.393116,-9.891431,-3.4057178 
3,1576155100479,-31.772331,-8.071217,-6.437813 
3,1576155100498,-35.55646,-6.5048733,-8.57417 
3,1576155100518,-37.50601,-5.369634,-7.103628 
3,1576155100539,-34.540974,-5.134922,-5.7624173 
3,1576155100558,-28.907887,-5.2929935,-5.997129 
3,1576155100577,-23.571783,-5.637876,-6.2701616 
3,1576155100599,-19.70622,-5.8198977,-6.2510014 
3,1576155100620,-16.444204,-5.8103175,-6.710845 
3,1576155100635,-13.139078,-5.8821683,-7.185059 
3,1576155100660,-10.106983,-6.10251,-6.5288234 
3,1576155100680,-7.6257424,-5.8821683,-4.502637 
3,1576155100697,-5.719307,-5.158872,-2.7446926 
3,1576155100716,-4.5649076,-4.1721244,-1.7914747 
3,1576155100739,-3.3578174,-2.9650342,-2.0261867 
3,1576155100760,-1.4801221,-1.6238233,-3.1853762 
3,1576155100779,0.46463382,-0.50774413,-2.4620802 
3,1576155100797,2.548301,1.1927198,-0.100590825 
3,1576155100816,5.120552,3.2332766,2.0070264 
3,1576155100837,8.262817,5.364844,3.4919386 
3,1576155100856,10.715318,6.9886675,4.517007 
3,1576155100877,12.25292,8.123906,4.976851 
3,1576155100896,13.958175,8.023315,4.4259963 
3,1576155100920,15.079043,7.438931,2.912344 
3,1576155100941,15.045513,6.456973,2.0932472 
3,1576155100960,13.608501,4.91937,2.3998096 
3,1576155100982,11.151212,3.6021094,2.6393116 
3,1576155101002,8.272398,2.6584718,1.9255958 
3,1576155101022,5.7624173,1.6573536,0.89573735 
3,1576155101042,4.038003,0.22992188,0.7807764 
3,1576155101062,2.4333398,-1.4226416,1.331631 
3,1576155101082,0.9580079,-3.2811768,0.6227051 
3,1576155101102,-0.57001466,-5.2738333,-0.977168 
3,1576155101121,-2.5387208,-7.1706886,-2.7063723 
3,1576155101140,-5.3121533,-9.278306,-3.539839 
3,1576155101162,-10.154883,-11.045831,-3.9134622 
3,1576155101183,-15.529307,-10.585987,-5.6761966 
3,1576155101203,-15.399976,-10.193204,-9.718989 
3,1576155101223,-14.9305525,-11.984678,-8.157437 
3,1576155101242,-20.81751,-13.603711,-2.2704787 
3,1576155101261,-31.9304,-12.21939,-2.069297 
3,1576155101282,-40.787186,-8.727451,-7.429351 
3,1576155101304,-42.942703,-6.318062,-8.741821 
3,1576155101319,-37.103645,-6.9072366,-5.010381 
3,1576155101341,-28.563004,-7.9466753,-1.9112257 
3,1576155101359,-22.010231,-8.013736,-1.719624 
3,1576155101379,-19.049986,-7.582632,-3.1997461 
3,1576155101399,-17.459694,-7.3766603,-5.1732426 
3,1576155101419,-15.2610655,-7.29523,-6.9216065 
3,1576155101441,-12.597803,-7.4772515,-6.9168167 
3,1576155101461,-9.75731,-7.448511,-4.761299 
3,1576155101485,-7.573052,-6.6533647,-2.9410841 
3,1576155101504,-5.345684,-5.9396486,-2.687212 
3,1576155101524,-3.7697608,-5.0487013,-2.5818312 
3,1576155101546,-2.543511,-4.129014,-2.6584718 
3,1576155101562,-0.79035646,-3.0847852,-3.3386574 
3,1576155101584,1.5423926,-1.4609619,-3.8799317 
3,1576155101603,5.767207,0.67539555,-3.300337 
3,1576155101625,10.763218,2.9985645,-0.5939649 
3,1576155101644,13.239669,5.2834134,3.051255 
3,1576155101664,14.6192,7.2569094,3.4488282 
3,1576155101685,17.512384,8.602911,1.4034815 
3,1576155101703,19.241589,8.693921,1.5998731 
3,1576155101724,18.19736,7.9227247,2.9841945 
3,1576155101746,16.161592,7.0269876,2.1076174 
3,1576155101763,13.589341,5.8342676,0.5843848 
3,1576155101786,10.427916,4.3254056,0.16765137 
3,1576155101805,7.793394,2.6105714,-0.10538086 
3,1576155101821,6.1456203,0.728086,-0.3544629 
3,1576155101844,4.655918,-1.336421,-0.50774413 
3,1576155101862,2.955454,-3.5781593,-0.68976563 
3,1576155101882,0.45026368,-5.9252787,-0.48379397 
3,1576155101905,-3.3242872,-7.7646537,-0.07185059 
3,1576155101925,-6.8832865,-8.722662,-1.6334034 
3,1576155101943,-9.996812,-9.019644,-4.7804594 
3,1576155101966,-11.931988,-9.359736,-7.846084 
3,1576155101987,-14.125826,-9.536968,-7.7167535 
3,1576155102007,-16.132853,-9.77647,-5.5372853 
3,1576155102028,-18.3698,-10.882969,-4.785249 
3,1576155102048,-25.147707,-10.811119,-5.470225 
3,1576155102066,-34.18172,-8.49753,-6.5479836 
3,1576155102088,-37.76467,-6.471343,-7.683223 
3,1576155102108,-35.781593,-6.3132715,-6.9072366 
3,1576155102124,-32.189064,-6.447393,-4.3541455 
3,1576155102144,-27.413395,-6.466553,-3.5110989 
3,1576155102168,-22.04376,-6.8018556,-4.095484 
3,1576155102188,-18.796114,-6.8593364,-3.9853127 
3,1576155102212,-17.239351,-6.7635355,-4.0859036 
3,1576155102228,-15.332915,-7.084468,-4.6511283 
3,1576155102248,-12.310401,-7.34313,-5.1397123 
3,1576155102272,-9.019644,-6.950347,-4.737349 
3,1576155102287,-6.8593364,-6.217471,-3.171006 
3,1576155102307,-5.350474,-5.374424,-1.9208057 
3,1576155102329,-3.899092,-4.4738965,-2.562671 
3,1576155102343,-2.0501368,-3.3530276,-3.8080812 
3,1576155102364,-0.364043,-1.9160157,-3.6979103 
3,1576155102390,1.7244141,-0.30177248,-2.0213966 
3,1576155102407,5.5708156,1.2022998,-0.76161623 
3,1576155102428,9.062755,3.1901662,0.732876 
3,1576155102447,12.319981,4.91937,1.7818946 
3,1576155102466,15.7736,6.1791506,2.1650977 
3,1576155102489,18.120718,7.070098,3.2572267 
3,1576155102512,17.459694,7.7694435,4.9529004 
3,1576155102529,16.084951,7.673643,5.7863674 
3,1576155102550,14.983243,7.070098,4.89542 
3,1576155102568,13.292359,6.1599903,3.175796 
3,1576155102590,11.175161,4.9529004,1.9734962 
3,1576155102605,8.981323,3.530259,1.1735597 
3,1576155102629,6.8593364,1.7627344,0.68018556 
3,1576155102650,5.024751,-0.3065625,0.244292 
3,1576155102670,3.1087356,-2.44771,-0.4981641 
3,1576155102691,0.9053174,-4.478687,-1.4034815 
3,1576155102709,-1.3028907,-6.346802,-2.3471193 
3,1576155102728,-3.7506008,-7.8987746,-2.9746144 
3,1576155102751,-6.0114994,-9.019644,-4.0811133 
3,1576155102770,-9.244776,-10.011182,-4.756509 
3,1576155102790,-13.613292,-10.130933,-5.345684 
3,1576155102808,-15.89814,-9.637559,-8.5119 
3,1576155102827,-16.726816,-10.336905,-9.833951 
3,1576155102848,-21.277355,-10.8925495,-6.935977 
3,1576155102865,-28.831245,-9.766891,-5.216353 
3,1576155102887,-34.675095,-7.937095,-7.438931 
3,1576155102908,-37.472477,-6.337222,-8.684341 
3,1576155102931,-35.192417,-6.11688,-7.0413575 
3,1576155102951,-29.568913,-6.662945,-5.0918117 
3,1576155102969,-23.907085,-6.8880763,-4.258345 
3,1576155102992,-20.304976,-6.6342044,-4.277505 
3,1576155103012,-18.733843,-6.236631,-4.4738965 
3,1576155103032,-16.190332,-6.12646,-6.2797413 
3,1576155103052,-13.206139,-6.10251,-7.9083548 
3,1576155103073,-10.533297,-5.9252787,-7.060518 
3,1576155103093,-8.732242,-5.388794,-4.4259963 
3,1576155103112,-6.662945,-4.9433208,-3.2811768 
3,1576155103131,-4.4547367,-3.9374123,-3.66438 
3,1576155103152,-2.8404932,-2.562671,-5.1684523 
3,1576155103173,-1.8968556,-1.7292042,-5.158872 
3,1576155103193,0.79993653,-0.9244776,-3.8128712 
3,1576155103213,4.4499464,0.4742139,-2.8213332 
3,1576155103233,8.167017,1.9591261,-0.87178713 
3,1576155103252,11.879297,3.6212697,1.2789404 
3,1576155103272,14.786851,5.326524,2.7399025 
3,1576155103290,17.09086,6.5288234,3.908672 
3,1576155103310,18.863174,6.9551373,4.9002104 
3,1576155103330,18.547031,6.706055,6.3132715 
3,1576155103350,16.769928,6.1408305,6.3947024 
3,1576155103369,14.791641,5.125342,4.3349857 
3,1576155103390,12.358301,3.803291,2.318379 
3,1576155103413,9.843531,2.1363575,1.2981006 
3,1576155103432,7.544312,0.25866213,0.56522465 
3,1576155103452,5.364844,-1.6142433,-0.42152345 
3,1576155103473,3.0608351,-3.4631984,-1.4130616 
3,1576155103500,0.8334668,-5.3552637,-2.198628 
3,1576155103515,-1.1879297,-7.189849,-3.5542092 
3,1576155103535,-3.5781593,-8.756192,-5.1732426 
3,1576155103555,-5.9875493,-10.197993,-6.0306597 
3,1576155103573,-8.717872,-11.5823145,-6.6342044 
3,1576155103596,-13.962964,-11.697276,-6.456973 
3,1576155103615,-18.350641,-10.447076,-7.563472 
3,1576155103636,-18.28837,-11.318863,-10.2315235 
3,1576155103656,-21.641397,-11.831397,-8.018526 
3,1576155103676,-26.397907,-11.8074465,-4.9145803 
3,1576155103696,-31.537619,-11.318863,-4.9385304 
3,1576155103714,-37.458107,-9.527389,-5.9635987 
3,1576155103734,-38.210144,-8.157437,-6.782696 
3,1576155103756,-31.662159,-8.780142,-6.1935205 
3,1576155103776,-24.41004,-9.436378,-3.5877395 
3,1576155103795,-20.276236,-9.369317,-1.695674 
3,1576155103812,-18.3698,-9.115445,-2.43813 
3,1576155103832,-16.559166,-8.880733,-5.350474 
3,1576155103852,-14.997613,-8.4448395,-7.7550735 
3,1576155103872,-13.277988,-8.440049,-8.008945 
3,1576155103893,-10.672208,-8.58854,-6.8689165 
3,1576155103914,-8.406519,-8.377779,-4.7325587 
3,1576155103934,-5.738467,-7.783814,-3.300337 
3,1576155103956,-3.6739602,-6.576724,-2.7973828 
3,1576155103977,-2.543511,-5.130132,-3.5925295 
3,1576155103998,-0.9627979,-3.9182522,-4.430786 
3,1576155104018,1.9974464,-2.8692336,-4.4116263 
3,1576155104038,5.369634,-1.6860938,-1.6813037 
3,1576155104058,9.498648,-0.18681154,1.705254 
3,1576155104078,13.891114,1.949546,3.290757 
3,1576155104099,16.645386,3.9182522,5.604346 
3,1576155104115,18.42728,4.8906302,7.8700347 
3,1576155104136,18.834435,5.6857767,8.109536 
3,1576155104156,18.15425,6.183941,7.553892 
3,1576155104176,16.674128,6.1504107,6.945557 
3,1576155104199,15.194005,5.9061184,5.6857767 
3,1576155104217,13.857584,5.6857767,3.9948928 
3,1576155104239,12.866045,5.0918117,2.4333398 
3,1576155104259,11.486514,4.018843,1.575923 
3,1576155104277,9.445957,2.6345215,1.2885206 
3,1576155104306,7.846084,1.1448194,-0.043110352 
3,1576155104315,6.4905033,-0.4742139,-2.2417383 
3,1576155104335,4.550537,-2.064507,-3.535049 
3,1576155104355,2.2561085,-3.923042,-3.3482375 
3,1576155104375,0.05269043,-6.13604,-3.0608351 
3,1576155104395,-1.9734962,-7.9802055,-3.9901028 
3,1576155104418,-4.4403663,-9.848321,-5.240303 
3,1576155104438,-7.1227884,-10.997931,-6.1552005 
3,1576155104458,-11.333233,-12.20502,-5.5612354 
3,1576155104478,-18.35543,-10.763218,-4.4116263 
3,1576155104501,-20.75045,-8.871153,-7.5970025 
3,1576155104522,-17.488434,-10.217154,-10.763218 
3,1576155104540,-20.400778,-11.448194,-7.414981 
3,1576155104560,-26.82901,-11.2374325,-3.7937112 
3,1576155104578,-30.809532,-10.9069195,-5.637876 
3,1576155104601,-34.28231,-10.605147,-8.746612 
3,1576155104622,-34.799637,-9.690249,-9.766891 
3,1576155104642,-28.974947,-10.087823,-8.123906 
3,1576155104659,-22.704786,-10.705738,-4.88584 
3,1576155104681,-18.824854,-10.820699,-2.6441016 
3,1576155104702,-18.25963,-9.996812,-2.8979738 
3,1576155104720,-18.23568,-9.340576,-5.4510646 
3,1576155104742,-16.846567,-9.220825,-8.018526 
3,1576155104762,-14.379698,-9.110655,-8.828042 
3,1576155104781,-10.95961,-8.847202,-7.8508744 
3,1576155104803,-8.363408,-8.54543,-5.623506 
3,1576155104817,-5.886958,-7.534732,-4.4451566 
3,1576155104840,-2.7542725,-6.744375,-4.87626 
3,1576155104857,1.1975098,-6.821016,-4.0044727 
3,1576155104877,5.3792143,-5.120552,-1.0059083 
3,1576155104898,8.784932,-2.1459377,1.0633887 
3,1576155104920,11.548784,0.4023633,3.5685792 
3,1576155104942,15.241905,1.9447559,6.5623536 
3,1576155104962,18.144669,3.8272414,6.5288234 
3,1576155104981,18.015337,5.958809,4.071533 
3,1576155105005,17.665665,6.706055,4.0571632 
3,1576155105020,18.048868,6.2989016,6.1312504 
3,1576155105044,17.488434,5.9204884,7.5251517 
3,1576155105058,16.01789,5.968389,6.09772 
3,1576155105077,14.231207,5.829478,3.1422658 
3,1576155105098,12.583433,4.87626,1.2885206 
3,1576155105117,11.486514,3.5877395,-0.3161426 
3,1576155105138,10.432706,2.208208,-1.7292042 
3,1576155105161,8.617281,0.6514453,-1.9591261 
3,1576155105182,6.557564,-1.2022998,-1.1543995 
3,1576155105201,5.2115626,-3.5685792,-0.78556645 
3,1576155105223,3.415298,-6.1456203,-2.0980372 
3,1576155105242,0.79035646,-8.4448395,-3.903882 
3,1576155105264,-1.3843213,-11.390714,-5.8103175 
3,1576155105282,-7.0221977,-15.155684,-4.751719 
3,1576155105303,-20.352877,-13.522281,-1.2454102 
3,1576155105321,-24.5729,-9.283096,-7.3000197 
3,1576155105345,-17.771046,-10.001602,-16.559166 
3,1576155105359,-18.949396,-12.214601,-11.917618 
3,1576155105380,-26.153614,-11.577525,-2.1411476 
3,1576155105404,-29.29588,-9.800421,-0.23950197 
3,1576155105423,-31.125675,-8.487949,-3.755391 
3,1576155105443,-32.86446,-7.510782,-6.3707523 
3,1576155105462,-30.028757,-6.806646,-7.079678 
3,1576155105485,-25.257877,-6.734795,-4.6032276 
3,1576155105504,-21.085752,-6.6581545,-1.7962648 
3,1576155105525,-18.547031,-6.471343,-0.8430469 
3,1576155105543,-17.07649,-6.222261,-2.7255323 
3,1576155105564,-15.692168,-5.6282964,-5.508545 
3,1576155105586,-13.613292,-4.89542,-6.706055 
3,1576155105603,-10.241104,-4.7948294,-5.6426663 
3,1576155105626,-7.879615,-4.6990285,-3.2045362 
3,1576155105646,-5.8342676,-4.181704,-1.8202149 
3,1576155105665,-3.8080812,-3.0033545,-2.069297 
3,1576155105686,-2.44771,-1.5807129,-2.5387208 
3,1576155105707,-1.2693604,-0.32093263,-2.4716604 
3,1576155105725,0.6179151,0.71371585,-1.4944923 
3,1576155105747,3.1949563,1.6669337,-0.35925296 
3,1576155105767,4.9002104,3.3626075,0.46463382 
3,1576155105785,6.361172,5.2594633,0.76161623 
3,1576155105805,8.51669,6.5623536,0.68018556 
3,1576155105823,10.95482,7.204219,0.8095166 
3,1576155105842,13.335469,7.5970025,1.0873389 
3,1576155105863,15.6059475,7.893985,0.38320315 
3,1576155105882,17.450113,7.8029737,-0.6849756 
3,1576155105904,18.403332,7.31439,-0.4263135 
3,1576155105929,17.823736,6.6485744,0.4263135 
3,1576155105947,15.768809,5.973179,0.50774413 
3,1576155105967,13.287569,5.125342,-0.21076173 
3,1576155105993,10.801538,4.009263,-0.6227051 
3,1576155106009,8.5119,2.4668703,-0.6322852 
3,1576155106029,6.595884,0.6322852,-0.32093263 
3,1576155106055,5.0199614,-1.5376027,0.014370117 
3,1576155106066,3.5206788,-3.9757326,-0.6849756 
3,1576155106089,1.2022998,-6.686895,-1.6238233 
3,1576155106115,-2.4045997,-9.110655,-1.9830762 
3,1576155106127,-7.664063,-10.499766,-2.6009912 
3,1576155106146,-14.748531,-10.020762,-3.9469924 
3,1576155106169,-16.98548,-8.617281,-8.669971 
3,1576155106189,-16.03226,-8.51669,-11.452984 
3,1576155106209,-17.15792,-9.3309965,-8.392149 
3,1576155106229,-20.72171,-9.7621,-3.8511915 
3,1576155106249,-26.498497,-8.171807,-1.7771046 
3,1576155106270,-27.197844,-6.9072366,-5.9540186 
3,1576155106288,-27.255323,-6.5192432,-8.454419 
3,1576155106306,-29.789255,-5.982759,-5.7767873 
3,1576155106332,-30.182037,-5.8917484,-2.936294 
3,1576155106345,-25.794361,-6.5192432,-3.8320315 
3,1576155106368,-21.181553,-6.8880763,-4.6654983 
3,1576155106386,-19.366129,-6.8832865,-2.8596535 
3,1576155106406,-19.260748,-6.7395854,-1.4753321 
3,1576155106427,-17.900377,-6.816226,-3.3242872 
3,1576155106447,-15.673009,-6.6581545,-5.5564456 
3,1576155106466,-13.574971,-6.495293,-5.858218 
3,1576155106494,-10.241104,-6.595884,-5.0534916 
3,1576155106511,-6.7491655,-6.1887307,-3.5829494 
3,1576155106531,-4.272715,-5.326524,-2.1076174 
3,1576155106550,-2.0022364,-4.1864944,-2.184258 
3,1576155106569,0.6514453,-2.572251,-3.2093263 
3,1576155106593,3.7314405,-0.7568262,-3.5063088 
3,1576155106609,6.576724,1.4944923,-2.3806496 
3,1576155106629,9.239985,3.7649708,-0.019160157 
3,1576155106650,12.20023,5.4989653,0.9915381 
3,1576155106672,15.213164,7.165899,0.20118165 
3,1576155106692,17.948277,7.9802055,0.07185059 
3,1576155106711,19.246378,7.7502837,0.8813672 
3,1576155106730,18.523083,7.2569094,1.6813037 
3,1576155106752,16.712446,6.5336137,1.4801221 
3,1576155106772,14.532979,5.5612354,0.78556645 
3,1576155106790,12.20023,4.488267,0.8143067 
3,1576155106810,10.020762,3.319497,0.9627979 
3,1576155106838,7.9610453,2.0261867,1.0442286 
3,1576155106852,6.11688,0.48379397,0.6658155 
3,1576155106868,4.742139,-1.2454102,-0.977168 
3,1576155106889,2.8548634,-3.0704153,-3.5494192 
3,1576155106908,0.48379397,-5.010381,-4.095484 
3,1576155106931,-0.7089258,-6.7635355,-3.4536183 
3,1576155106952,-3.2620168,-8.789722,-3.0704153 
3,1576155106971,-10.413546,-10.284214,-1.9926564 
3,1576155106994,-19.332598,-9.364527,-4.3254056 
3,1576155107014,-25.248297,-6.5048733,-9.934542 
3,1576155107032,-27.696007,-4.9529004,-10.341695 
3,1576155107053,-29.185709,-4.9337406,-3.63564 
3,1576155107074,-29.717403,-4.622388,-0.75203615 
3,1576155107092,-32.09326,-3.271597,-3.5110989 
3,1576155107114,-34.588875,-1.695674,-6.006709 
3,1576155107132,-32.193855,-1.2885206,-6.662945 
3,1576155107155,-26.230255,-2.1028273,-5.3792143 
3,1576155107174,-20.841461,-2.8692336,-4.0427933 
3,1576155107194,-17.766256,-3.0895753,-3.558999 
3,1576155107215,-15.9173,-2.9650342,-4.1721244 
3,1576155107235,-13.862373,-2.8740237,-5.518125 
3,1576155107255,-11.543995,-2.9650342,-6.303692 
3,1576155107274,-9.479487,-2.9746144,-5.7480474 
3,1576155107292,-7.9945755,-3.0225148,-4.5313773 
3,1576155107313,-6.0019193,-3.1326857,-4.138594 
3,1576155107336,-3.3578174,-3.0704153,-3.8895118 
3,1576155107351,0.6658155,-2.8357031,-2.4716604 
3,1576155107373,4.8523097,-1.6525636,-0.98195803 
3,1576155107390,7.8987746,0.4742139,0.57001466 
3,1576155107412,11.438614,2.4764502,2.5243506 
3,1576155107433,13.886324,4.5553274,4.0571632 
3,1576155107453,14.801221,6.327642,5.130132 
3,1576155107471,15.941251,7.3000197,5.336104 
3,1576155107493,16.693287,7.558682,5.637876 
3,1576155107516,16.161592,7.3814507,6.08814 
3,1576155107536,15.294596,6.8593364,5.589976 
3,1576155107556,13.833633,6.0258694,4.282295 
3,1576155107573,11.965518,4.9289503,3.0608351 
3,1576155107595,10.083033,3.539839,1.4849122 
3,1576155107618,7.8412943,2.083667,-0.11496094 
3,1576155107631,5.8007374,0.27303225,-0.847837 
3,1576155107656,4.3158255,-1.8633252,-0.8430469 
3,1576155107675,2.6153615,-4.258345,-1.096919 
3,1576155107697,0.38320315,-6.6581545,-2.0405567 
3,1576155107717,-2.7686427,-8.722662,-2.9794044 
3,1576155107736,-7.429351,-10.217154,-3.7649708 
3,1576155107759,-12.080479,-10.221944,-6.5240335 
3,1576155107778,-16.836988,-8.5502205,-8.732242 
3,1576155107795,-20.448677,-6.8114357,-10.241104 
3,1576155107815,-20.66423,-7.189849,-10.93087 
3,1576155107834,-22.882017,-7.5874224,-7.1084185 
3,1576155107854,-27.710377,-6.9934573,-3.2332766 
3,1576155107874,-32.438145,-5.752837,-4.368516 
3,1576155107894,-34.636772,-4.5601172,-8.425679 
3,1576155107914,-33.491955,-4.3349857,-9.417217 
3,1576155107934,-29.391682,-5.1971927,-6.950347 
3,1576155107957,-23.954987,-5.9013286,-4.5313773 
3,1576155107977,-19.70622,-5.8438478,-3.7027004 
3,1576155107995,-16.96632,-5.4414845,-4.119434 
3,1576155108018,-14.437179,-5.1636624,-5.2355127 
3,1576155108036,-11.620635,-5.120552,-6.342012 
3,1576155108057,-8.914263,-5.1828227,-5.757627 
3,1576155108076,-6.4186525,-4.9433208,-3.9565725 
3,1576155108099,-3.7601807,-4.3541455,-2.9746144 
3,1576155108119,-1.6669337,-3.271597,-2.3135889 
3,1576155108138,0.22992188,-2.1267774,-1.5376027 
3,1576155108159,2.5962012,-0.6945557,-1.0873389 
3,1576155108180,4.9337406,0.9148975,-0.081430666 
3,1576155108199,7.582632,2.9985645,0.6322852 
3,1576155108220,10.241104,5.1540823,0.23950197 
3,1576155108240,11.821816,6.998247,0.63707525 
3,1576155108260,13.292359,8.095166,2.0213966 
3,1576155108278,14.968873,8.52148,2.907554 
3,1576155108298,15.443087,8.48316,3.4871485 
3,1576155108317,14.441968,8.085587,3.544629 
3,1576155108338,12.775035,7.711963,2.3566992 
3,1576155108356,11.414663,7.089258,0.91010743 
3,1576155108377,9.929751,6.0498195,0.25387207 
3,1576155108396,8.224498,4.646338,0.29698244 
3,1576155108417,6.8018556,2.931504,0.46463382 
3,1576155108440,5.7719975,0.8765772,0.34488282 
3,1576155108458,4.3637257,-1.3220508,0.15328126 
3,1576155108477,2.6345215,-3.66438,-0.19160157 
3,1576155108498,0.5125342,-6.08814,-0.8382569 
3,1576155108522,-2.4189699,-8.57896,-1.2693604 
3,1576155108542,-6.9790874,-10.059082,-1.7483643 
3,1576155108561,-12.717554,-9.833951,-4.2152348 
3,1576155108582,-16.722027,-8.631651,-9.321417 
3,1576155108602,-17.454903,-8.267608,-13.51749 
3,1576155108622,-19.385288,-8.119117,-11.601475 
3,1576155108643,-23.471193,-7.798184,-5.7624173 
3,1576155108662,-27.217003,-7.199429,-3.276387 
3,1576155108682,-31.571148,-6.11688,-6.0737696 
3,1576155108702,-35.633102,-4.655918,-9.623189 
3,1576155108722,-35.49419,-4.061953,-10.820699 
3,1576155108741,-30.000015,-4.9433208,-10.193204 
3,1576155108760,-23.428082,-6.0689797,-7.6113725 
3,1576155108782,-19.145786,-6.557564,-4.91937 
3,1576155108799,-16.932789,-6.4426026,-4.742139 
3,1576155108822,-15.184424,-6.07856,-7.1227884 
3,1576155108842,-13.2492485,-5.9061184,-8.909473 
3,1576155108859,-10.782378,-6.2031007,-8.856783 
3,1576155108880,-8.267608,-6.356382,-6.9168167 
3,1576155108899,-5.647456,-6.09293,-4.9529004 
3,1576155108919,-3.180586,-5.1780324,-4.1625443 
3,1576155108941,-1.0250684,-3.8320315,-3.396138 
3,1576155108963,1.1543995,-2.4093897,-2.5243506 
3,1576155108981,3.755391,-0.8143067,-1.7004639 
3,1576155109001,6.8737063,0.7568262,0.23471193 
3,1576155109024,10.5620365,2.8788135,2.2465284 
3,1576155109044,12.851675,5.3552637,3.67875 
3,1576155109064,13.986915,6.5336137,5.589976 
3,1576155109081,15.280225,6.2510014,7.1563187 
3,1576155109105,16.899258,6.13604,7.549102 
3,1576155109124,17.900377,5.743257,6.950347 
3,1576155109142,16.798668,5.2355127,6.231841 
3,1576155109165,14.144986,5.024751,5.1061816 
3,1576155109185,12.003839,4.6990285,3.6164796 
3,1576155109205,10.423125,4.181704,2.069297 
3,1576155109226,8.995694,3.2572267,0.7711963 
3,1576155109246,7.3958206,1.8824854,-0.24908204 
3,1576155109264,5.5229154,0.37362307,-1.1831397 
3,1576155109283,3.5877395,-1.1687696,-2.1507277 
3,1576155109303,1.3268409,-2.8548634,-2.5866213 
3,1576155109322,-1.2310401,-4.6271777,-2.7830129 
3,1576155109341,-3.3721876,-6.212681,-3.4057178 
3,1576155109362,-4.8523097,-7.434141,-4.416416 
3,1576155109382,-6.7491655,-8.416099,-4.88105 
3,1576155109401,-8.660391,-9.350157,-5.360054 
3,1576155109422,-10.921289,-10.2315235,-5.2834134 
3,1576155109445,-14.082715,-10.734478,-4.6990285 
3,1576155109463,-16.731607,-10.710527,-5.5803957 
3,1576155109484,-19.45714,-11.050621,-7.8844047 
3,1576155109503,-27.178682,-10.490186,-8.990904 
3,1576155109527,-37.103645,-8.62207,-10.643467 
3,1576155109547,-39.762115,-7.151529,-14.322217 
3,1576155109565,-36.174377,-7.1467385,-13.536651 
3,1576155109592,-30.071867,-7.6449027,-8.818462 
3,1576155109607,-23.658005,-8.210127,-5.494175 
3,1576155109628,-19.730171,-7.8269243,-4.9145803 
3,1576155109653,-17.785416,-7.4964113,-6.2989016 
3,1576155109668,-17.2154,-7.084468,-8.018526 
3,1576155109688,-15.524517,-7.1275783,-9.077125 
3,1576155109713,-12.228971,-7.4580913,-8.6077 
3,1576155109726,-9.148975,-7.5155716,-7.031778 
3,1576155109745,-6.9790874,-7.36708,-5.2929935 
3,1576155109768,-5.125342,-6.854546,-4.4834766 
3,1576155109788,-2.42376,-6.07856,-4.756509 
3,1576155109806,-0.1341211,-4.751719,-4.5601172 
3,1576155109825,1.7004639,-3.295547,-3.6212697 
3,1576155109844,4.636758,-1.9303858,-1.3986914 
3,1576155109865,9.3309965,0.086220704,1.7148341 
3,1576155109883,13.34505,2.8309133,3.8847218 
3,1576155109904,15.280225,5.508545,4.88105 
3,1576155109926,16.219072,7.32397,4.2343946 
3,1576155109946,16.611856,8.042476,3.6979103 
3,1576155109968,16.319664,8.066426,4.0044727 
3,1576155109988,15.696959,7.7646537,4.095484 
3,1576155110006,14.537769,7.30481,3.5637891 
3,1576155110029,12.602593,6.6821046,2.6009912 
3,1576155110048,10.581197,5.743257,2.2129982 
3,1576155110069,8.995694,4.6032276,2.0070264 
3,1576155110088,7.788604,3.1901662,1.3795313 
3,1576155110108,6.5384035,1.4705421,0.22992188 
3,1576155110127,4.9241605,-0.5221143,-0.52690434 
3,1576155110149,2.9219239,-2.792593,-0.46463382 
3,1576155110170,0.91010743,-5.2594633,-0.40715334 
3,1576155110190,-1.2022998,-8.056846,-0.6466553 
3,1576155110210,-4.7804594,-10.490186,-1.1735597 
3,1576155110232,-9.80521,-11.338023,-3.4871485 
3,1576155110251,-14.264737,-10.518927,-6.9934573 
3,1576155110270,-15.706539,-9.685459,-10.025552 
3,1576155110288,-17.01422,-9.690249,-9.005274 
3,1576155110309,-20.391197,-9.948912,-4.87626 
3,1576155110328,-26.407486,-10.059082,-3.4009278 
3,1576155110346,-34.895435,-8.53106,-7.391031 
3,1576155110366,-39.651943,-6.2797413,-13.42169 
3,1576155110386,-38.195774,-5.4031644,-13.891114 
3,1576155110407,-31.66695,-6.361172,-8.732242 
3,1576155110427,-23.878345,-7.6161623,-3.8751419 
3,1576155110450,-18.987715,-7.688013,-2.3710694 
3,1576155110469,-17.622555,-7.1611085,-3.5254688 
3,1576155110489,-16.429834,-6.9311867,-6.222261 
3,1576155110512,-13.986915,-7.1371584,-8.018526 
3,1576155110532,-11.146421,-7.683223,-7.2569094 
3,1576155110552,-8.62207,-7.4676714,-4.397256 
3,1576155110569,-6.1791506,-6.825806,-2.1603076 
3,1576155110592,-3.7266505,-5.719307,-1.7148341 
3,1576155110612,-1.092129,-3.8320315,-2.0549269 
3,1576155110633,1.0059083,-1.8968556,-1.7483643 
3,1576155110653,3.5973196,-0.364043,-0.6466553 
3,1576155110673,7.486831,1.2789404,0.6322852 
3,1576155110693,12.492422,3.032095,1.5136524 
3,1576155110711,15.696959,5.0199614,2.4572902 
3,1576155110731,17.402212,6.8593364,3.558999 
3,1576155110749,18.422491,8.095166,4.028423 
3,1576155110772,18.202148,8.267608,4.87147 
3,1576155110792,17.205822,7.798184,5.3552637 
3,1576155110811,15.730489,7.0365677,4.253555 
3,1576155110830,13.747413,6.0019193,2.7207422 
3,1576155110849,11.328443,4.622388,1.8537452 
3,1576155110869,8.871153,2.907554,1.8250049 
3,1576155110889,7.0030375,0.9484278,1.2406201 
3,1576155110909,5.484595,-1.3891114,0.21555176 
3,1576155110930,3.8272414,-4.0571632,-0.847837 
3,1576155110953,1.2645704,-6.595884,-1.5950831 
3,1576155110973,-2.193838,-8.880733,-1.7244141 
3,1576155110994,-5.7624173,-10.068663,-2.179468 
3,1576155111012,-7.7071733,-11.088941,-4.622388 
3,1576155111035,-9.896221,-11.898458,-7.414981 
3,1576155111055,-14.053975,-11.572735,-8.660391 
3,1576155111073,-16.477736,-11.218272,-9.230406 
3,1576155111096,-17.675245,-11.357183,-8.119117 
3,1576155111113,-20.357666,-11.132051,-6.7300053 
3,1576155111136,-26.623037,-10.748848,-7.0365677 
3,1576155111155,-36.63422,-9.048384,-9.608819 
3,1576155111176,-41.726032,-6.5048733,-14.6671 
3,1576155111195,-38.478386,-6.183941,-14.595249 
3,1576155111215,-31.259796,-7.424561,-8.923843 
3,1576155111236,-24.2855,-8.258028,-4.7469287 
3,1576155111255,-19.912193,-8.123906,-4.7325587 
3,1576155111274,-17.981808,-7.7071733,-6.423443 
3,1576155111293,-16.357985,-7.32876,-7.8748245 
3,1576155111316,-13.565392,-7.5874224,-8.617281 
3,1576155111334,-10.178833,-8.200547,-7.2904396 
3,1576155111352,-7.6401124,-7.812554,-4.6032276 
3,1576155111371,-5.1924024,-7.0269876,-3.539839 
3,1576155111392,-2.672842,-6.08814,-3.4296682 
3,1576155111412,-1.0442286,-4.88105,-3.7170706 
3,1576155111434,0.0047900393,-3.6260598,-4.028423 
3,1576155111455,2.7686427,-2.663262,-3.7985013 
3,1576155111474,6.6773148,-1.092129,-1.4944923 
3,1576155111496,10.274634,1.1448194,2.4093897 
3,1576155111516,11.898458,4.033213,5.743257 
3,1576155111538,11.898458,6.720425,5.9396486 
3,1576155111556,13.167818,8.296348,4.5696974 
3,1576155111575,15.366446,8.727451,4.6511283 
3,1576155111592,15.9364605,8.147857,5.733677 
3,1576155111620,15.313756,7.199429,5.364844 
3,1576155111634,13.862373,6.241421,4.0811133 
3,1576155111656,11.376344,5.364844,3.1087356 
3,1576155111678,8.938213,4.4691067,1.9878663 
3,1576155111698,7.0221977,3.051255,1.1687696 
3,1576155111718,5.7959476,1.0538087,1.2789404 
3,1576155111736,4.9385304,-1.1783496,1.0490186 
3,1576155111759,3.515889,-3.5973196,-0.31135255 
3,1576155111779,1.0873389,-6.1456203,-1.341211 
3,1576155111799,-1.949546,-8.57417,-2.2321582 
3,1576155111815,-5.6522465,-10.648257,-3.5637891 
3,1576155111843,-9.278306,-11.927197,-5.1924024 
3,1576155111856,-12.329561,-12.607384,-7.2664895 
3,1576155111877,-15.380816,-12.707974,-8.756192 
3,1576155111895,-18.254839,-12.612173,-8.349038 
3,1576155111915,-23.26522,-12.679234,-5.7767873 
3,1576155111935,-32.280075,-11.433824,-5.225933 
3,1576155111959,-40.648273,-8.420889,-9.201666 
3,1576155111979,-42.65051,-6.365962,-11.261382 
3,1576155111999,-37.232975,-6.9886675,-7.654483 
3,1576155112019,-29.228819,-7.8987746,-4.047583 
3,1576155112040,-22.441334,-7.8700347,-4.018843 
3,1576155112059,-18.527872,-7.3766603,-5.364844 
3,1576155112080,-17.17229,-6.8976564,-5.9252787 
3,1576155112100,-15.280225,-6.686895,-6.5336137 
3,1576155112118,-12.032578,-6.605464,-6.7491655 
3,1576155112139,-8.943004,-5.9540186,-4.785249 
3,1576155112162,-7.189849,-5.3217335,-1.4465919 
3,1576155112181,-4.9385304,-4.5649076,-1.0633887 
3,1576155112201,-2.907554,-3.3673975,-2.5770411 
3,1576155112221,-1.7627344,-2.5004005,-2.0022364 
3,1576155112241,-0.2778223,-1.6477735,-0.7711963 
3,1576155112262,2.5866213,-0.67539555,-1.0011182 
3,1576155112279,6.974297,0.9436377,-1.336421 
3,1576155112301,10.274634,3.1422658,-0.21076173 
3,1576155112319,10.365645,5.455855,2.2129982 
3,1576155112344,10.902129,7.094048,3.3386574 
3,1576155112357,13.747413,7.6496925,3.4536183 
3,1576155112382,17.13397,7.4054008,3.8128712 
3,1576155112397,17.780626,6.830596,4.4547367 
3,1576155112417,15.117364,6.1456203,3.6164796 
3,1576155112439,12.099639,5.2929935,1.346001 
3,1576155112459,9.3309965,4.1960745,0.20118165 
3,1576155112478,7.0509377,2.6967921,0.13891114 
3,1576155112502,5.724097,0.7232959,-0.25387207 
3,1576155112522,4.608018,-1.6525636,-1.1448194 
3,1576155112543,2.6297317,-3.9661524,-1.6908839 
3,1576155112559,-0.5029541,-6.375542,-1.710044 
3,1576155112582,-5.264253,-8.1143265,-1.0825489 
3,1576155112603,-9.364527,-8.741821,-2.1028273 
3,1576155112623,-9.972861,-9.589659,-5.245093 
3,1576155112642,-10.571617,-11.112891,-6.4426026 
3,1576155112657,-13.646822,-11.711646,-5.7911572 
3,1576155112683,-16.94237,-11.869718,-5.7959476 
3,1576155112703,-20.980371,-11.390714,-7.453301 
3,1576155112723,-25.861422,-10.375225,-9.604029 
3,1576155112743,-31.925611,-8.919053,-9.862691 
3,1576155112761,-35.877396,-7.3766603,-10.696157 
3,1576155112783,-36.452198,-6.2605815,-12.003839 
3,1576155112804,-31.76275,-6.3994923,-11.429033 
3,1576155112822,-25.49738,-6.945557,-8.3250885 
3,1576155112842,-20.83188,-7.175479,-6.0354495 
3,1576155112864,-18.19257,-6.9934573,-5.728887 
3,1576155112878,-16.386724,-6.7300053,-6.825806 
3,1576155112904,-14.307847,-6.6677346,-7.668853 
3,1576155112919,-10.801538,-7.103628,-7.209009 
3,1576155112940,-7.175479,-6.854546,-5.5468655 
3,1576155112961,-5.029541,-5.8198977,-4.258345 
3,1576155112982,-4.8427296,-4.488267,-3.5877395 
3,1576155113004,-4.3014555,-3.3578174,-3.7649708 
3,1576155113023,-2.2704787,-2.4189699,-3.9948928 
3,1576155113043,0.17723145,-1.3220508,-2.8979738 
3,1576155113065,3.2189064,0.10538086,-2.3135889 
3,1576155113085,6.1599903,2.327959,-2.4333398 
3,1576155113106,7.8700347,4.9481106,-1.9878663 
3,1576155113125,9.843531,6.9311867,-0.732876 
3,1576155113143,12.248131,8.200547,1.3555812 
3,1576155113166,14.317428,8.904683,4.033213 
3,1576155113186,15.8167095,8.957374,6.10251 
3,1576155113206,15.677798,8.334668,6.595884 
3,1576155113226,13.824054,7.414981,5.024751 
3,1576155113252,11.256593,6.2797413,2.672842 
3,1576155113266,8.847202,4.655918,0.53169435 
3,1576155113284,6.9024467,2.9841945,-1.5423926 
3,1576155113310,5.369634,1.0154883,-2.2513185 
3,1576155113324,4.3254056,-1.0442286,-2.1411476 
3,1576155113343,2.8548634,-3.2811768,-1.9974464 
3,1576155113370,0.9915381,-5.724097,-2.6249416 
3,1576155113383,-1.101709,-8.48316,-3.8080812 
3,1576155113405,-4.6894484,-10.935659,-4.176914 
3,1576155113422,-9.057964,-12.329561,-4.598438 
3,1576155113443,-13.527071,-13.158237,-4.512217 
3,1576155113462,-18.547031,-12.636124,-3.899092 
3,1576155113484,-20.496578,-11.199112,-6.4042826 
3,1576155113506,-20.415148,-11.400293,-6.806646 
3,1576155113525,-23.763384,-11.759546,-2.8261232 
3,1576155113546,-30.033546,-11.112891,-1.5088624 
3,1576155113566,-36.64859,-9.091495,-4.267925 
3,1576155113588,-38.818478,-7.3479204,-7.175479 
3,1576155113608,-34.12903,-7.32876,-7.30481 
3,1576155113628,-26.79069,-8.238868,-5.096602 
3,1576155113648,-21.373156,-8.717872,-3.4871485 
3,1576155113669,-18.700314,-8.770562,-4.009263 
3,1576155113689,-17.0238,-8.62207,-6.2797413 
3,1576155113709,-15.026353,-8.52627,-8.248447 
3,1576155113729,-12.20023,-8.737032,-8.708291 
3,1576155113745,-9.465117,-9.072334,-7.2616997 
3,1576155113767,-7.7359133,-9.3309965,-5.5468655 
3,1576155113789,-5.575606,-8.890313,-5.982759 
3,1576155113807,-1.9926564,-7.8029737,-6.591094 
3,1576155113828,1.8920655,-6.13604,-4.5696974 
3,1576155113847,6.3132715,-3.779341,-1.6573536 
3,1576155113871,9.163345,-0.3305127,1.5471827 
3,1576155113885,10.538086,3.0368848,3.7314405 
3,1576155113906,12.856465,5.8055277,3.6500099 
3,1576155113925,15.366446,8.147857,2.663262 
3,1576155113945,15.8310795,9.699829,3.051255 
3,1576155113966,15.265855,10.317744,3.9517825 
3,1576155113989,14.580879,10.260264,2.8452833 
3,1576155114008,13.254039,9.74773,0.9148975 
3,1576155114030,11.539205,8.784932,0.34009278 
3,1576155114049,10.035132,7.4820414,0.47900394 
3,1576155114072,8.689131,5.9635987,0.40715334 
3,1576155114091,7.199429,4.023633,0.07664063 
3,1576155114110,5.815108,1.8585353,-0.43110353 
3,1576155114129,4.646338,-0.5364844,-0.8669971 
3,1576155114148,3.3147073,-3.300337,-0.9627979 
3,1576155114175,1.8537452,-6.480923,-1.1208692 
3,1576155114190,-0.32093263,-9.522598,-1.6238233 
3,1576155114211,-3.3338673,-12.032578,-2.323169 
3,1576155114230,-7.668853,-14.010865,-3.2236965 
3,1576155114249,-13.584552,-13.771363,-6.576724 
3,1576155114271,-17.933907,-11.563155,-11.476934 
3,1576155114288,-18.575771,-11.333233,-11.361973 
3,1576155114312,-22.13956,-11.826607,-5.5420756 
3,1576155114330,-28.371403,-10.97877,-3.1183155 
3,1576155114350,-35.5373,-9.2256155,-6.5192432 
3,1576155114375,-40.844666,-7.151529,-10.98835 
3,1576155114388,-37.93711,-7.0269876,-11.965518 
3,1576155114412,-30.57003,-8.305928,-7.3383403 
3,1576155114428,-24.012466,-8.837623,-3.515889 
3,1576155114448,-19.41403,-8.636441,-3.6260598 
3,1576155114469,-16.94237,-8.143066,-5.326524 
3,1576155114488,-15.107784,-7.6401124,-6.8976564 
3,1576155114512,-12.2433405,-7.553892,-7.4054008 
3,1576155114529,-8.5502205,-7.7454934,-6.591094 
3,1576155114550,-5.853428,-7.1275783,-5.0199614 
3,1576155114571,-4.521797,-6.1456203,-3.6068995 
3,1576155114593,-2.912344,-5.1971927,-3.046465 
3,1576155114613,-0.49337405,-4.2248144,-3.9901028 
3,1576155114631,1.9016455,-2.672842,-4.526587 
3,1576155114653,3.9278321,-0.78556645,-2.907554 
3,1576155114673,5.7719975,0.9484278,-0.60354495 
3,1576155114693,7.8508744,2.912344,1.1927198 
3,1576155114712,10.197993,5.1540823,2.562671 
3,1576155114734,12.583433,7.4101906,3.6212697 
3,1576155114752,14.370118,8.976534,3.923042 
3,1576155114771,14.451549,9.75252,3.8272414 
3,1576155114794,13.40732,9.73815,3.9613624 
3,1576155114814,13.167818,9.201666,3.9182522 
3,1576155114832,12.904366,8.5119,3.056045 
3,1576155114851,11.491304,7.6401124,1.5376027 
3,1576155114874,9.69504,6.4426026,0.33530274 
3,1576155114889,8.315508,4.641548,0.28261232 
3,1576155114909,7.165899,2.299219,0.9963282 
3,1576155114930,5.9396486,-0.21076173,0.9963282 
3,1576155114951,4.2248144,-2.7063723,-0.028740235 
3,1576155114972,1.7962648,-5.278623,-1.1160791 
3,1576155114994,-1.8154249,-7.4772515,-1.6190332 
3,1576155115014,-5.997129,-8.751402,-2.0261867 
3,1576155115034,-9.426797,-9.316627,-3.7601807 
3,1576155115055,-12.401412,-9.177715,-6.231841 
3,1576155115076,-14.887442,-8.741821,-8.162227 
3,1576155115093,-16.98069,-9.316627,-7.7454934 
3,1576155115114,-22.120401,-9.393267,-5.4223247 
3,1576155115134,-27.461294,-7.8748245,-5.863008 
3,1576155115156,-31.59031,-6.3084817,-8.291558 
3,1576155115176,-35.944454,-4.7708793,-9.422008 
3,1576155115196,-36.54321,-3.9757326,-9.321417 
3,1576155115216,-31.690899,-4.2152348,-8.54064 
3,1576155115237,-25.248297,-4.8283596,-7.3383403 
3,1576155115257,-20.410357,-5.1636624,-6.557564 
3,1576155115276,-17.656084,-5.1971927,-6.7491655 
3,1576155115292,-15.390396,-5.1924024,-7.8508744 
3,1576155115317,-12.387041,-5.3025737,-8.990904 
3,1576155115335,-9.968072,-5.575606,-8.1143265 
3,1576155115356,-7.711963,-5.513335,-6.016289 
3,1576155115374,-4.981641,-4.742139,-5.0199614 
3,1576155115393,-2.692002,-3.6116896,-4.7133985 
3,1576155115414,-0.5125342,-2.4812403,-4.028423 
3,1576155115433,1.7244141,-1.0011182,-3.3769777 
3,1576155115454,3.3673975,0.74724615,-2.7159522 
3,1576155115475,5.738467,2.3854396,-2.308799 
3,1576155115494,10.011182,3.6691701,-1.0538087 
3,1576155115515,15.414347,5.0343313,1.4465919 
3,1576155115536,19.073936,5.815108,5.0439115 
3,1576155115556,18.633253,6.6437845,7.879615 
3,1576155115575,16.540005,7.424561,8.679551 
3,1576155115598,14.537769,7.084468,7.9849954 
3,1576155115619,12.688814,6.3947024,6.2270513 
3,1576155115639,11.151212,5.4462748,4.4355764 
3,1576155115659,10.054293,4.296665,2.8644435 
3,1576155115679,9.043594,2.7351124,1.6142433 
3,1576155115699,7.4916215,0.7089258,0.732876 
3,1576155115719,5.465435,-1.5040723,-0.6945557 
3,1576155115739,2.787803,-3.8176613,-2.203418 
3,1576155115757,-0.57959473,-5.982759,-2.9410841 
3,1576155115776,-2.7446926,-7.702383,-4.4643164 
3,1576155115799,-3.9901028,-9.560919,-6.0019193 
3,1576155115819,-6.816226,-11.429033,-5.3408937 
3,1576155115838,-11.151212,-11.850557,-3.6500099 
3,1576155115859,-12.497212,-11.716436,-4.8427296 
3,1576155115876,-12.990586,-12.770245,-6.9168167 
3,1576155115896,-17.751886,-13.493541,-7.4101906 
3,1576155115915,-26.85775,-12.334352,-7.3862405 
3,1576155115936,-37.089275,-9.915381,-8.602911 
3,1576155115956,-42.73673,-7.8748245,-10.552457 
3,1576155115979,-40.906937,-7.534732,-10.5764065 
3,1576155116000,-33.846416,-8.358619,-8.143066 
3,1576155116018,-25.813522,-9.220825,-5.7480474 
3,1576155116037,-20.352877,-9.273516,-4.358936 
3,1576155116062,-18.12551,-8.794512,-4.7325587 
3,1576155116081,-16.827408,-8.411309,-6.840176 
3,1576155116101,-14.408438,-8.353828,-8.689131 
3,1576155116120,-11.496095,-8.085587,-8.181387 
3,1576155116139,-8.933423,-7.5874224,-6.6916847 
3,1576155116162,-6.6533647,-7.0365677,-6.11209 
3,1576155116182,-4.526587,-6.1552005,-6.0354495 
3,1576155116202,-1.6286134,-5.144502,-6.217471 
3,1576155116222,2.0980372,-3.894302,-5.336104 
3,1576155116242,4.8331494,-1.6908839,-2.9841945 
3,1576155116262,7.189849,0.8909473,-1.3124708 
3,1576155116280,11.673326,3.0081446,-0.05269043 
3,1576155116306,16.563955,4.8187795,1.2981006 
3,1576155116322,17.900377,6.4905033,3.415298 
3,1576155116342,17.16271,7.6353226,5.2355127 
3,1576155116362,16.726816,7.951465,6.2797413 
3,1576155116379,15.433507,7.783814,6.6437845 
3,1576155116399,13.306729,7.3096,5.470225 
3,1576155116417,11.429033,6.6773148,3.3626075 
3,1576155116438,9.570498,5.7767873,1.8441651 
3,1576155116458,7.9706254,4.766089,0.847837 
3,1576155116479,6.940767,3.4057178,0.12454102 
3,1576155116502,5.7719975,1.5376027,0.023950197 
3,1576155116523,3.67875,-0.732876,0.23950197 
3,1576155116540,1.2502003,-2.9841945,-0.33530274 
3,1576155116562,-1.2310401,-4.88584,-1.6573536 
3,1576155116582,-4.009263,-6.2941117,-2.9746144 
3,1576155116603,-6.720425,-6.998247,-4.4212065 
3,1576155116622,-8.076006,-7.8269243,-5.5660257 
3,1576155116642,-8.866363,-9.129815,-5.470225 
3,1576155116664,-10.753638,-9.83874,-5.4271145 
3,1576155116685,-13.34505,-10.073453,-6.361172 
3,1576155116705,-16.171173,-10.461446,-8.023315 
3,1576155116725,-21.77073,-9.996812,-8.602911 
3,1576155116744,-27.892399,-8.943004,-9.278306 
3,1576155116763,-32.639328,-7.4916215,-11.716436 
3,1576155116780,-35.748062,-5.968389,-13.632452 
3,1576155116805,-33.602127,-5.738467,-13.230088 
3,1576155116825,-27.696007,-6.715635,-10.600357 
3,1576155116843,-22.259312,-7.247329,-7.510782 
3,1576155116864,-18.590143,-6.998247,-6.255791 
3,1576155116881,-17.17229,-6.4905033,-6.615044 
3,1576155116912,-15.88377,-6.1887307,-7.5970025 
3,1576155116921,-13.072017,-6.6198344,-8.636441 
3,1576155116941,-10.178833,-6.9886675,-7.726333 
3,1576155116966,-8.123906,-6.6198344,-5.877378 
3,1576155116983,-7.0988383,-6.0019193,-4.5792775 
3,1576155117004,-6.0689797,-5.7719975,-4.267925 
3,1576155117030,-3.903882,-5.206773,-5.4366946 
3,1576155117043,-0.7807764,-4.282295,-6.1216702 
3,1576155117066,2.5147705,-2.9171338,-3.6739602 
3,1576155117086,6.1216702,-0.74724615,0.119750984 
3,1576155117106,9.532178,1.9255958,2.7063723 
3,1576155117125,12.003839,4.790039,3.7074904 
3,1576155117143,13.962964,7.189849,3.9517825 
3,1576155117165,14.997613,8.789722,5.0678616 
3,1576155117188,15.75923,9.465117,6.0450296 
3,1576155117206,15.89814,9.316627,6.3899126 
3,1576155117226,14.4802885,8.871153,5.2115626 
3,1576155117246,12.329561,8.392149,2.6967921 
3,1576155117267,10.700948,7.5395217,0.90052736 
3,1576155117285,9.517808,6.231841,0.081430666 
3,1576155117308,8.286768,4.5553274,0.18681154 
3,1576155117328,7.2329593,2.5147705,0.14370118 
3,1576155117345,5.4319043,0.27303225,-0.21555176 
3,1576155117366,2.562671,-1.9064356,-0.4981641 
3,1576155117383,-0.38320315,-3.6979103,-1.5663428 
3,1576155117403,-2.4716604,-5.3121533,-3.180586 
3,1576155117423,-4.3206153,-6.816226,-4.526587 
3,1576155117444,-7.5970025,-7.4676714,-4.287085 
3,1576155117464,-10.193204,-7.3766603,-4.608018 
3,1576155117485,-12.506792,-7.6017923,-5.125342 
3,1576155117505,-14.389278,-8.152647,-5.2882032 
3,1576155117526,-16.894468,-8.363408,-5.326524 
3,1576155117546,-20.946842,-7.846084,-5.575606 
3,1576155117566,-25.114176,-7.34313,-6.217471 
3,1576155117589,-28.778557,-7.7454934,-7.117998 
3,1576155117609,-33.98533,-6.485713,-7.975415 
3,1576155117629,-35.47024,-4.631968,-10.092612 
3,1576155117649,-30.713732,-4.7229786,-11.165582 
3,1576155117666,-24.39088,-5.8198977,-9.72378 
3,1576155117689,-20.060684,-6.231841,-7.2425394 
3,1576155117709,-17.454903,-6.0450296,-6.183941 
3,1576155117729,-14.68626,-5.886958,-6.9216065 
3,1576155117749,-11.788286,-5.944439,-7.6209526 
3,1576155117768,-9.302257,-5.977969,-6.706055 
3,1576155117790,-6.9311867,-5.6809864,-4.8571 
3,1576155117810,-5.4462748,-4.718189,-3.3865578 
3,1576155117829,-4.2200246,-3.8511915,-2.6105714 
3,1576155117848,-1.8154249,-2.9746144,-3.0033545 
3,1576155117873,1.9064356,-1.7818946,-3.2476466 
3,1576155117886,4.550537,-0.07185059,-1.8106349 
3,1576155117905,6.7635355,1.9112257,0.16765137 
3,1576155117925,10.447076,3.903882,0.9244776 
3,1576155117945,12.15712,6.3084817,0.4742139 
3,1576155117968,11.553575,8.411309,0.06706055 
3,1576155117990,11.663746,9.3309965,0.32572266 
3,1576155118010,12.798985,9.4507475,1.2358302 
3,1576155118028,14.64315,8.938213,2.0213966 
3,1576155118051,15.534098,8.358619,2.7638526 
3,1576155118072,14.130616,8.008945,3.3338673 
3,1576155118092,11.4625635,7.6592727,2.9985645 
3,1576155118112,9.479487,6.9216065,2.083667 
3,1576155118130,8.56459,5.6282964,1.1352394 
3,1576155118149,8.047266,3.8272414,0.5412744 
3,1576155118172,6.8593364,1.8202149,-0.1101709 
3,1576155118192,4.766089,-0.47900394,-0.34967285 
3,1576155118212,2.44771,-2.7973828,-0.98195803 
3,1576155118232,0.16286133,-4.9529004,-2.1076174 
3,1576155118252,-2.064507,-6.959927,-3.1997461 
3,1576155118272,-5.364844,-8.372989,-3.8224514 
3,1576155118290,-8.464,-9.196876,-4.641548 
3,1576155118312,-10.159674,-10.092612,-6.1504107 
3,1576155118333,-13.651612,-10.566827,-6.6198344 
3,1576155118352,-18.29795,-10.183623,-6.7635355 
3,1576155118374,-22.211412,-8.5502205,-7.5970025 
3,1576155118388,-24.041206,-7.213799,-8.732242 
3,1576155118409,-25.61713,-6.8497562,-7.999366 
3,1576155118429,-28.965368,-6.11688,-6.5144534 
3,1576155118449,-31.427448,-5.010381,-6.9934573 
3,1576155118469,-30.589191,-4.248765,-8.598121 
3,1576155118490,-27.102041,-4.3637257,-8.281978 
3,1576155118513,-22.886808,-5.0199614,-6.437813 
3,1576155118533,-20.218756,-5.5564456,-4.497847 
3,1576155118552,-19.289488,-5.815108,-3.7074904 
3,1576155118572,-17.325573,-5.9396486,-5.1780324 
3,1576155118594,-14.144986,-5.5803957,-7.2425394 
3,1576155118614,-12.042159,-4.8571,-7.2281694 
3,1576155118635,-10.408755,-4.6271777,-5.9635987 
3,1576155118655,-7.9849954,-4.799619,-4.536167 
3,1576155118675,-4.761299,-4.272715,-3.9182522 
3,1576155118695,-2.6488917,-2.4668703,-4.617598 
3,1576155118715,-1.590293,-1.2549903,-4.785249 
3,1576155118735,0.16286133,-0.5748047,-4.7948294 
3,1576155118754,2.9746144,0.3784131,-5.4223247 
3,1576155118772,5.728887,1.3507911,-3.2572267 
3,1576155118793,8.828042,2.4525,0.8095166 
3,1576155118810,12.17149,4.157754,4.5744877 
3,1576155118834,13.780943,6.0833497,6.1073003 
3,1576155118852,13.967754,7.937095,5.695357 
3,1576155118875,14.259947,8.890313,5.360054 
3,1576155118891,14.317428,8.62207,6.0737696 
3,1576155118915,13.244458,7.807764,7.4197707 
3,1576155118931,11.783497,6.8689165,7.4197707 
3,1576155118952,10.197993,5.7767873,6.3851223 
3,1576155118972,8.53106,4.478687,5.134922 
3,1576155118993,6.792276,3.032095,3.415298 
3,1576155119016,5.4366946,1.6381935,1.4178516 
3,1576155119035,4.502637,-0.100590825,0.100590825 
3,1576155119056,2.931504,-2.2225783,-0.4406836 
3,1576155119077,0.35925296,-4.138594,-0.8909473 
3,1576155119097,-2.1746778,-5.7145166,-1.5519727 
3,1576155119117,-4.88584,-6.9216065,-2.3614893 
3,1576155119135,-7.486831,-7.683223,-3.8703518 
3,1576155119157,-9.062755,-8.008945,-6.1504107 
3,1576155119178,-9.829161,-8.425679,-7.429351 
3,1576155119197,-11.984678,-9.158555,-6.5240335 
3,1576155119218,-14.882652,-9.460327,-6.0689797 
3,1576155119238,-17.641714,-9.158555,-7.31918 
3,1576155119258,-21.607866,-8.751402,-8.890313 
3,1576155119276,-28.04568,-8.392149,-10.514136 
3,1576155119296,-35.575623,-7.2904396,-12.147539 
3,1576155119318,-38.88075,-5.2929935,-14.4802885 
3,1576155119338,-35.33133,-4.8571,-13.661192 
3,1576155119356,-28.553425,-5.752837,-9.426797 
3,1576155119376,-22.613775,-6.7395854,-6.246211 
3,1576155119402,-18.772163,-7.2808595,-4.6942387 
3,1576155119413,-16.199913,-7.702383,-5.0534916 
3,1576155119434,-14.65752,-7.606582,-6.715635 
3,1576155119455,-12.674444,-7.1132083,-7.879615 
3,1576155119475,-10.552457,-6.3899126,-6.6581545 
3,1576155119495,-8.229287,-6.327642,-4.0763235 
3,1576155119514,-5.1732426,-6.447393,-2.8931837 
3,1576155119538,-2.7446926,-5.752837,-3.539839 
3,1576155119558,-1.9782863,-4.521797,-4.1864944 
3,1576155119577,-1.1591895,-3.3290772,-4.392466 
3,1576155119599,1.2358302,-2.4620802,-2.8596535 
3,1576155119619,5.1876125,-1.3268409,0.42152345 
3,1576155119639,9.3453665,0.9053174,3.3578174 
3,1576155119659,11.879297,4.521797,4.157754 
3,1576155119680,12.20981,7.534732,4.387676 
3,1576155119699,12.779825,8.847202,4.8666797 
3,1576155119720,14.307847,8.828042,5.4750147 
3,1576155119740,15.706539,8.363408,5.982759 
3,1576155119760,15.122154,7.7215433,5.149292 
3,1576155119779,12.846886,7.055728,3.7458107 
3,1576155119799,10.571617,6.2031007,2.5866213 
3,1576155119820,8.162227,5.2594633,2.2896388 
3,1576155119838,6.05461,4.2439747,2.2704787 
3,1576155119858,4.785249,3.0033545,1.9064356 
3,1576155119877,3.903882,1.5376027,1.5184424 
3,1576155119907,3.0225148,-0.29698244,1.3891114 
3,1576155119919,1.6525636,-2.0453467,0.4263135 
3,1576155119936,-0.4981641,-3.515889,-1.4992822 
3,1576155119957,-3.0704153,-4.976851,-2.668052 
3,1576155119978,-6.12646,-6.08814,-3.2524366 
3,1576155119996,-9.311836,-6.5048733,-4.82357 
3,1576155120017,-11.601475,-6.6677346,-6.926397 
3,1576155120034,-13.134288,-6.912027,-7.8029737 
3,1576155120054,-14.710211,-7.577842,-7.5012016 
3,1576155120076,-18.034498,-7.7454934,-7.8556643 
3,1576155120096,-22.527555,-6.351592,-10.389595 
3,1576155120115,-25.808731,-4.976851,-12.401412 
3,1576155120136,-26.225466,-5.125342,-11.730806 
3,1576155120157,-27.025402,-5.264253,-9.086704 
3,1576155120176,-28.543844,-4.1002736,-8.104747 
3,1576155120199,-28.00257,-3.1566358,-9.105865 
3,1576155120219,-24.52021,-3.391348,-9.359736 
3,1576155120239,-21.095333,-3.8607717,-7.27128 
3,1576155120265,-18.475182,-3.8703518,-6.3228517 
3,1576155120280,-16.233442,-3.8128712,-7.223379 
3,1576155120303,-14.73416,-3.6548,-7.965835 
3,1576155120321,-12.822935,-3.67875,-8.152647 
3,1576155120343,-9.934542,-3.8655617,-7.8029737 
3,1576155120361,-6.878496,-3.9517825,-6.3994923 
3,1576155120380,-4.727769,-3.9757326,-4.2343946 
3,1576155120406,-2.8692336,-3.66438,-3.5110989 
3,1576155120420,-1.9303858,-2.7638526,-3.6116896 
3,1576155120440,-1.4274317,-1.8058448,-2.9458742 
3,1576155120459,0.043110352,-0.6658155,-2.787803 
3,1576155120480,2.0070264,0.7041358,-1.9112257 
3,1576155120499,4.2008643,2.5866213,-0.023950197 
3,1576155120523,7.6496925,4.277505,1.7627344 
3,1576155120542,11.247012,6.09293,3.7506008 
3,1576155120566,13.51749,7.831714,5.2977834 
3,1576155120585,14.283897,9.0004835,5.8007374 
3,1576155120605,14.125826,9.340576,6.1312504 
3,1576155120629,13.6995125,9.153765,6.0737696 
3,1576155120645,12.976216,8.52627,4.7804594 
3,1576155120665,11.558365,7.5874224,3.0177248 
3,1576155120691,9.74294,6.365962,1.5040723 
3,1576155120705,8.080796,4.9289503,0.76161623 
3,1576155120725,6.6294146,3.3386574,0.4742139 
3,1576155120745,4.9481106,1.4705421,0.244292 
3,1576155120763,2.907554,-0.28261232,-0.119750984 
3,1576155120782,0.9867481,-1.9782863,-1.3507911 
3,1576155120806,-0.97237796,-3.9901028,-2.2417383 
3,1576155120826,-2.5339308,-5.7911572,-2.9794044 
3,1576155120844,-3.3147073,-7.783814,-4.263135 
3,1576155120863,-5.2882032,-9.64714,-4.84752 
3,1576155120883,-9.489068,-10.93087,-4.88105 
3,1576155120904,-14.485079,-11.366763,-5.4031644 
3,1576155120922,-19.48588,-10.279425,-7.1371584 
3,1576155120943,-21.89048,-8.861572,-9.929751 
3,1576155120962,-23.974146,-8.684341,-9.690249 
3,1576155120982,-30.258678,-7.927515,-6.615044 
3,1576155121003,-35.786385,-6.476133,-7.6401124 
3,1576155121026,-36.907253,-5.369634,-11.266172 
3,1576155121045,-33.477585,-5.494175,-11.247012 
3,1576155121067,-26.345217,-6.706055,-7.8556643 
3,1576155121087,-20.491789,-7.34313,-4.756509 
3,1576155121108,-17.584234,-7.0174074,-4.5553274 
3,1576155121126,-15.447877,-6.6485744,-6.830596 
3,1576155121144,-13.742622,-6.2605815,-8.406519 
3,1576155121168,-11.02667,-6.5479836,-8.737032 
3,1576155121188,-7.4580913,-6.6102543,-7.079678 
3,1576155121208,-5.039121,-5.6187162,-4.4547367 
3,1576155121228,-3.8272414,-4.493057,-3.2620168 
3,1576155121247,-1.9399658,-3.2668068,-3.8607717 
3,1576155121268,0.047900394,-1.8202149,-4.617598 
3,1576155121285,1.585503,-0.45026368,-4.1242237 
3,1576155121308,3.8703518,0.8143067,-2.2704787 
3,1576155121328,6.5240335,2.3902297,0.028740235 
3,1576155121349,8.344249,4.3397756,1.9447559 
3,1576155121366,10.063872,6.3947024,3.1566358 
3,1576155121385,12.18586,8.061636,4.023633 
3,1576155121410,12.808565,8.981323,5.513335 
3,1576155121424,12.856465,9.364527,5.7959476 
3,1576155121447,13.38816,9.211246,4.6846585 
3,1576155121462,12.770245,8.703502,3.5494192 
3,1576155121484,11.405084,7.999366,2.7303224 
3,1576155121505,10.217154,7.0413575,1.9830762 
3,1576155121528,8.861572,5.7863674,1.7244141 
3,1576155121549,7.2329593,4.2248144,1.5423926 
3,1576155121566,5.7863674,2.6249416,0.92926764 
3,1576155121589,4.4738965,0.96758795,-0.19160157 
3,1576155121609,2.8404932,-0.8143067,-0.9867481 
3,1576155121626,1.0585986,-2.7063723,-1.0298585 
3,1576155121648,-0.45026368,-4.526587,-1.5423926 
3,1576155121666,-2.1746778,-6.456973,-2.3902297 
3,1576155121686,-5.709727,-8.181387,-2.9985645 
3,1576155121706,-10.595567,-8.267608,-4.3445654 
3,1576155121729,-13.004956,-7.8269243,-7.443721 
3,1576155121749,-14.786851,-8.674761,-9.70941 
3,1576155121770,-20.161276,-7.9083548,-10.380015 
3,1576155121787,-23.298752,-6.0354495,-10.700948 
3,1576155121808,-22.570665,-5.910908,-8.909473 
3,1576155121830,-25.66024,-5.9156985,-6.7683253 
3,1576155121849,-31.317276,-4.9385304,-7.711963 
3,1576155121869,-33.539856,-3.8847218,-10.667418 
3,1576155121889,-31.068195,-4.0044727,-10.97398 
3,1576155121908,-26.527237,-4.785249,-7.9802055 
3,1576155121927,-21.464167,-5.513335,-5.384004 
3,1576155121950,-18.446442,-5.575606,-4.4451566 
3,1576155121967,-16.602276,-5.5468655,-5.5420756 
3,1576155121988,-14.178516,-5.6666164,-7.1467385 
3,1576155122011,-11.620635,-5.863008,-7.2760696 
3,1576155122031,-8.928633,-6.08814,-6.356382 
3,1576155122051,-6.1791506,-6.1408305,-5.384004 
3,1576155122069,-4.138594,-5.4031644,-5.000801 
3,1576155122092,-2.189048,-4.0763235,-4.7708793 
3,1576155122113,0.43110353,-2.8500733,-4.4738965 
3,1576155122130,3.295547,-1.3220508,-3.5542092 
3,1576155122150,5.886958,0.44547364,-1.6046631 
3,1576155122173,8.4448395,2.4572902,0.5460645 
3,1576155122193,10.705738,4.761299,2.184258 
3,1576155122213,12.21939,6.964717,3.7649708 
3,1576155122233,13.292359,8.655601,4.406836 
3,1576155122249,14.494658,9.857901,3.4631984 
3,1576155122272,14.801221,10.106983,3.0704153 
3,1576155122291,14.101875,9.508228,3.784131 
3,1576155122314,13.45043,8.674761,3.4631984 
3,1576155122334,12.324771,7.7407036,2.318379 
3,1576155122352,10.403965,6.6773148,1.5232325 
3,1576155122372,8.253238,5.398374,1.3986914 
3,1576155122392,6.461763,4.038003,1.3507911 
3,1576155122411,5.225933,2.5291407,0.9388477 
3,1576155122431,4.047583,0.6562354,0.4263135 
3,1576155122451,2.5051906,-1.341211,0.023950197 
3,1576155122470,0.79035646,-3.391348,-0.6466553 
3,1576155122491,-0.93405765,-5.465435,-1.5088624 
3,1576155122512,-3.3626075,-7.209009,-2.562671 
3,1576155122534,-5.4031644,-8.339458,-4.617598 
3,1576155122552,-6.964717,-9.8866415,-5.877378 
3,1576155122570,-11.108101,-10.193204,-6.5719337 
3,1576155122595,-16.099321,-9.508228,-8.123906 
3,1576155122616,-18.700314,-8.674761,-9.220825 
3,1576155122635,-19.672691,-8.167017,-9.843531 
3,1576155122655,-22.599405,-7.6209526,-9.163345 
3,1576155122676,-26.632618,-6.7635355,-8.416099 
3,1576155122699,-29.784464,-6.0833497,-9.479487 
3,1576155122716,-32.99379,-5.3169436,-10.782378 
3,1576155122736,-32.55311,-5.125342,-11.673326 
3,1576155122756,-27.360704,-5.839058,-10.9069195 
3,1576155122775,-23.097569,-6.998247,-7.664063 
3,1576155122795,-22.652096,-7.7502837,-5.609136 
3,1576155122816,-22.441334,-7.7598634,-8.2197075 
3,1576155122835,-18.274,-8.440049,-11.4625635 
3,1576155122853,-12.363091,-9.867481,-10.98835 
3,1576155122875,-7.7550735,-10.633887,-7.4916215 
3,1576155122895,-4.493057,-10.150093,-3.7314405 
3,1576155122913,-1.1831397,-8.57896,-2.1555176 
3,1576155122933,2.2273684,-5.7719975,-2.931504 
3,1576155122953,5.4031644,-2.8309133,-4.0906935 
3,1576155122972,8.756192,-0.06227051,-3.8320315 
3,1576155122993,10.806329,2.5578809,-1.5471827 
3,1576155123016,11.515254,4.8044095,1.7771046 
3,1576155123036,12.741505,6.543194,2.7734327 
3,1576155123055,13.3546295,8.032896,2.4860303 
3,1576155123074,13.254039,8.928633,3.0225148 
3,1576155123098,13.507911,9.024434,3.7649708 
3,1576155123118,13.44085,8.804092,4.0763235 
3,1576155123136,12.458892,8.301138,3.803291 
3,1576155123158,11.668535,7.5299416,2.9410841 
3,1576155123178,11.184742,6.5048733,2.42376 
3,1576155123199,10.4566555,5.0343313,2.4093897 
3,1576155123218,9.383687,3.3099172,1.9160157 
3,1576155123239,7.563472,1.6286134,0.728086 
3,1576155123256,5.527705,-0.2203418,-0.48379397 
3,1576155123278,3.63564,-2.5195606,-1.092129 
3,1576155123302,1.3699512,-5.144502,-1.3124708 
3,1576155123319,-0.93405765,-7.5059915,-1.8058448 
3,1576155123339,-2.327959,-9.383687,-3.5877395 
3,1576155123357,-4.119434,-11.299703,-5.585186 
3,1576155123378,-10.772799,-11.649376,-4.497847 
3,1576155123398,-15.969991,-9.522598,-6.7731156 
3,1576155123415,-14.216837,-9.594449,-13.153448 
3,1576155123435,-17.12918,-10.782378,-11.874507 
3,1576155123456,-25.60276,-9.843531,-6.720425 
3,1576155123475,-33.1327,-7.5970025,-8.229287 
3,1576155123495,-36.389927,-5.9061184,-14.073135 
3,1576155123518,-37.870052,-5.3935843,-14.509029 
3,1576155123538,-35.652264,-5.858218,-11.103311 
3,1576155123558,-29.16655,-6.825806,-9.196876 
3,1576155123575,-22.973028,-7.3479204,-8.55501 
3,1576155123600,-19.41403,-7.1563187,-8.104747 
3,1576155123621,-16.506475,-6.935977,-8.286768 
3,1576155123641,-13.215718,-6.734795,-8.52627 
3,1576155123661,-9.75252,-6.935977,-7.8844047 
3,1576155123682,-6.2941117,-6.327642,-6.725215 
3,1576155123701,-3.8320315,-5.3025737,-5.6282964 
3,1576155123721,-2.4668703,-4.258345,-4.387676 
3,1576155123739,-0.7664063,-3.1231055,-3.9422023 
3,1576155123761,0.847837,-1.8202149,-3.6308498 
3,1576155123781,2.0070264,-0.47900394,-2.3519094 
3,1576155123801,3.9374123,0.47900394,-0.119750984 
3,1576155123822,6.2653713,2.4620802,1.7004639 
3,1576155123839,8.435259,4.8091993,2.198628 
3,1576155123859,9.7142,6.480923,2.3471193 
3,1576155123879,10.839859,7.424561,3.051255 
3,1576155123899,12.616963,8.090376,3.8895118 
3,1576155123918,14.039605,8.3250885,4.8427296 
3,1576155123937,14.087505,8.358619,5.0487013 
3,1576155123957,13.110337,8.301138,3.8176613 
3,1576155123977,11.960728,7.807764,2.1076174 
3,1576155123999,10.96919,6.8737063,1.2502003 
3,1576155124022,9.68067,5.5803957,0.5987549 
3,1576155124041,7.831714,4.0906935,-0.06706055 
3,1576155124062,5.6187162,2.4956105,-0.119750984 
3,1576155124080,3.4775686,0.79993653,0.081430666 
3,1576155124103,1.5280225,-0.8382569,0.009580079 
3,1576155124122,-0.20118165,-2.562671,-0.3784131 
3,1576155124141,-2.0166066,-4.1960745,-1.2549903 
3,1576155124163,-4.4355764,-5.3169436,-2.816543 
3,1576155124183,-6.710845,-6.3084817,-4.905 
3,1576155124205,-9.829161,-6.9024467,-6.6773148 
3,1576155124227,-14.049185,-6.337222,-8.50711 
3,1576155124243,-16.506475,-5.1828227,-10.073453 
3,1576155124262,-17.383053,-4.5601172,-9.83874 
3,1576155124288,-18.470392,-4.5457473,-8.54543 
3,1576155124300,-20.247496,-4.402046,-8.028106 
3,1576155124324,-21.598288,-4.406836,-9.5561285 
3,1576155124350,-24.117847,-4.4643164,-11.199112 
3,1576155124364,-28.457623,-3.67875,-11.328443 
3,1576155124382,-28.543844,-3.271597,-11.333233 
3,1576155124415,-25.59797,-3.66438,-9.958491 
3,1576155124419,-22.608986,-4.6128078,-8.018526 
3,1576155124440,-21.636608,-4.905,-7.065308 
3,1576155124459,-21.224665,-4.6511283,-7.8700347 
3,1576155124480,-19.145786,-5.039121,-9.230406 
3,1576155124500,-15.543677,-6.638994,-9.3309965 
3,1576155124525,-11.903248,-8.229287,-7.3766603 
3,1576155124543,-8.808882,-8.947793,-5.2738333 
3,1576155124563,-5.5229154,-8.650811,-4.397256 
3,1576155124585,-2.2321582,-7.673643,-4.3014555 
3,1576155124606,0.5604346,-5.8917484,-2.6105714 
3,1576155124626,4.129014,-3.4967287,0.25866213 
3,1576155124646,8.339458,-0.35925296,2.2608986 
3,1576155124666,11.476934,3.1374757,3.1422658 
3,1576155124686,13.512701,5.8007374,4.0667434 
3,1576155124706,14.710211,7.678433,3.7697608 
3,1576155124725,15.083834,9.249566,2.4045997 
3,1576155124744,15.241905,9.623189,1.7148341 
3,1576155124765,14.715,9.273516,1.7387843 
3,1576155124785,13.35942,8.660391,1.1975098 
3,1576155124804,12.042159,7.8891945,0.12933107 
3,1576155124827,10.6817875,6.945557,-0.26345217 
3,1576155124845,9.201666,5.6666164,0.1101709 
3,1576155124865,7.678433,4.248765,0.9388477 
3,1576155124884,6.2845316,2.663262,1.695674 
3,1576155124902,5.120552,0.9244776,1.695674 
3,1576155124922,4.0044727,-0.8382569,0.9053174 
3,1576155124942,2.6345215,-2.8692336,0.043110352 
3,1576155124962,0.52690434,-4.8091993,-0.5556446 
3,1576155124983,-2.6009912,-6.2270513,-1.0681788 
3,1576155125002,-6.4282327,-6.744375,-2.2273684 
3,1576155125026,-8.349038,-6.8976564,-5.1971927 
3,1576155125047,-8.952583,-7.199429,-8.229287 
3,1576155125068,-11.160791,-7.31439,-9.489068 
3,1576155125083,-13.330679,-7.4964113,-10.102193 
3,1576155125104,-17.16271,-7.8891945,-9.81958 
3,1576155125126,-22.743107,-7.117998,-10.317744 
3,1576155125145,-25.324938,-5.7815776,-13.282779 
3,1576155125166,-25.65545,-5.2355127,-15.85024 
3,1576155125189,-27.365494,-5.0487013,-14.767691 
3,1576155125209,-28.721075,-4.7708793,-12.889996 
3,1576155125229,-27.379864,-4.727769,-12.616963 
3,1576155125248,-24.108267,-5.216353,-12.061319 
3,1576155125266,-21.157604,-5.8007374,-10.260264 
3,1576155125286,-19.088306,-5.5229154,-8.885523 
3,1576155125309,-16.228653,-5.0582814,-9.5561285 
3,1576155125329,-13.244458,-5.000801,-10.499766 
3,1576155125349,-11.127261,-5.254673,-9.905801 
3,1576155125369,-9.465117,-5.575606,-8.636441 
3,1576155125390,-7.7790236,-5.6187162,-7.7694435 
3,1576155125410,-5.886958,-5.4175344,-6.8018556 
3,1576155125435,-3.3626075,-5.010381,-5.4271145 
3,1576155125445,-1.1879297,-4.2343946,-3.2811768 
3,1576155125466,0.63707525,-2.9650342,-0.5221143 
3,1576155125485,3.0033545,-1.3028907,1.9447559 
3,1576155125506,5.858218,0.5843848,3.5542092 
3,1576155125527,8.258028,2.8548634,4.176914 
3,1576155125550,10.298584,5.0726514,3.903882 
3,1576155125568,11.429033,6.8114357,3.7122805 
3,1576155125589,12.10922,7.688013,4.387676 
3,1576155125611,13.086388,8.195757,4.296665 
3,1576155125632,14.188096,8.468789,2.9985645 
3,1576155125650,14.413228,8.502319,1.8250049 
3,1576155125668,12.933106,8.238868,1.4897022 
3,1576155125691,10.91171,7.668853,1.4130616 
3,1576155125712,9.201666,6.8593364,1.341211 
3,1576155125728,7.8844047,5.7480474,1.3220508 
3,1576155125752,6.830596,4.3493557,1.331631 
3,1576155125772,5.9252787,2.663262,1.092129 
3,1576155125789,4.7469287,0.82388675,0.3161426 
3,1576155125808,3.0225148,-1.0202783,-0.613125 
3,1576155125831,0.6945557,-2.9410841,-1.6142433 
3,1576155125850,-1.3555812,-4.703819,-2.672842 
3,1576155125870,-3.396138,-6.365962,-3.7697608 
3,1576155125890,-5.8917484,-7.9562554,-5.968389 
3,1576155125912,-10.98356,-8.047266,-8.454419 
3,1576155125938,-18.159039,-6.1216702,-9.814791 
3,1576155125947,-18.28358,-5.015171,-11.314073 
3,1576155125970,-15.692168,-6.222261,-9.182506 
3,1576155125989,-18.28837,-6.9551373,-4.1146436 
3,1576155126009,-21.507277,-6.4282327,-4.018843 
3,1576155126029,-22.259312,-5.824688,-8.928633 
3,1576155126052,-25.281828,-5.350474,-10.523716 
3,1576155126072,-29.837154,-4.378096,-9.192085 
3,1576155126096,-28.433674,-4.3397756,-10.298584 
3,1576155126113,-24.486681,-4.608018,-10.054293 
3,1576155126131,-21.737198,-4.617598,-7.453301 
3,1576155126153,-19.54336,-4.7469287,-6.10251 
3,1576155126173,-17.632135,-4.8379397,-6.6916847 
3,1576155126194,-17.03817,-4.82357,-7.5251517 
3,1576155126215,-15.189215,-5.2977834,-8.732242 
3,1576155126234,-11.941567,-5.4319043,-9.110655 
3,1576155126255,-10.461446,-5.2882032,-7.553892 
3,1576155126273,-9.086704,-5.4606447,-6.2893214 
3,1576155126291,-6.356382,-5.5708156,-5.719307 
3,1576155126315,-3.5206788,-5.0534916,-4.258345 
3,1576155126338,-1.1256592,-4.133804,-2.2656887 
3,1576155126357,1.2885206,-2.4764502,-0.4023633 
3,1576155126375,4.047583,-0.45026368,1.1975098 
3,1576155126393,7.3622904,1.8010547,2.0309765 
3,1576155126414,10.269844,4.148174,2.44771 
3,1576155126440,11.984678,6.11688,3.8080812 
3,1576155126450,13.301939,7.2808595,5.695357 
3,1576155126472,14.513819,7.5251517,6.9934573 
3,1576155126489,14.959292,7.4964113,7.726333 
3,1576155126510,14.149776,7.32397,8.047266 
3,1576155126530,12.487633,6.835386,7.5155716 
3,1576155126552,10.609937,6.1791506,5.815108 
3,1576155126572,8.938213,5.398374,4.148174 
3,1576155126597,7.6257424,4.2008643,3.0799952 
3,1576155126616,6.586304,2.8452833,2.4045997 
3,1576155126636,5.2019825,1.2837305,1.6381935 
3,1576155126655,3.4775686,-0.52690434,0.9436377 
3,1576155126674,1.5232325,-2.4764502,0.3305127 
3,1576155126692,-1.1304493,-4.267925,0.047900394 
3,1576155126715,-3.0991554,-5.6282964,-1.6046631 
3,1576155126732,-4.8331494,-6.9072366,-4.8331494 
3,1576155126756,-9.417217,-7.36708,-7.563472 
3,1576155126776,-15.361656,-7.055728,-7.5012016 
3,1576155126795,-18.087189,-6.08814,-6.1312504 
3,1576155126815,-17.335152,-5.8055277,-4.6846585 
3,1576155126837,-17.632135,-6.2653713,-3.6500099 
3,1576155126854,-20.86062,-5.7863674,-4.6846585 
3,1576155126875,-23.998096,-5.0678616,-7.30481 
3,1576155126897,-29.176128,-4.143384,-8.631651 
3,1576155126917,-31.987883,-3.319497,-10.279425 
3,1576155126943,-29.889845,-3.4488282,-10.744058 
3,1576155126952,-26.302105,-3.6212697,-9.158555 
3,1576155126975,-22.551504,-3.8799317,-7.6209526 
3,1576155126993,-19.61042,-4.014053,-6.8689165 
3,1576155127014,-17.747095,-3.9565725,-6.945557 
3,1576155127032,-16.01789,-4.3445654,-7.27128 
3,1576155127057,-14.384488,-5.1397123,-7.0030375 
3,1576155127076,-11.5823145,-5.5803957,-7.2569094 
3,1576155127099,-8.919053,-5.245093,-7.2569094 
3,1576155127118,-7.055728,-4.502637,-6.1312504 
3,1576155127136,-4.88584,-3.9517825,-4.550537 
3,1576155127159,-1.7866846,-3.3578174,-2.9410841 
3,1576155127179,1.2693604,-2.179468,-1.2693604 
3,1576155127199,3.3482375,-0.17723145,0.086220704 
3,1576155127217,4.6511283,2.0549269,0.7711963 
3,1576155127239,7.1611085,3.9901028,0.7041358 
3,1576155127259,10.226734,5.4989653,1.8633252 
3,1576155127277,12.583433,6.672525,4.181704 
3,1576155127298,14.226417,7.6496925,5.6857767 
3,1576155127320,14.873072,8.181387,6.1695704 
3,1576155127339,14.983243,8.080796,5.4127445 
3,1576155127360,13.780943,7.654483,3.8224514 
3,1576155127380,11.663746,7.0078273,2.193838 
3,1576155127398,9.378897,5.9156985,1.2885206 
3,1576155127419,7.2185893,4.4451566,1.1112891 
3,1576155127443,5.479805,2.6057813,0.977168 
3,1576155127455,3.908672,0.6466553,0.6514453 
3,1576155127476,2.2321582,-1.331631,0.27303225 
3,1576155127497,-0.14849122,-3.276387,0.06706055 
3,1576155127517,-2.8979738,-5.0343313,-0.23471193 
3,1576155127538,-5.3408937,-6.1935205,-1.8729054 
3,1576155127559,-7.424561,-6.6102543,-5.0630717 
3,1576155127577,-10.073453,-6.821016,-7.4676714 
3,1576155127599,-13.852794,-6.9216065,-8.272398 
3,1576155127621,-16.415464,-6.2845316,-9.321417 
3,1576155127642,-15.955621,-6.825806,-10.298584 
3,1576155127661,-18.403332,-7.031778,-9.369317 
3,1576155127682,-23.667583,-6.6773148,-8.808882 
3,1576155127702,-30.320948,-5.345684,-11.199112 
3,1576155127722,-33.966167,-3.539839,-15.399976 
3,1576155127742,-31.51846,-3.544629,-16.415464 
3,1576155127762,-26.77153,-4.4738965,-13.292359 
3,1576155127782,-21.694088,-5.1540823,-10.140513 
3,1576155127800,-18.044079,-5.225933,-8.54064 
3,1576155127821,-16.257393,-5.015171,-7.951465 
3,1576155127840,-15.203585,-4.9624805,-7.3096 
3,1576155127860,-12.516373,-5.1397123,-7.822134 
3,1576155127885,-9.479487,-5.225933,-8.147857 
3,1576155127900,-8.229287,-4.430786,-6.327642 
3,1576155127921,-7.654483,-3.6979103,-4.248765 
3,1576155127947,-5.4223247,-3.4488282,-3.1326857 
3,1576155127961,-2.572251,-2.9698243,-1.9016455 
3,1576155127979,-0.6562354,-1.7531544,-0.49337405 
3,1576155128004,0.28740236,-0.25866213,0.0 
3,1576155128019,1.5184424,1.092129,0.25387207 
3,1576155128038,4.272715,2.3998096,0.35925296 
3,1576155128068,7.199429,3.9326222,0.53169435 
3,1576155128083,9.254355,5.575606,0.9867481 
3,1576155128103,10.921289,7.0078273,1.2597803 
3,1576155128129,12.693604,7.941885,1.5998731 
3,1576155128141,14.413228,8.190968,2.5243506 
3,1576155128164,15.126944,8.253238,3.2524366 
3,1576155128184,14.034815,8.023315,3.3434474 
3,1576155128204,12.23376,7.510782,2.5578809 
3,1576155128225,10.2315235,6.696475,1.9064356 
3,1576155128244,8.272398,5.5564456,1.2166699 
3,1576155128265,6.7683253,4.181704,0.33530274 
3,1576155128282,5.336104,2.4908204,-0.5029541 
3,1576155128304,3.63564,0.51732427,-1.0681788 
3,1576155128325,1.5998731,-1.3603711,-0.9244776 
3,1576155128345,-0.7041358,-3.2093263,-0.91010743 
3,1576155128365,-2.8836036,-4.6032276,-2.1267774 
3,1576155128385,-4.598438,-5.633086,-5.130132 
3,1576155128405,-6.9886675,-6.969507,-7.1706886 
3,1576155128425,-10.284214,-7.697593,-6.11688 
3,1576155128443,-11.960728,-7.937095,-6.217471 
3,1576155128461,-14.528189,-7.558682,-8.291558 
3,1576155128480,-18.882336,-7.33355,-9.580078 
3,1576155128502,-26.220675,-6.7683253,-10.121353 
3,1576155128521,-32.548317,-5.360054,-13.397739 
3,1576155128542,-34.44517,-4.2918754,-15.974781 
3,1576155128563,-34.905018,-3.415298,-13.967754 
3,1576155128586,-31.935192,-3.4057178,-10.705738 
3,1576155128604,-24.960896,-4.3541455,-9.455538 
3,1576155128625,-19.59605,-4.89542,-7.951465 
3,1576155128646,-17.426163,-4.9864306,-6.183941 
3,1576155128665,-15.591578,-5.087022,-6.327642 
3,1576155128687,-12.985797,-5.2355127,-7.582632 
3,1576155128707,-10.523716,-5.1732426,-7.893985 
3,1576155128725,-8.406519,-5.005591,-7.074888 
3,1576155128747,-6.7731156,-4.617598,-5.101392 
3,1576155128767,-4.756509,-4.191284,-3.8128712 
3,1576155128786,-2.4764502,-3.3578174,-4.0044727 
3,1576155128805,-0.67539555,-2.2896388,-4.0763235 
3,1576155128826,1.5136524,-1.1400293,-2.816543 
3,1576155128846,4.181704,0.26345217,-0.25866213 
3,1576155128865,7.2808595,2.193838,1.719624 
3,1576155128885,10.4566555,4.3158255,2.9171338 
3,1576155128907,12.650494,6.351592,3.1949563 
3,1576155128929,13.287569,7.8748245,3.3865578 
3,1576155128946,13.986915,8.5502205,3.6068995 
3,1576155128964,14.978453,8.401729,3.558999 
3,1576155128987,14.317428,8.066426,3.0608351 
3,1576155129004,12.458892,7.683223,1.8633252 
3,1576155129024,10.667418,7.0365677,0.9244776 
3,1576155129046,8.875943,6.1456203,0.7232959 
3,1576155129067,7.1706886,4.9433208,0.49337405 
3,1576155129090,5.5324955,3.544629,0.20118165 
3,1576155129106,3.9278321,1.8537452,0.07185059 
3,1576155129127,2.4045997,0.1341211,-0.34009278 
3,1576155129148,0.79993653,-1.6094532,-1.0633887 
3,1576155129169,-1.336421,-3.3386574,-1.5998731 
3,1576155129189,-3.6452198,-4.91937,-1.8633252 
3,1576155129205,-5.5708156,-6.437813,-2.8404932 
3,1576155129230,-8.631651,-7.074888,-4.4451566 
3,1576155129249,-11.122471,-6.844966,-7.697593 
3,1576155129269,-12.22418,-6.734795,-11.266172 
3,1576155129288,-15.85024,-7.065308,-11.108101 
3,1576155129310,-22.05334,-5.886958,-9.235196 
3,1576155129330,-23.638844,-5.589976,-10.566827 
3,1576155129348,-26.091345,-5.0726514,-13.800103 
3,1576155129369,-30.359268,-4.148174,-16.219072 
3,1576155129387,-31.844181,-3.535049,-16.089743 
3,1576155129410,-28.764185,-3.8847218,-13.977335 
3,1576155129431,-23.883135,-4.6128078,-11.175161 
3,1576155129447,-19.730171,-5.0487013,-8.866363 
3,1576155129467,-17.507593,-4.9385304,-7.7167535 
3,1576155129488,-15.783179,-4.727769,-8.004155 
3,1576155129507,-13.962964,-4.751719,-8.47837 
3,1576155129527,-11.601475,-5.149292,-8.262817 
3,1576155129549,-8.708291,-5.2929935,-7.448511 
3,1576155129568,-6.217471,-4.9145803,-5.7911572 
3,1576155129589,-4.766089,-4.3397756,-3.65959 
3,1576155129607,-3.1422658,-3.4967287,-2.327959 
3,1576155129631,0.06227051,-2.5147705,-2.5243506 
3,1576155129651,2.4620802,-1.0346485,-2.184258 
3,1576155129672,4.287085,0.6993457,-0.81909674 
3,1576155129692,6.5336137,2.6441016,0.9484278 
3,1576155129711,9.8866415,4.4403663,2.4572902 
3,1576155129733,11.821816,6.6342044,2.8261232 
3,1576155129752,12.15712,8.349038,2.0932472 
3,1576155129772,13.153448,9.139395,1.2981006 
3,1576155129792,14.010865,9.3309965,1.341211 
3,1576155129811,14.0300255,8.780142,2.1650977 
3,1576155129832,13.254039,7.9562554,2.6153615 
3,1576155129850,11.970308,7.2329593,1.5950831 
3,1576155129871,10.197993,6.231841,0.6322852 
3,1576155129888,8.200547,4.9529004,0.4023633 
3,1576155129909,6.3228517,3.515889,0.12933107 
3,1576155129927,4.6654983,1.829795,-0.17723145 
3,1576155129947,3.027305,-0.0047900393,-0.39278322 
3,1576155129968,1.2406201,-1.705254,-0.35925296 
3,1576155129987,-0.7185059,-3.2332766,-0.8382569 
3,1576155130008,-2.4045997,-4.6607084,-2.0549269 
3,1576155130028,-3.66438,-6.2605815,-3.2236965 
3,1576155130052,-5.245093,-7.563472,-4.3349857 
3,1576155130071,-7.9083548,-8.5598,-5.815108 
3,1576155130089,-11.385923,-9.034014,-6.835386 
3,1576155130109,-15.098204,-9.469908,-7.831714 
3,1576155130132,-19.701431,-9.307046,-8.52148 
3,1576155130154,-24.774082,-8.071217,-9.968072 
3,1576155130174,-28.725866,-6.6677346,-11.520044 
3,1576155130195,-31.623838,-5.997129,-11.783497 
3,1576155130215,-33.19018,-5.4989653,-11.02188 
3,1576155130235,-31.226267,-5.1540823,-10.92608 
3,1576155130255,-27.087671,-4.9624805,-10.471025 
3,1576155130273,-22.618565,-5.158872,-8.995694 
3,1576155130292,-19.394869,-5.398374,-7.223379 
3,1576155130315,-16.841778,-5.494175,-6.476133 
3,1576155130336,-14.207256,-5.2977834,-7.031778 
3,1576155130355,-11.663746,-4.8331494,-7.6161623 
3,1576155130377,-9.479487,-4.4403663,-7.1371584 
3,1576155130396,-7.8412943,-4.2152348,-5.724097 
3,1576155130413,-6.557564,-3.9565725,-3.9901028 
3,1576155130434,-4.9241605,-3.6068995,-2.9650342 
3,1576155130452,-3.2668068,-2.9698243,-2.668052 
3,1576155130472,-2.0405567,-1.705254,-2.3998096 
3,1576155130494,-0.5364844,-0.49337405,-2.562671 
3,1576155130512,1.3843213,0.5939649,-2.193838 
3,1576155130532,4.311035,1.9208057,-0.56522465 
3,1576155130554,7.9706254,3.4344583,1.1208692 
3,1576155130573,11.309282,5.158872,2.5578809 
3,1576155130596,14.365328,6.8018556,3.3769777 
3,1576155130613,16.295713,7.9083548,4.0667434 
3,1576155130637,16.396305,8.190968,4.655918 
3,1576155130655,15.404766,8.076006,4.4691067 
3,1576155130677,14.097086,7.711963,3.3051271 
3,1576155130695,12.324771,7.1227884,2.42376 
3,1576155130718,10.308165,6.08814,2.0932472 
3,1576155130738,8.047266,4.88584,1.4465919 
3,1576155130758,5.863008,3.6116896,0.63707525 
3,1576155130778,3.9374123,2.203418,0.09580079 
3,1576155130797,2.4093897,0.52690434,-0.1820215 
3,1576155130816,1.2166699,-1.1352394,-0.7711963 
3,1576155130837,0.23950197,-2.8404932,-1.7914747 
3,1576155130855,-0.5364844,-4.8044095,-2.3566992 
3,1576155130876,-2.7351124,-6.567144,-1.7627344 
3,1576155130898,-5.4366946,-7.7167535,-1.9878663 
3,1576155130916,-7.7311234,-8.851993,-3.5110989 
3,1576155130935,-11.122471,-9.522598,-6.0450296 
3,1576155130954,-14.341377,-8.813672,-10.935659 
3,1576155130974,-15.634688,-8.861572,-13.498331 
3,1576155130994,-19.41882,-9.350157,-11.074571 
3,1576155131014,-26.96792,-8.727451,-8.449629 
3,1576155131035,-32.51,-7.2664895,-11.242222 
3,1576155131058,-35.03914,-5.738467,-14.863492 
3,1576155131078,-34.593662,-5.3217335,-13.756992 
3,1576155131099,-29.894634,-6.1216702,-9.77647 
3,1576155131117,-23.681953,-6.816226,-7.2329593 
3,1576155131138,-19.658321,-6.844966,-6.806646 
3,1576155131160,-17.684826,-6.6342044,-7.4054008 
3,1576155131180,-16.233442,-6.303692,-8.468789 
3,1576155131198,-13.632452,-6.0833497,-8.957374 
3,1576155131220,-10.413546,-6.10251,-8.200547 
3,1576155131240,-7.3383403,-5.824688,-6.6198344 
3,1576155131260,-4.8283596,-4.91937,-5.1061816 
3,1576155131278,-3.0368848,-3.9853127,-4.0427933 
3,1576155131295,-1.3172607,-3.1039455,-3.2476466 
3,1576155131316,0.5987549,-1.949546,-3.3578174 
3,1576155131335,3.2428565,-0.30177248,-4.2104445 
3,1576155131355,5.839058,1.590293,-4.119434 
3,1576155131380,8.866363,3.1853762,-2.1411476 
3,1576155131402,11.227852,4.84752,0.9148975 
3,1576155131419,12.420572,6.552774,3.4871485 
3,1576155131439,13.321099,7.8748245,4.248765 
3,1576155131457,14.101875,8.468789,4.416416 
3,1576155131480,13.857584,8.53585,5.3217335 
3,1576155131496,12.789405,8.200547,6.11209 
3,1576155131516,11.596685,7.414981,5.4366946 
3,1576155131540,10.250684,6.4330225,3.8128712 
3,1576155131559,8.425679,5.336104,2.3135889 
3,1576155131579,6.638994,4.248765,1.1783496 
3,1576155131606,5.1397123,2.907554,0.40715334 
3,1576155131620,3.5685792,1.1975098,-0.12454102 
3,1576155131642,1.7579445,-0.45505372,-0.50774413 
3,1576155131668,0.009580079,-2.0261867,-1.4370118 
3,1576155131680,-1.6142433,-3.5733693,-2.6536818 
3,1576155131699,-3.5110989,-5.149292,-3.3865578 
3,1576155131728,-5.5708156,-6.3899126,-4.282295 
3,1576155131742,-7.965835,-7.180269,-5.206773 
3,1576155131763,-11.486514,-7.4964113,-4.89542 
3,1576155131783,-13.258829,-7.8508744,-5.096602 
3,1576155131802,-13.182188,-8.54064,-6.720425 
3,1576155131822,-15.399976,-8.746612,-7.4772515 
3,1576155131841,-21.004322,-8.502319,-7.6353226 
3,1576155131861,-27.921139,-6.816226,-9.354947 
3,1576155131880,-31.983091,-5.3121533,-13.311519 
3,1576155131902,-33.606915,-4.4116263,-15.011983 
3,1576155131920,-32.030994,-3.9757326,-13.32589 
3,1576155131940,-26.608667,-4.4691067,-11.179952 
3,1576155131961,-21.171974,-5.0199614,-9.278306 
3,1576155131978,-18.005758,-5.2115626,-7.6449027 
3,1576155131999,-17.14834,-5.0822315,-7.031778 
3,1576155132019,-15.270645,-5.3552637,-7.937095 
3,1576155132040,-11.520044,-5.728887,-8.598121 
3,1576155132063,-9.690249,-5.1971927,-6.2797413 
3,1576155132084,-8.938213,-4.617598,-2.8500733 
3,1576155132104,-7.822134,-4.0763235,-1.2549903 
3,1576155132122,-5.5708156,-3.300337,-2.4333398 
3,1576155132141,-4.2296047,-2.2273684,-3.6452198 
3,1576155132165,-3.6116896,-1.2597803,-3.6308498 
3,1576155132186,-2.1219873,-0.5843848,-3.3434474 
3,1576155132205,0.97237796,0.23471193,-3.4584084 
3,1576155132225,4.167334,1.6669337,-2.7351124 
3,1576155132245,7.2616997,3.2332766,-1.3891114 
3,1576155132265,10.078242,5.149292,-0.19639161 
3,1576155132283,12.099639,7.189849,0.39278322 
3,1576155132305,13.943805,8.392149,1.5136524 
3,1576155132326,15.237115,8.943004,2.792593 
3,1576155132345,15.098204,9.292676,3.1997461 
3,1576155132366,14.408438,9.048384,2.9841945 
3,1576155132383,13.0241165,8.214917,2.792593 
3,1576155132405,11.184742,7.0126176,2.811753 
3,1576155132426,9.101074,5.479805,2.6105714 
3,1576155132450,6.9168167,3.8272414,1.5950831 
3,1576155132461,4.967271,2.2608986,0.09101075 
3,1576155132486,3.3242872,0.4742139,-0.9915381 
3,1576155132502,2.0213966,-1.4944923,-1.1208692 
3,1576155132521,0.4406836,-3.439248,-0.9148975 
3,1576155132541,-1.4082716,-5.2355127,-1.0250684 
3,1576155132564,-3.5733693,-6.792276,-1.9112257 
3,1576155132586,-6.6821046,-7.6353226,-2.9985645 
3,1576155132606,-9.73815,-8.205338,-5.0199614 
3,1576155132627,-13.512701,-8.808882,-6.5288234 
3,1576155132645,-17.938698,-8.076006,-8.631651 
3,1576155132668,-20.261866,-6.447393,-11.452984 
3,1576155132684,-20.6307,-6.342012,-11.658956 
3,1576155132708,-22.350323,-6.8737063,-8.58854 
3,1576155132728,-25.909323,-6.6102543,-6.696475 
3,1576155132748,-29.377312,-5.7767873,-8.2197075 
3,1576155132768,-30.699362,-5.101392,-10.753638 
3,1576155132788,-29.24798,-4.6990285,-10.950029 
3,1576155132807,-24.639961,-5.158872,-9.077125 
3,1576155132826,-20.257076,-5.3935843,-6.7635355 
3,1576155132846,-17.881216,-5.134922,-5.0487013 
3,1576155132866,-16.554377,-4.7708793,-4.8044095 
3,1576155132887,-14.772481,-4.4643164,-6.2941117 
3,1576155132908,-12.013418,-4.4499464,-7.7407036 
3,1576155132924,-9.350157,-4.679868,-7.510782 
3,1576155132943,-7.2425394,-4.5696974,-5.8438478 
3,1576155132964,-5.733677,-4.3062453,-3.6979103 
3,1576155132984,-3.4679885,-3.784131,-2.936294 
3,1576155133004,-0.8669971,-2.7159522,-2.8644435 
3,1576155133025,0.85741705,-1.2454102,-2.1219873 
3,1576155133045,2.4668703,0.42152345,-1.341211 
3,1576155133065,4.512217,2.2225783,-1.3124708 
3,1576155133089,6.476133,4.143384,-0.852627 
3,1576155133106,7.6305327,6.0498195,0.23950197 
3,1576155133129,8.54064,7.434141,0.87178713 
3,1576155133146,10.499766,8.487949,0.9436377 
3,1576155133170,13.316309,9.163345,1.1448194 
3,1576155133189,15.093413,9.326206,2.0932472 
3,1576155133210,15.045513,9.134604,3.4057178 
3,1576155133230,13.675562,8.53585,4.152964 
3,1576155133250,11.840977,7.697593,3.558999 
3,1576155133270,9.814791,6.821016,2.323169 
3,1576155133288,7.9083548,5.728887,0.9053174 
3,1576155133309,6.0689797,4.478687,-0.023950197 
3,1576155133330,4.7948294,2.8836036,-0.22513184 
3,1576155133350,3.4775686,1.1448194,-0.24908204 
3,1576155133370,1.9255958,-0.50774413,-0.45505372 
3,1576155133391,0.32572266,-2.193838,-0.62749517 
3,1576155133411,-1.1256592,-3.7506008,-0.7951465 
3,1576155133427,-2.7542725,-5.2355127,-1.5280225 
3,1576155133452,-4.4547367,-6.5479836,-2.692002 
3,1576155133467,-5.508545,-7.8508744,-4.536167 
3,1576155133489,-7.046148,-9.905801,-6.13604 
3,1576155133507,-12.324771,-10.758429,-6.3707523 
3,1576155133527,-21.128862,-8.416099,-7.462881 
3,1576155133549,-23.758595,-6.447393,-10.466236 
3,1576155133569,-23.878345,-6.5048733,-10.039923 
3,1576155133591,-28.03131,-6.303692,-5.336104 
3,1576155133611,-31.643,-5.7001467,-5.245093 
3,1576155133629,-35.355278,-4.0044727,-8.54064 
3,1576155133652,-33.621284,-3.3673975,-11.893667 
3,1576155133672,-27.125992,-4.392466,-11.587105 
3,1576155133692,-21.99107,-5.0918117,-7.9610453 
3,1576155133713,-18.542242,-4.8331494,-6.1408305 
3,1576155133733,-15.720909,-4.4403663,-6.5479836 
3,1576155133753,-13.675562,-4.0763235,-7.510782 
3,1576155133773,-12.085269,-4.047583,-7.3766603 
3,1576155133793,-9.493857,-4.608018,-6.1695704 
3,1576155133812,-6.246211,-4.90979,-4.5888577 
3,1576155133830,-4.033213,-4.129014,-3.1470559 
3,1576155133850,-2.6584718,-3.3434474,-1.6334034 
3,1576155133871,-1.1304493,-2.3662794,-0.9053174 
3,1576155133893,0.728086,-0.8286768,-2.208208 
3,1576155133914,2.4668703,0.9484278,-4.033213 
3,1576155133932,3.8751419,2.7638526,-3.7601807 
3,1576155133958,5.977969,4.4547367,-1.8633252 
3,1576155133970,8.262817,6.0593996,0.37362307 
3,1576155133994,9.948912,7.6305327,2.1363575 
3,1576155134009,10.868599,8.995694,2.4620802 
3,1576155134030,11.376344,9.958491,1.9208057 
3,1576155134051,11.079361,10.471025,1.3795313 
3,1576155134074,10.403965,10.4566555,0.6849756 
3,1576155134094,10.083033,10.001602,0.038320314 
3,1576155134113,9.527389,9.129815,-0.028740235 
3,1576155134133,8.717872,7.941885,0.46463382 
3,1576155134155,7.6353226,6.605464,0.9580079 
3,1576155134173,6.4426026,5.125342,0.9915381 
3,1576155134195,5.2355127,3.6021094,0.7664063 
3,1576155134217,3.9565725,1.8441651,0.5891748 
3,1576155134236,2.6967921,-0.081430666,0.28261232 
3,1576155134256,1.0777588,-1.6908839,-0.23950197 
3,1576155134275,-0.53169435,-3.2811768,-1.1400293 
3,1576155134292,-1.9591261,-4.6846585,-2.304009 
3,1576155134315,-4.0906935,-5.9300685,-2.7686427 
3,1576155134336,-7.5012016,-6.615044,-2.7494826 
3,1576155134356,-10.049502,-6.8976564,-4.2200246 
3,1576155134376,-12.15712,-6.6821046,-6.461763 
3,1576155134396,-14.068345,-7.0509377,-8.109536 
3,1576155134415,-17.402212,-7.4054008,-8.104747 
3,1576155134434,-23.370602,-7.0174074,-7.6113725 
3,1576155134463,-29.228819,-5.9540186,-9.019644 
3,1576155134471,-32.399826,-5.0678616,-11.620635 
3,1576155134492,-32.98421,-4.5936475,-12.291241 
3,1576155134512,-31.149626,-4.4834766,-10.255474 
3,1576155134532,-27.638527,-4.311035,-8.171807 
3,1576155134554,-22.982609,-4.311035,-7.3958206 
3,1576155134574,-18.949396,-4.4259963,-6.7874856 
3,1576155134596,-16.951948,-4.4499464,-5.992339 
3,1576155134616,-15.222745,-4.6942387,-6.5623536 
3,1576155134636,-13.167818,-5.216353,-7.4964113 
3,1576155134656,-10.696157,-5.585186,-7.2521195 
3,1576155134675,-8.794512,-5.599556,-5.5468655 
3,1576155134697,-7.2664895,-5.384004,-3.8751419 
3,1576155134716,-4.8906302,-4.718189,-4.3158255 
3,1576155134738,-1.705254,-3.7074904,-5.3217335 
3,1576155134758,0.17244141,-2.3614893,-4.253555 
3,1576155134778,1.5807129,-1.0538087,-1.6286134 
3,1576155134798,4.9002104,0.5939649,-0.4167334 
3,1576155134817,7.6257424,2.9937747,-0.60833496 
3,1576155134836,8.871153,5.2834134,0.13891114 
3,1576155134857,9.891431,7.0365677,1.1543995 
3,1576155134877,11.635005,8.334668,1.1783496 
3,1576155134896,12.846886,9.642349,0.4167334 
3,1576155134918,12.669654,10.566827,-0.047900394 
3,1576155134937,12.19544,10.815908,0.19639161 
3,1576155134969,11.898458,10.408755,0.92926764 
3,1576155134973,11.275752,9.627979,1.341211 
3,1576155134994,10.289004,8.741821,0.852627 
3,1576155135014,9.062755,7.6592727,0.34967285 
3,1576155135034,7.879615,6.2031007,0.25866213 
3,1576155135057,6.7970657,4.598438,0.2203418 
3,1576155135079,5.7815776,2.8644435,0.16286133 
3,1576155135097,4.799619,0.977168,-0.2682422 
3,1576155135121,3.4775686,-0.9963282,-0.6179151 
3,1576155135138,1.4418018,-2.955454,-1.0873389 
3,1576155135159,-0.50774413,-4.7804594,-2.1507277 
3,1576155135180,-2.8213332,-6.2797413,-3.9613624 
3,1576155135205,-6.2893214,-7.237749,-6.337222 
3,1576155135220,-10.207574,-7.424561,-7.486831 
3,1576155135240,-13.37858,-6.940767,-8.008945 
3,1576155135266,-15.878981,-7.1371584,-8.310719 
3,1576155135279,-20.257076,-6.8737063,-7.553892 
3,1576155135300,-24.50105,-5.575606,-8.58854 
3,1576155135327,-26.287735,-4.89542,-9.968072 
3,1576155135342,-29.564123,-4.5840673,-8.789722 
3,1576155135361,-32.68723,-3.8895118,-7.692803 
3,1576155135381,-31.494509,-3.439248,-8.392149 
3,1576155135401,-27.485245,-3.439248,-8.056846 
3,1576155135419,-23.686745,-3.68354,-6.3707523 
3,1576155135439,-20.146906,-3.9901028,-5.455855 
3,1576155135469,-17.646505,-4.152964,-5.158872 
3,1576155135476,-15.620318,-4.2152348,-5.757627 
3,1576155135499,-13.498331,-4.0523734,-6.706055 
3,1576155135517,-10.91171,-3.9469924,-6.9790874 
3,1576155135537,-8.305928,-3.6739602,-5.997129 
3,1576155135558,-6.552774,-2.8692336,-5.1397123 
3,1576155135579,-5.225933,-2.2417383,-4.905 
3,1576155135601,-3.8847218,-2.0213966,-4.4595265 
3,1576155135623,-1.4944923,-1.710044,-3.8655617 
3,1576155135643,2.0405567,-0.9388477,-2.9698243 
3,1576155135663,4.7086086,0.15328126,-1.0202783 
3,1576155135683,6.6198344,1.590293,0.64186525 
3,1576155135703,9.024434,3.4775686,0.9580079 
3,1576155135722,10.801538,5.7911572,0.6706055 
3,1576155135742,11.558365,7.817344,1.0585986 
3,1576155135762,12.636124,9.0004835,2.2513185 
3,1576155135783,13.771363,9.623189,3.0416749 
3,1576155135803,13.752203,9.7621,3.166216 
3,1576155135822,12.851675,9.551338,2.6249416 
3,1576155135842,12.09485,9.010064,1.5663428 
3,1576155135862,11.112891,8.210127,0.5125342 
3,1576155135882,9.7812605,7.094048,0.27303225 
3,1576155135903,8.54543,5.5516553,0.75203615 
3,1576155135921,7.3383403,3.5733693,1.0346485 
3,1576155135942,5.9156985,1.456172,0.91010743 
3,1576155135961,4.4355764,-0.6179151,0.7041358 
3,1576155135981,2.8500733,-2.7590625,-0.038320314 
3,1576155136002,0.9388477,-4.88105,-0.847837 
3,1576155136021,-1.3603711,-6.6294146,-1.6908839 
3,1576155136040,-4.3206153,-7.9849954,-2.0980372 
3,1576155136062,-8.119117,-8.464,-2.2896388 
3,1576155136081,-11.381133,-8.464,-4.521797 
3,1576155136105,-14.140196,-7.9466753,-8.760982 
3,1576155136123,-16.97111,-7.31918,-10.97877 
3,1576155136141,-19.251167,-7.4197707,-9.75252 
3,1576155136163,-22.652096,-7.189849,-7.726333 
3,1576155136185,-27.207422,-5.9540186,-8.598121 
3,1576155136208,-30.220358,-4.727769,-11.9128275 
3,1576155136225,-31.226267,-4.071533,-13.522281 
3,1576155136245,-30.220358,-4.191284,-11.270963 
3,1576155136265,-26.77632,-4.497847,-8.392149 
3,1576155136284,-22.11082,-4.679868,-7.32876 
3,1576155136306,-18.930235,-4.5409575,-6.662945 
3,1576155136326,-17.665665,-4.138594,-6.1791506 
3,1576155136344,-15.9652,-4.095484,-6.8832865 
3,1576155136366,-13.301939,-4.272715,-7.6305327 
3,1576155136386,-11.165582,-4.253555,-6.974297 
3,1576155136407,-9.077125,-4.0044727,-5.997129 
3,1576155136425,-6.4426026,-3.774551,-5.5372853 
3,1576155136444,-4.018843,-3.180586,-5.039121 
3,1576155136474,-2.4716604,-2.0405567,-4.8571 
3,1576155136482,-1.456172,-0.81909674,-5.3025737 
3,1576155136503,0.8095166,-0.28740236,-5.709727 
3,1576155136522,4.0763235,0.33530274,-4.3014555 
3,1576155136543,7.2185893,1.3555812,-0.8382569 
3,1576155136562,10.566827,3.0943654,0.9867481 
3,1576155136586,13.239669,5.398374,1.22625 
3,1576155136604,14.183307,7.070098,3.755391 
3,1576155136628,13.728252,7.9562554,7.3958206 
3,1576155136648,14.006075,8.392149,7.913145 
3,1576155136668,14.288687,8.440049,6.09293 
3,1576155136687,13.282779,8.229287,4.785249 
3,1576155136706,12.080479,7.6017923,3.6883302 
3,1576155136726,10.744058,6.7779055,2.5339308 
3,1576155136748,9.378897,5.767207,1.590293 
3,1576155136772,8.205338,4.4643164,0.97237796 
3,1576155136788,6.8928666,2.9027638,0.63707525 
3,1576155136809,5.3217335,1.2310401,0.12454102 
3,1576155136828,3.8416114,-0.6227051,-0.5987549 
3,1576155136847,2.1076174,-2.5004005,-1.22146 
3,1576155136867,0.06706055,-4.4259963,-1.6429834 
3,1576155136888,-1.6669337,-6.2989016,-2.327959 
3,1576155136906,-4.1625443,-7.8652444,-3.0943654 
3,1576155136928,-7.0269876,-9.019644,-3.7218604 
3,1576155136947,-9.570498,-9.551338,-5.2882032 
3,1576155136976,-11.970308,-9.651929,-8.58854 
3,1576155136987,-15.409556,-9.469908,-10.360855 
3,1576155137007,-17.818947,-9.220825,-9.489068 
3,1576155137025,-19.893034,-9.589659,-7.9227247 
3,1576155137045,-25.047115,-9.168135,-7.32876 
3,1576155137065,-31.101725,-7.6592727,-8.957374 
3,1576155137089,-35.661842,-6.0114994,-11.141631 
3,1576155137109,-36.38035,-5.096602,-11.405084 
3,1576155137128,-31.839392,-5.4127445,-9.407638 
3,1576155137147,-25.382418,-6.2605815,-6.9168167 
3,1576155137171,-21.100122,-6.3899126,-5.9300685 
3,1576155137191,-18.891914,-6.1647806,-6.456973 
3,1576155137211,-17.019009,-5.910908,-7.7407036 
3,1576155137231,-14.762901,-5.384004,-9.148975 
3,1576155137251,-11.314073,-5.3025737,-9.75731 
3,1576155137271,-7.2616997,-5.7767873,-8.440049 
3,1576155137289,-4.8427296,-5.575606,-6.337222 
3,1576155137311,-3.7122805,-4.5888577,-5.6666164 
3,1576155137331,-1.5280225,-3.7027004,-6.332432 
3,1576155137352,1.9208057,-3.0847852,-6.5144534 
3,1576155137372,4.9864306,-2.299219,-5.0678616 
3,1576155137392,6.4905033,-0.9915381,-0.488584 
3,1576155137410,7.3958206,0.5987549,3.999683 
3,1576155137431,9.053174,2.567461,4.7804594 
3,1576155137449,10.6817875,4.905,3.3530276 
3,1576155137478,11.615846,6.9072366,3.4248781 
3,1576155137494,11.783497,8.277188,5.2882032 
3,1576155137507,11.922408,9.110655,6.4138627 
3,1576155137527,11.611055,9.316627,6.5623536 
3,1576155137548,11.141631,9.211246,5.3025737 
3,1576155137568,10.260264,8.933423,3.1853762 
3,1576155137591,9.1202345,8.353828,1.6525636 
3,1576155137611,7.975415,7.3718705,1.096919 
3,1576155137631,6.567144,6.1312504,0.9196875 
3,1576155137652,5.4175344,4.6750784,0.5748047 
3,1576155137671,4.4451566,3.032095,0.1101709 
3,1576155137692,3.2811768,1.1927198,-0.38320315 
3,1576155137714,1.7483643,-0.6179151,-0.9148975 
3,1576155137733,-0.16765137,-2.1507277,-1.8345851 
3,1576155137753,-1.6429834,-3.7458107,-2.672842 
3,1576155137774,-3.4296682,-5.2929935,-2.8548634 
3,1576155137792,-6.1504107,-6.543194,-3.3578174 
3,1576155137814,-9.321417,-6.7635355,-5.848638 
3,1576155137832,-11.874507,-6.485713,-9.364527 
3,1576155137850,-14.144986,-7.3718705,-10.188414 
3,1576155137872,-18.096767,-7.065308,-8.454419 
3,1576155137892,-19.70622,-6.0019193,-9.091495 
3,1576155137912,-20.76482,-5.6761966,-10.135723 
3,1576155137933,-24.927364,-4.9720607,-10.303374 
3,1576155137952,-28.745026,-4.1002736,-11.615846 
3,1576155137979,-29.861105,-3.535049,-13.196558 
3,1576155137991,-28.989317,-3.3290772,-12.751084 
3,1576155138014,-25.66503,-3.5685792,-10.624307 
3,1576155138031,-21.363575,-4.0811133,-8.464 
3,1576155138050,-18.422491,-4.2439747,-7.4964113 
3,1576155138071,-17.263302,-3.9278321,-8.018526 
3,1576155138094,-15.428717,-3.9709425,-9.029224 
3,1576155138114,-12.655284,-4.517007,-8.698711 
3,1576155138131,-9.551338,-4.8523097,-6.5240335 
3,1576155138153,-6.255791,-4.608018,-5.4366946 
3,1576155138174,-4.3637257,-3.7122805,-5.6282964 
3,1576155138195,-4.2008643,-2.5818312,-5.0534916 
3,1576155138216,-3.410508,-1.6334034,-4.2152348 
3,1576155138236,-1.4082716,-0.613125,-3.3865578 
3,1576155138256,0.4981641,0.68018556,-3.2620168 
3,1576155138275,3.1278956,1.7339942,-3.0129347 
3,1576155138294,6.0450296,2.9506643,-1.2358302 
3,1576155138316,9.484278,4.785249,0.8334668 
3,1576155138336,12.458892,6.6246243,2.8596535 
3,1576155138356,13.46959,8.013736,4.9002104 
3,1576155138377,13.287569,9.019644,4.89542 
3,1576155138397,12.660074,9.326206,3.9134622 
3,1576155138417,11.711646,8.861572,3.8799317 
3,1576155138436,10.466236,8.234077,3.2093263 
3,1576155138454,9.158555,7.549102,1.6621436 
3,1576155138476,7.151529,6.720425,0.71371585 
3,1576155138493,4.89542,5.824688,0.32093263 
3,1576155138513,3.5781593,4.8283596,-0.38320315 
3,1576155138532,2.6249416,3.7697608,-0.9196875 
3,1576155138554,1.705254,2.44292,-1.0346485 
3,1576155138575,0.5364844,0.81909674,-0.7951465 
3,1576155138597,-1.341211,-0.488584,-0.81909674 
3,1576155138615,-3.5254688,-1.2406201,-1.2789404 
3,1576155138633,-4.1625443,-2.2225783,-2.5099807 
3,1576155138658,-4.018843,-3.5733693,-3.5877395 
3,1576155138679,-6.4426026,-4.751719,-2.955454 
3,1576155138698,-10.0063925,-5.110972,-2.9698243 
3,1576155138718,-11.184742,-5.1828227,-5.336104 
3,1576155138739,-10.346485,-5.8342676,-8.684341 
3,1576155138759,-12.818145,-6.5479836,-9.239985 
3,1576155138778,-18.31711,-6.495293,-8.957374 
3,1576155138797,-24.55853,-5.7480474,-10.5764065 
3,1576155138819,-30.023966,-4.2248144,-14.020445 
3,1576155138837,-31.825022,-3.271597,-16.171173 
3,1576155138862,-30.574821,-3.2093263,-14.097086 
3,1576155138877,-26.85296,-3.6308498,-10.365645 
3,1576155138896,-22.149141,-3.9613624,-7.793394 
3,1576155138925,-19.117046,-4.1242237,-6.706055 
3,1576155138939,-18.666782,-4.191284,-6.959927 
3,1576155138956,-18.432072,-4.009263,-8.076006 
3,1576155138984,-16.295713,-4.095484,-8.722662 
3,1576155138996,-13.105548,-4.3301954,-7.6449027 
3,1576155139018,-10.494976,-4.6032276,-5.470225 
3,1576155139036,-8.032896,-4.5313773,-4.2248144 
3,1576155139056,-6.0354495,-3.999683,-4.0667434 
3,1576155139077,-4.119434,-3.4536183,-4.1002736 
3,1576155139099,-1.0298585,-2.9794044,-4.4834766 
3,1576155139117,1.7579445,-2.1076174,-4.4355764 
3,1576155139138,3.295547,-1.0633887,-2.912344 
3,1576155139160,4.5792775,0.25866213,-1.0490186 
3,1576155139179,6.5288234,2.078877,-0.6322852 
3,1576155139199,8.54543,4.406836,-0.8286768 
3,1576155139219,9.81,6.710845,-0.4263135 
3,1576155139241,10.95482,8.262817,0.5748047 
3,1576155139261,12.439732,9.283096,1.7579445 
3,1576155139279,13.364209,9.85311,2.193838 
3,1576155139302,13.062437,10.121353,2.179468 
3,1576155139322,12.152329,10.126143,1.9687061 
3,1576155139342,11.227852,9.541759,1.710044 
3,1576155139362,10.399176,8.487949,1.2741505 
3,1576155139382,9.4507475,7.213799,0.977168 
3,1576155139402,8.147857,5.767207,0.9436377 
3,1576155139422,6.6294146,4.267925,0.8382569 
3,1576155139441,5.1061816,2.6345215,0.76161623 
3,1576155139459,3.4584084,0.6993457,1.0729688 
3,1576155139477,2.2944288,-1.3795313,1.4082716 
3,1576155139499,1.3939015,-3.1853762,-0.14849122 
3,1576155139522,0.21076173,-4.679868,-2.1459377 
3,1576155139537,-1.9303858,-6.11209,-2.2800586 
3,1576155139559,-4.272715,-7.510782,-2.5578809 
3,1576155139580,-6.0737696,-8.962164,-4.358936 
3,1576155139601,-8.095166,-9.948912,-6.016289 
3,1576155139622,-11.979888,-10.303374,-6.926397 
3,1576155139640,-19.140997,-9.608819,-7.0269876 
3,1576155139662,-25.803942,-8.176597,-9.536968 
3,1576155139683,-31.322067,-6.792276,-13.675562 
3,1576155139703,-36.193535,-5.369634,-15.117364 
3,1576155139723,-37.664078,-4.3158255,-13.570181 
3,1576155139743,-34.426014,-4.296665,-11.261382 
3,1576155139764,-28.706705,-4.785249,-8.923843 
3,1576155139784,-22.838907,-5.101392,-7.3000197 
3,1576155139805,-18.484762,-5.039121,-6.6198344 
3,1576155139824,-15.332915,-4.8379397,-6.5384035 
3,1576155139842,-12.784615,-4.5840673,-6.303692 
3,1576155139861,-10.705738,-3.8847218,-5.4175344 
3,1576155139881,-8.780142,-2.9171338,-4.727769 
3,1576155139902,-7.6161623,-2.308799,-4.2439747 
3,1576155139921,-6.7635355,-2.1603076,-3.410508 
3,1576155139944,-4.89542,-1.954336,-3.4009278 
3,1576155139962,-2.8931837,-1.22625,-4.0427933 
3,1576155139985,-1.8537452,-0.26345217,-3.7506008 
3,1576155140000,-1.0106983,0.6514453,-2.936294 
3,1576155140020,-0.15328126,1.6238233,-1.7579445 
3,1576155140040,1.3986914,2.6345215,-0.9244776 
3,1576155140061,3.9613624,3.7937112,-0.62749517 
3,1576155140084,6.375542,5.0678616,-0.033530276 
3,1576155140103,8.028106,6.1887307,1.4513819 
3,1576155140122,9.934542,7.060518,3.295547 
3,1576155140142,11.572735,7.8844047,4.2918754 
3,1576155140166,11.491304,8.708291,4.287085 
3,1576155140186,10.98835,9.206455,3.4488282 
3,1576155140206,10.676997,9.196876,2.3423293 
3,1576155140226,10.154883,8.737032,1.2070899 
3,1576155140246,9.259146,8.085587,0.23950197 
3,1576155140265,7.9849954,7.2329593,-0.16765137 
3,1576155140285,6.365962,6.1647806,-0.29698244 
3,1576155140307,4.84752,4.981641,-0.32572266 
3,1576155140327,3.535049,3.5063088,-0.46463382 
3,1576155140347,2.4956105,1.7531544,-0.7185059 
3,1576155140367,1.6477735,-0.15328126,-0.9053174 
3,1576155140385,0.46942386,-2.1411476,-0.8765772 
3,1576155140407,-1.1352394,-4.282295,-0.6610254 
3,1576155140427,-4.0811133,-6.06419,-0.19639161 
3,1576155140446,-6.600674,-6.9886675,-1.6334034 
3,1576155140464,-7.046148,-7.9562554,-5.8821683 
3,1576155140491,-9.067544,-8.986114,-8.966953 
3,1576155140504,-12.985797,-9.259146,-9.216036 
3,1576155140527,-16.659756,-9.378897,-9.297466 
3,1576155140543,-20.237915,-9.915381,-9.82437 
3,1576155140563,-25.866213,-9.278306,-10.662627 
3,1576155140584,-31.65737,-7.9083548,-12.434942 
3,1576155140614,-35.4415,-6.423443,-14.331798 
3,1576155140627,-34.440384,-5.5229154,-14.60962 
3,1576155140647,-28.625275,-5.982759,-12.593013 
3,1576155140667,-21.713247,-6.720425,-9.4507475 
3,1576155140687,-17.306412,-6.576724,-7.213799 
3,1576155140708,-15.457457,-5.992339,-6.710845 
3,1576155140728,-13.42169,-5.6282964,-7.568262 
3,1576155140749,-11.424244,-5.230723,-8.080796 
3,1576155140769,-9.374106,-5.134922,-7.7454934 
3,1576155140789,-7.8844047,-4.5840673,-6.1887307 
3,1576155140807,-6.476133,-3.8176613,-5.0726514 
3,1576155140828,-5.0534916,-3.056045,-4.9241605 
3,1576155140847,-4.0044727,-2.3566992,-3.9422023 
3,1576155140868,-2.6393116,-1.4513819,-3.032095 
3,1576155140890,-1.3603711,-0.4023633,-2.1171973 
3,1576155140909,0.2921924,0.76161623,-1.6525636 
3,1576155140930,2.6488917,2.184258,-1.3172607 
3,1576155140949,4.1050634,3.6260598,0.4742139 
3,1576155140967,5.958809,5.110972,2.5962012 
3,1576155140997,8.741821,6.6581545,4.061953 
3,1576155141006,11.299703,7.7550735,5.0630717 
3,1576155141026,12.463682,8.741821,5.3313136 
3,1576155141046,12.875626,9.239985,4.512217 
3,1576155141066,12.530743,9.158555,2.5051906 
3,1576155141088,11.529625,8.713081,0.34967285 
3,1576155141110,10.643467,8.037686,-0.9915381 
3,1576155141127,9.383687,7.1323686,-1.0442286 
3,1576155141149,7.678433,6.0450296,-0.32093263 
3,1576155141170,6.351592,4.7133985,0.09580079 
3,1576155141191,5.0582814,3.1997461,0.1820215 
3,1576155141209,3.2476466,1.5711329,0.27303225 
3,1576155141232,1.3651612,-0.028740235,-0.14370118 
3,1576155141252,-0.28261232,-1.5328126,-0.8430469 
3,1576155141271,-1.7292042,-3.166216,-1.4465919 
3,1576155141289,-3.9182522,-4.742139,-2.088457 
3,1576155141310,-6.8497562,-5.613926,-3.5063088 
3,1576155141332,-7.927515,-6.3947024,-6.231841 
3,1576155141352,-9.934542,-8.018526,-7.247329 
3,1576155141372,-16.722027,-8.440049,-5.4031644 
3,1576155141393,-23.2269,-6.4186525,-7.2425394 
3,1576155141412,-23.720274,-4.8091993,-12.18107 
3,1576155141432,-23.428082,-4.550537,-11.908037 
3,1576155141452,-25.142916,-4.5601172,-7.654483 
3,1576155141469,-26.148825,-4.3206153,-6.4905033 
3,1576155141497,-26.728418,-3.558999,-9.551338 
3,1576155141508,-26.000334,-2.6488917,-12.861256 
3,1576155141528,-22.604195,-2.6249416,-12.688814 
3,1576155141549,-18.738634,-3.0752053,-9.857901 
3,1576155141569,-16.918419,-3.1374757,-7.151529 
3,1576155141589,-15.399976,-3.1326857,-6.701265 
3,1576155141611,-13.397739,-3.0416749,-7.549102 
3,1576155141631,-11.726016,-3.0895753,-7.9610453 
3,1576155141657,-9.465117,-3.5637891,-7.5012016 
3,1576155141672,-7.4916215,-3.7410207,-6.016289 
3,1576155141691,-5.484595,-3.4296682,-4.387676 
3,1576155141714,-3.410508,-2.8213332,-3.5110989 
3,1576155141732,-1.4801221,-1.6381935,-3.530259 
3,1576155141751,0.43110353,-0.28261232,-3.0081446 
3,1576155141774,2.9794044,1.0777588,-1.336421 
3,1576155141795,5.398374,3.1326857,0.1580713 
3,1576155141814,7.0221977,5.5468655,1.1831397 
3,1576155141833,8.301138,7.673643,2.0549269 
3,1576155141852,9.177715,9.172925,2.1076174 
3,1576155141873,10.121353,10.126143,0.9436377 
3,1576155141894,11.232642,10.552457,-0.019160157 
3,1576155141913,11.635005,10.346485,0.2203418 
3,1576155141935,11.108101,9.6615095,0.847837 
3,1576155141954,10.312955,8.871153,0.6227051 
3,1576155141973,9.010064,8.104747,0.033530276 
3,1576155141994,7.6401124,7.055728,-0.047900394 
3,1576155142011,6.6198344,5.6714063,-0.033530276 
3,1576155142033,5.604346,4.181704,0.10538086 
3,1576155142051,4.3206153,2.6584718,0.16765137 
3,1576155142072,3.0943654,0.977168,0.05748047 
3,1576155142092,1.7579445,-0.6562354,-0.37362307 
3,1576155142115,-0.0047900393,-2.304009,-0.86220706 
3,1576155142133,-1.6813037,-3.7027004,-1.4226416 
3,1576155142154,-3.515889,-5.1780324,-2.078877 
3,1576155142175,-6.4090724,-6.231841,-3.0943654 
3,1576155142196,-9.053174,-6.351592,-5.5229154 
3,1576155142216,-10.135723,-6.6581545,-8.076006 
3,1576155142235,-12.377461,-7.688013,-8.420889 
3,1576155142256,-16.300503,-7.7790236,-8.291558 
3,1576155142276,-19.56731,-6.9024467,-9.072334 
3,1576155142295,-22.197042,-6.3851223,-9.862691 
3,1576155142317,-25.066275,-6.0737696,-10.676997 
3,1576155142336,-26.239836,-5.6761966,-12.300821 
3,1576155142358,-27.025402,-5.3121533,-12.636124 
3,1576155142374,-27.739117,-4.4499464,-11.5823145 
3,1576155142398,-25.152496,-4.0571632,-11.060201 
3,1576155142418,-20.482208,-4.368516,-10.609937 
3,1576155142438,-17.886007,-4.378096,-9.086704 
3,1576155142457,-17.16271,-4.129014,-8.186177 
3,1576155142476,-16.156803,-4.0523734,-8.693921 
3,1576155142497,-13.809683,-4.4116263,-9.091495 
3,1576155142519,-10.557246,-4.7133985,-8.957374 
3,1576155142536,-7.9562554,-4.751719,-7.683223 
3,1576155142554,-7.2904396,-4.1098537,-5.4319043 
3,1576155142579,-5.589976,-3.5685792,-4.8906302 
3,1576155142597,-3.1326857,-2.9027638,-5.1876125 
3,1576155142619,-1.4322218,-2.1698878,-4.018843 
3,1576155142644,-0.60833496,-1.3268409,-2.208208 
3,1576155142657,0.45026368,-0.35925296,-1.0298585 
3,1576155142679,2.9410841,0.91010743,-0.20118165 
3,1576155142699,6.13604,2.6057813,1.0011182 
3,1576155142719,9.139395,4.5840673,2.7973828 
3,1576155142739,11.438614,6.495293,3.923042 
3,1576155142759,12.631333,7.999366,4.3254056 
3,1576155142779,12.923526,8.933423,4.9002104 
3,1576155142800,13.1438675,9.096285,5.4366946 
3,1576155142819,13.196558,8.851993,4.89542 
3,1576155142838,12.382252,8.53585,3.558999 
3,1576155142857,10.8925495,7.9083548,2.668052 
3,1576155142878,9.024434,7.204219,2.0405567 
3,1576155142900,6.974297,6.4905033,1.3507911 
3,1576155142920,5.1397123,5.695357,0.9053174 
3,1576155142940,3.8224514,4.790039,0.5556446 
3,1576155142959,2.7686427,3.7218604,0.25866213 
3,1576155142978,1.7771046,2.3758595,0.23950197 
3,1576155142997,0.46942386,0.9963282,0.0 
3,1576155143015,-0.7951465,-0.14370118,-1.1064991 
3,1576155143036,-2.193838,-1.3795313,-2.0118165 
3,1576155143055,-3.7506008,-2.6345215,-2.3758595 
3,1576155143076,-5.3408937,-3.6021094,-2.8357031 
3,1576155143096,-7.6209526,-4.0427933,-2.9458742 
3,1576155143118,-8.076006,-4.4547367,-4.402046 
3,1576155143138,-7.9802055,-5.4271145,-5.8342676 
3,1576155143162,-10.274634,-6.3947024,-5.134922 
3,1576155143179,-13.8048935,-6.7779055,-5.0822315 
3,1576155143198,-17.641714,-6.576724,-7.36708 
3,1576155143222,-21.210295,-5.977969,-10.753638 
3,1576155143242,-24.137009,-5.3313136,-12.904366 
3,1576155143262,-25.765621,-4.976851,-12.319981 
3,1576155143280,-26.92481,-4.7229786,-11.352393 
3,1576155143302,-28.02652,-3.8416114,-12.25292 
3,1576155143322,-25.909323,-3.4536183,-12.779825 
3,1576155143341,-21.995861,-3.8607717,-10.825489 
3,1576155143361,-19.083517,-4.2439747,-8.186177 
3,1576155143382,-17.359102,-4.3158255,-6.8114357 
3,1576155143403,-16.070581,-4.517007,-6.495293 
3,1576155143423,-14.279107,-4.8379397,-6.365962 
3,1576155143443,-11.261382,-5.1732426,-6.212681 
3,1576155143463,-9.043594,-5.110972,-6.0258694 
3,1576155143481,-7.812554,-4.742139,-5.829478 
3,1576155143501,-5.9156985,-4.382886,-5.518125 
3,1576155143522,-3.7410207,-3.6931202,-5.5468655 
3,1576155143540,-2.1411476,-2.4812403,-5.8917484 
3,1576155143564,-0.7089258,-1.1543995,-5.709727 
3,1576155143579,1.0106983,0.05748047,-4.430786 
3,1576155143599,3.8080812,1.456172,-2.9889846 
3,1576155143619,7.1323686,3.415298,-1.4753321 
3,1576155143641,9.699829,5.7767873,0.50774413 
3,1576155143662,11.357183,7.9227247,1.8537452 
3,1576155143682,13.115128,9.287886,2.2225783 
3,1576155143703,14.398858,9.972861,1.8537452 
3,1576155143724,13.982124,10.059082,1.5519727 
3,1576155143743,12.9187355,9.589659,1.22146 
3,1576155143764,11.558365,8.818462,0.9244776 
3,1576155143784,9.69504,7.941885,0.8430469 
3,1576155143803,7.9802055,6.969507,0.75203615 
3,1576155143825,6.495293,5.9396486,0.5939649 
3,1576155143843,5.1971927,4.905,0.45505372 
3,1576155143862,4.191284,3.6883302,0.16286133 
3,1576155143885,3.319497,2.1507277,-0.12454102 
3,1576155143905,2.4093897,0.4167334,-0.32572266 
3,1576155143925,0.977168,-1.1352394,-0.4263135 
3,1576155143946,-0.50774413,-2.567461,-0.76161623 
3,1576155143965,-1.695674,-4.152964,-1.6860938 
3,1576155143984,-3.5015187,-5.848638,-2.672842 
3,1576155144005,-6.0114994,-7.247329,-3.8799317 
3,1576155144021,-9.374106,-7.903565,-5.728887 
3,1576155144041,-14.532979,-7.2425394,-7.0988383 
3,1576155144062,-16.98069,-6.476133,-8.679551 
3,1576155144082,-16.520845,-6.7731156,-9.570498 
3,1576155144102,-18.087189,-7.1084185,-8.468789 
3,1576155144125,-21.87611,-6.758745,-7.4676714 
3,1576155144143,-25.238716,-5.695357,-9.69504 
3,1576155144164,-28.596535,-4.181704,-12.760665 
3,1576155144186,-30.000015,-2.9889846,-14.077926 
3,1576155144206,-27.542727,-2.8931837,-13.254039 
3,1576155144228,-23.710695,-3.171006,-11.4625635 
3,1576155144247,-19.902613,-3.539839,-9.992022 
3,1576155144266,-16.990269,-3.8655617,-8.995694 
3,1576155144285,-15.423926,-4.181704,-8.420889 
3,1576155144308,-14.015655,-4.7469287,-8.195757 
3,1576155144326,-12.27208,-5.4223247,-7.817344 
3,1576155144348,-10.274634,-5.6809864,-7.151529 
3,1576155144363,-7.9562554,-5.6905665,-6.3947024 
3,1576155144388,-6.3994923,-5.087022,-4.9433208 
3,1576155144409,-5.005591,-3.9948928,-3.8799317 
3,1576155144428,-2.7590625,-2.5195606,-3.3434474 
3,1576155144448,-0.6562354,-0.60354495,-2.2656887 
3,1576155144471,1.0011182,1.2693604,-0.9196875 
3,1576155144486,2.3998096,2.8692336,0.6658155 
3,1576155144515,3.9374123,4.526587,1.8729054 
3,1576155144523,5.5947657,6.0019193,2.3135889 
3,1576155144550,6.806646,7.2281694,1.7435743 
3,1576155144563,8.138277,8.171807,1.0346485 
3,1576155144585,9.75252,8.49753,1.22625 
3,1576155144605,10.758429,8.646021,1.6908839 
3,1576155144627,11.294912,8.741821,1.9112257 
3,1576155144648,11.261382,8.679551,1.5423926 
3,1576155144668,10.581197,8.487949,0.8813672 
3,1576155144689,9.982442,7.9945755,0.8334668 
3,1576155144709,9.68067,7.237749,1.6286134 
3,1576155144728,9.187295,6.2797413,2.42376 
3,1576155144750,8.080796,5.1828227,2.3806496 
3,1576155144770,6.8832865,3.8559816,1.4897022 
3,1576155144790,5.5372853,2.2513185,0.48379397 
3,1576155144811,3.6979103,0.728086,-0.12454102 
3,1576155144829,1.6381935,-0.6466553,-0.086220704 
3,1576155144848,-0.009580079,-2.3471193,-0.19639161 
3,1576155144867,-2.0357666,-4.0811133,-0.6993457 
3,1576155144887,-4.397256,-5.240303,-2.3902297 
3,1576155144911,-5.6714063,-6.11688,-4.991221 
3,1576155144930,-6.998247,-7.3622904,-6.485713 
3,1576155144949,-11.165582,-8.195757,-6.466553 
3,1576155144967,-16.228653,-7.2425394,-7.3479204 
3,1576155144986,-18.130299,-5.886958,-10.2315235 
3,1576155145006,-18.417702,-5.719307,-11.266172 
3,1576155145025,-20.621119,-5.5420756,-9.637559 
3,1576155145045,-24.716602,-4.87626,-9.369317 
3,1576155145065,-29.31025,-3.9805226,-11.874507 
3,1576155145085,-32.126793,-3.1901662,-14.940132 
3,1576155145105,-30.51255,-3.171006,-14.973662 
3,1576155145126,-25.59318,-3.894302,-10.94524 
3,1576155145146,-20.76482,-4.478687,-7.462881 
3,1576155145166,-17.493223,-4.5696974,-6.222261 
3,1576155145186,-15.720909,-4.4834766,-6.6246243 
3,1576155145207,-14.662311,-4.3062453,-7.7215433 
3,1576155145226,-13.565392,-4.4451566,-8.119117 
3,1576155145247,-11.112891,-4.742139,-7.7790236 
3,1576155145267,-8.305928,-4.751719,-6.5719337 
3,1576155145287,-6.840176,-4.378096,-4.5649076 
3,1576155145307,-4.9576907,-3.6500099,-4.129014 
3,1576155145327,-3.1901662,-2.44292,-4.84752 
3,1576155145348,-2.1507277,-0.79993653,-4.84752 
3,1576155145368,-0.33530274,0.6610254,-3.8128712 
3,1576155145388,2.0022364,2.0022364,-1.705254 
3,1576155145412,5.709727,3.1470559,0.4981641 
3,1576155145432,9.73815,4.775669,1.710044 
3,1576155145452,11.802657,6.725215,1.6238233 
3,1576155145472,11.611055,8.435259,1.0777588 
3,1576155145491,11.050621,9.412427,0.8861573 
3,1576155145512,11.03625,9.570498,1.0154883 
3,1576155145529,10.9644,9.469908,0.74724615 
3,1576155145549,10.092612,9.393267,0.0 
3,1576155145571,8.947793,9.048384,-0.4167334 
3,1576155145590,8.296348,8.425679,-0.16765137 
3,1576155145610,7.692803,7.5059915,0.06227051 
3,1576155145630,6.7395854,6.4330225,0.0047900393 
3,1576155145651,5.9300685,5.230723,-0.0047900393 
3,1576155145674,5.225933,3.755391,0.19639161 
3,1576155145694,4.133804,2.0309765,0.488584 
3,1576155145713,2.6536818,0.20597169,0.3544629 
3,1576155145735,1.0394385,-1.7244141,0.07185059 
3,1576155145754,-0.34488282,-3.6021094,-0.5364844 
3,1576155145774,-1.6381935,-5.3025737,-1.5376027 
3,1576155145794,-3.396138,-6.969507,-2.4189699 
3,1576155145816,-6.361172,-8.53585,-3.1997461 
3,1576155145835,-12.516373,-8.200547,-3.8368216 
3,1576155145850,-16.568747,-6.241421,-8.008945 
3,1576155145872,-14.274317,-6.706055,-12.650494 
3,1576155145896,-15.941251,-7.7694435,-9.733359 
3,1576155145916,-22.273682,-7.788604,-4.8666797 
3,1576155145936,-29.1426,-6.3707523,-6.1073003 
3,1576155145956,-32.375874,-5.3313136,-11.682906 
3,1576155145976,-34.291893,-4.756509,-12.751084 
3,1576155145995,-32.284866,-4.905,-9.465117 
3,1576155146014,-26.73321,-5.6426663,-6.6533647 
3,1576155146039,-21.598288,-6.2510014,-4.905 
3,1576155146052,-19.140997,-6.2510014,-4.018843 
3,1576155146071,-18.31232,-6.0689797,-4.646338 
3,1576155146092,-17.22977,-5.853428,-6.318062 
3,1576155146113,-14.274317,-5.982759,-7.6353226 
3,1576155146134,-10.3512745,-6.006709,-6.7300053 
3,1576155146155,-8.047266,-5.489385,-3.8416114 
3,1576155146181,-5.7911572,-5.005591,-1.6860938 
3,1576155146196,-2.5291407,-4.2296047,-1.590293 
3,1576155146216,0.05269043,-2.5243506,-3.5973196 
3,1576155146239,1.2933106,-0.14370118,-6.332432 
3,1576155146258,1.1352394,1.8058448,-5.326524 
3,1576155146277,4.018843,2.3135889,-1.9016455 
3,1576155146302,8.58854,3.4823585,-0.023950197 
3,1576155146318,10.705738,5.484595,1.0442286 
3,1576155146338,11.2374325,7.1706886,2.323169 
3,1576155146365,11.917618,8.310719,2.7542725 
3,1576155146378,12.12838,8.976534,2.548301 
3,1576155146398,11.850557,8.981323,3.0991554 
3,1576155146425,12.152329,8.55501,3.8607717 
3,1576155146439,12.022999,8.071217,3.68354 
3,1576155146457,10.830278,7.6209526,2.42376 
3,1576155146479,9.498648,7.0413575,1.092129 
3,1576155146497,7.917935,6.0593996,0.9627979 
3,1576155146516,6.600674,4.703819,1.5328126 
3,1576155146536,5.364844,3.2141163,1.5471827 
3,1576155146555,3.8080812,1.5950831,0.6466553 
3,1576155146573,2.1603076,-0.086220704,-0.5364844 
3,1576155146595,0.46942386,-1.6573536,-1.6094532 
3,1576155146614,-1.465752,-3.151846,-2.064507 
3,1576155146636,-3.4009278,-4.4834766,-1.9351759 
3,1576155146659,-5.110972,-5.637876,-2.4716604 
3,1576155146679,-7.486831,-6.337222,-3.7362306 
3,1576155146699,-9.75252,-6.6437845,-5.2834134 
3,1576155146719,-10.5764065,-7.165899,-7.606582 
3,1576155146740,-13.541441,-7.2569094,-9.460327 
3,1576155146758,-18.068027,-6.5336137,-11.084151 
3,1576155146779,-20.065474,-6.1647806,-11.845767 
3,1576155146798,-21.315674,-6.4282327,-11.639795 
3,1576155146820,-25.55007,-6.12646,-12.2433405 
3,1576155146838,-30.766422,-4.86189,-14.125826 
3,1576155146859,-31.772331,-4.167334,-15.342496 
3,1576155146879,-28.323502,-4.6846585,-13.41211 
3,1576155146901,-23.413712,-5.5803957,-9.623189 
3,1576155146921,-19.56731,-5.8917484,-6.7970657 
3,1576155146941,-17.330362,-5.5372853,-6.1791506 
3,1576155146962,-15.553258,-5.0487013,-7.031778 
3,1576155146980,-13.718673,-4.8044095,-7.606582 
3,1576155146999,-11.821816,-5.0199614,-7.33355 
3,1576155147019,-8.62207,-5.369634,-6.5623536 
3,1576155147038,-5.997129,-4.526587,-4.981641 
3,1576155147058,-4.86189,-3.4440382,-3.6068995 
3,1576155147078,-4.191284,-2.4333398,-2.811753 
3,1576155147097,-2.1315675,-1.2933106,-3.6021094 
3,1576155147118,0.06706055,-0.033530276,-4.0523734 
3,1576155147139,1.4465919,1.1975098,-2.9985645 
3,1576155147162,3.0129347,2.5195606,-1.3939015 
3,1576155147182,5.886958,4.033213,0.0 
3,1576155147202,9.211246,5.599556,0.9148975 
3,1576155147223,11.888878,6.8018556,1.6860938 
3,1576155147243,13.000167,7.711963,3.1183155 
3,1576155147263,13.009747,8.171807,4.521797 
3,1576155147282,12.554693,8.277188,4.766089 
3,1576155147303,11.927197,8.286768,3.3530276 
3,1576155147323,11.045831,8.143066,1.5998731 
3,1576155147342,9.79563,7.774234,0.7185059 
3,1576155147363,8.425679,7.213799,0.7185059 
3,1576155147383,7.4580913,6.3084817,0.97237796 
3,1576155147403,6.701265,4.996011,1.1639795 
3,1576155147423,5.4175344,3.6212697,1.0490186 
3,1576155147443,3.4631984,2.2465284,0.43110353 
3,1576155147461,1.5998731,0.7232959,-0.29698244 
3,1576155147482,-0.23471193,-0.75203615,-0.7759864 
3,1576155147501,-2.1315675,-2.0501368,-1.1927198 
3,1576155147523,-3.2859669,-3.1853762,-2.2944288 
3,1576155147541,-4.018843,-4.646338,-3.8224514 
3,1576155147562,-5.6522465,-6.356382,-4.9145803 
3,1576155147580,-9.402847,-7.443721,-6.3707523 
3,1576155147600,-16.568747,-5.910908,-8.612491 
3,1576155147627,-18.700314,-4.4547367,-11.826607 
3,1576155147644,-15.457457,-5.326524,-12.114009 
3,1576155147665,-16.894468,-5.7480474,-9.1202345 
3,1576155147684,-22.062922,-5.4319043,-7.9610453 
3,1576155147704,-27.466085,-4.3062453,-10.835069 
3,1576155147724,-29.674294,-3.3673975,-15.059883 
3,1576155147745,-29.669504,-2.8836036,-15.122154 
3,1576155147764,-26.249414,-3.3865578,-11.443404 
3,1576155147785,-21.401896,-3.9613624,-7.999366 
3,1576155147806,-18.13988,-3.8847218,-6.3851223 
3,1576155147826,-16.439415,-3.6883302,-6.332432 
3,1576155147843,-15.414347,-3.5781593,-7.0030375 
3,1576155147864,-13.737833,-3.923042,-7.8556643 
3,1576155147882,-10.950029,-4.368516,-7.6449027 
3,1576155147904,-8.248447,-4.1002736,-6.0737696 
3,1576155147925,-6.485713,-3.415298,-4.3493557 
3,1576155147946,-5.5420756,-2.7782228,-2.936294 
3,1576155147966,-4.0523734,-2.1076174,-2.327959 
3,1576155147986,-2.1363575,-1.1591895,-2.189048 
3,1576155148004,-0.68018556,0.100590825,-1.5328126 
3,1576155148024,1.1400293,1.4753321,-1.3507911 
3,1576155148041,3.1039455,2.6776319,-0.34967285 
3,1576155148061,5.0582814,4.0523734,0.9148975 
3,1576155148082,7.462881,5.7863674,1.5615528 
3,1576155148102,9.800421,7.822134,2.078877 
3,1576155148122,11.405084,9.436378,3.1901662 
3,1576155148143,11.682906,10.164463,4.7229786 
3,1576155148165,11.529625,10.202784,4.263135 
3,1576155148186,11.764337,10.054293,1.1112891 
3,1576155148209,11.433824,9.64714,-1.4849122 
3,1576155148229,10.485396,8.933423,-2.2321582 
3,1576155148248,9.445957,8.023315,-1.839375 
3,1576155148267,8.023315,6.8497562,-0.6945557 
3,1576155148286,6.1887307,5.5516553,0.22513184 
3,1576155148308,4.5553274,4.282295,0.4742139 
3,1576155148328,3.4344583,2.9506643,0.34009278 
3,1576155148349,2.567461,1.4082716,0.043110352 
3,1576155148369,1.346001,-0.25866213,-0.043110352 
3,1576155148389,-0.23950197,-2.0070264,-0.05269043 
3,1576155148409,-1.6334034,-3.5637891,-0.75203615 
3,1576155148429,-3.3530276,-4.9529004,-1.8058448 
3,1576155148449,-5.2594633,-5.9013286,-3.2859669 
3,1576155148469,-6.6437845,-7.031778,-5.0582814 
3,1576155148488,-8.267608,-8.190968,-6.567144 
3,1576155148507,-10.753638,-8.737032,-7.999366 
3,1576155148527,-13.574971,-8.885523,-8.875943 
3,1576155148547,-16.372355,-9.431587,-9.034014 
3,1576155148570,-21.459375,-9.053174,-9.1202345 
3,1576155148586,-28.06484,-7.0365677,-11.429033 
3,1576155148605,-32.174694,-5.5803957,-15.031143 
3,1576155148625,-34.35895,-4.703819,-15.620318 
3,1576155148647,-32.591427,-4.5457473,-13.737833 
3,1576155148669,-27.408606,-5.0343313,-11.213482 
3,1576155148689,-21.83779,-5.5803957,-9.048384 
3,1576155148710,-17.737514,-5.8007374,-7.668853 
3,1576155148731,-15.213164,-5.9540186,-7.0269876 
3,1576155148751,-13.0241165,-6.0114994,-7.558682 
3,1576155148771,-10.538086,-6.0689797,-8.411309 
3,1576155148791,-8.679551,-5.8438478,-7.812554 
3,1576155148811,-7.582632,-5.839058,-6.3228517 
3,1576155148831,-6.351592,-5.9875493,-5.2594633 
3,1576155148849,-4.799619,-5.7001467,-4.9145803 
3,1576155148869,-2.936294,-4.6990285,-4.4212065 
3,1576155148889,-0.028740235,-3.1901662,-3.2524366 
3,1576155148912,3.1853762,-1.2022998,-0.9915381 
3,1576155148932,5.9061184,1.3507911,1.4609619 
3,1576155148952,7.7502837,4.277505,2.8357031 
3,1576155148972,8.794512,6.8737063,2.4716604 
3,1576155148992,9.833951,8.866363,1.1735597 
3,1576155149009,11.625425,10.001602,0.36883304 
3,1576155149032,13.172608,10.490186,0.4406836 
3,1576155149049,13.608501,10.504556,1.2022998 
3,1576155149072,12.947476,10.174044,2.0501368 
3,1576155149087,11.850557,9.589659,1.695674 
3,1576155149107,10.356065,8.674761,1.4849122 
3,1576155149128,8.655601,7.6449027,1.5567628 
3,1576155149149,7.1419487,6.495293,1.6429834 
3,1576155149172,5.9013286,5.245093,1.7244141 
3,1576155149192,5.0439115,3.9469924,1.341211 
3,1576155149211,4.311035,2.5387208,0.6993457 
3,1576155149233,3.4775686,0.87178713,0.22992188 
3,1576155149253,1.949546,-0.8765772,-0.086220704 
3,1576155149272,-0.25866213,-2.6345215,-0.8669971 
3,1576155149291,-2.3806496,-4.191284,-2.4812403 
3,1576155149313,-3.6548,-5.527705,-4.023633 
3,1576155149330,-4.598438,-6.959927,-4.86189 
3,1576155149354,-6.6102543,-8.200547,-5.815108 
3,1576155149374,-10.164463,-8.49753,-6.864126 
3,1576155149394,-15.620318,-7.6161623,-8.281978 
3,1576155149414,-19.687061,-6.586304,-10.365645 
3,1576155149435,-22.843697,-5.6666164,-12.645703 
3,1576155149455,-26.450598,-4.742139,-12.966637 
3,1576155149475,-30.359268,-3.8511915,-11.596685 
3,1576155149493,-32.026203,-3.300337,-11.505674 
3,1576155149512,-30.426329,-3.1135256,-12.458892 
3,1576155149539,-26.603878,-3.2524366,-11.6876955 
3,1576155149552,-21.87611,-3.7410207,-9.402847 
3,1576155149575,-17.857265,-4.028423,-7.5970025 
3,1576155149590,-15.328126,-3.9853127,-6.983877 
3,1576155149610,-12.736714,-3.9134622,-7.29523 
3,1576155149630,-10.360855,-3.5685792,-7.4580913 
3,1576155149655,-8.583751,-3.3338673,-6.3228517 
3,1576155149674,-7.568262,-2.936294,-4.416416 
3,1576155149694,-6.964717,-2.2752686,-3.300337 
3,1576155149715,-5.757627,-1.3172607,-3.1949563 
3,1576155149736,-4.157754,-0.3879932,-2.9889846 
3,1576155149756,-2.064507,0.45026368,-2.1650977 
3,1576155149775,-0.19160157,1.2549903,-0.728086 
3,1576155149795,1.0250684,2.179468,0.30177248 
3,1576155149815,2.806963,3.2284865,0.081430666 
3,1576155149839,5.5324955,4.3206153,-0.8095166 
3,1576155149853,7.702383,5.470225,-1.1352394 
3,1576155149875,8.631651,6.710845,-0.3544629 
3,1576155149898,9.340576,7.9897857,0.364043 
3,1576155149917,10.571617,8.837623,0.4023633 
3,1576155149937,11.730806,9.196876,0.5508545 
3,1576155149963,12.324771,9.484278,0.39757326 
3,1576155149977,12.20981,9.398057,0.22992188 
3,1576155149996,11.366763,8.765772,0.9388477 
3,1576155150022,9.70941,7.711963,1.6477735 
3,1576155150036,8.018526,6.456973,1.6094532 
3,1576155150053,6.595884,4.9289503,1.0106983 
3,1576155150074,5.024751,3.290757,0.38320315 
3,1576155150093,3.1566358,1.6621436,-0.11496094 
3,1576155150113,1.21188,0.047900394,-0.45505372 
3,1576155150134,-0.5460645,-1.3891114,-0.7951465 
3,1576155150158,-1.9112257,-2.8931837,-1.1687696 
3,1576155150175,-2.9937747,-4.3206153,-1.9926564 
3,1576155150197,-4.6846585,-5.6666164,-3.8320315 
3,1576155150217,-9.077125,-5.992339,-5.5803957 
3,1576155150237,-13.0241165,-5.1061816,-7.2808595 
3,1576155150257,-12.957056,-4.9337406,-9.604029 
3,1576155150281,-13.014537,-5.2882032,-10.935659 
3,1576155150295,-15.433507,-5.240303,-10.614727 
3,1576155150319,-18.087189,-5.9252787,-8.952583 
3,1576155150339,-21.229454,-6.5336137,-8.765772 
3,1576155150359,-24.845934,-6.246211,-11.505674 
3,1576155150379,-28.438463,-4.9576907,-16.190332 
3,1576155150399,-28.893517,-3.5637891,-19.021246 
3,1576155150419,-25.52133,-3.558999,-16.904049 
3,1576155150439,-21.138443,-4.4643164,-12.23376 
3,1576155150459,-17.478853,-4.670288,-9.244776 
3,1576155150479,-15.352076,-4.263135,-8.966953 
3,1576155150499,-14.092296,-3.8895118,-10.432706 
3,1576155150517,-12.343931,-3.899092,-11.558365 
3,1576155150541,-9.79563,-4.718189,-10.758429 
3,1576155150555,-7.793394,-5.024751,-7.2425394 
3,1576155150576,-5.503755,-4.6894484,-5.503755 
3,1576155150596,-3.9757326,-3.67875,-5.5420756 
3,1576155150616,-2.9506643,-2.6345215,-4.9864306 
3,1576155150636,-1.4034815,-1.7387843,-3.4296682 
3,1576155150662,0.7376661,-0.6993457,-2.43813 
3,1576155150680,3.2045362,0.8382569,-2.1219873 
3,1576155150703,4.512217,2.7111623,-1.0394385 
3,1576155150721,6.375542,4.4403663,-0.23471193 
3,1576155150741,9.398057,6.1312504,-0.13891114 
3,1576155150761,11.079361,7.951465,0.09580079 
3,1576155150781,11.285333,9.359736,-0.05748047 
3,1576155150801,11.812237,9.987232,-0.07664063 
3,1576155150820,12.396622,9.977652,0.35925296 
3,1576155150840,12.228971,9.666299,0.29698244 
3,1576155150858,11.529625,9.172925,0.023950197 
3,1576155150886,10.413546,8.473579,0.0047900393 
3,1576155150900,8.957374,7.4820414,0.1580713 
3,1576155150922,7.606582,6.361172,0.38320315 
3,1576155150942,6.4330225,5.1061816,0.5843848 
3,1576155150959,5.1157618,3.755391,0.5843848 
3,1576155150982,3.774551,2.2608986,0.19160157 
3,1576155151002,2.1555176,0.6179151,-0.12454102 
3,1576155151019,0.12933107,-0.7951465,-0.30177248 
3,1576155151040,-1.341211,-1.9112257,-1.341211 
3,1576155151057,-2.8309133,-3.1614258,-2.4812403 
3,1576155151080,-5.3792143,-4.3541455,-2.3375392 
3,1576155151098,-8.042476,-5.087022,-2.7111623 
3,1576155151119,-10.887759,-5.2019825,-4.267925 
3,1576155151139,-14.049185,-4.991221,-6.0210795 
3,1576155151163,-16.631016,-5.1924024,-6.710845 
3,1576155151182,-19.054777,-5.0439115,-6.725215 
3,1576155151202,-21.339624,-4.6032276,-6.9551373 
3,1576155151223,-24.55853,-3.9613624,-7.424561 
3,1576155151243,-27.571466,-3.4871485,-8.152647 
3,1576155151264,-28.380983,-3.3769777,-9.101074 
3,1576155151282,-27.854078,-2.8500733,-8.914263 
3,1576155151302,-25.487799,-2.3998096,-7.9610453 
3,1576155151324,-21.694088,-2.304009,-7.2808595 
3,1576155151345,-18.417702,-2.308799,-6.6342044 
3,1576155151362,-16.889679,-2.304009,-6.0306597 
3,1576155151382,-15.390396,-2.43813,-6.1456203 
3,1576155151403,-12.684024,-2.4764502,-6.447393 
3,1576155151422,-10.882969,-2.2608986,-5.5229154 
3,1576155151445,-8.947793,-2.1603076,-4.4403663 
3,1576155151465,-6.8928666,-1.9112257,-3.755391 
3,1576155151485,-5.982759,-1.2597803,-3.4488282 
3,1576155151504,-4.248765,-0.76161623,-3.8511915 
3,1576155151522,-2.198628,-0.17723145,-3.0656252 
3,1576155151544,-0.51732427,0.7041358,-1.9112257 
3,1576155151561,0.9580079,2.0118165,-1.5088624 
3,1576155151586,2.7782228,3.3817677,-1.2933106 
3,1576155151601,5.0487013,4.87626,-1.4849122 
3,1576155151621,6.696475,6.447393,-1.0059083 
3,1576155151642,8.262817,7.7790236,0.13891114 
3,1576155151664,9.929751,8.780142,0.9915381 
3,1576155151685,11.175161,9.436378,1.7339942 
3,1576155151704,11.797867,9.766891,2.0501368 
3,1576155151723,12.751084,9.666299,1.1543995 
3,1576155151746,12.952266,9.144185,0.6322852 
3,1576155151764,11.941567,8.5119,0.92926764 
3,1576155151783,11.199112,7.783814,0.81909674 
3,1576155151806,10.039923,6.940767,0.9436377 
3,1576155151827,8.49753,5.853428,1.0825489 
3,1576155151844,7.31918,4.631968,0.6562354 
3,1576155151865,6.346802,3.1566358,0.2921924 
3,1576155151884,5.527705,1.2502003,0.34488282 
3,1576155151905,4.4403663,-0.9053174,0.2921924 
3,1576155151925,2.8500733,-3.0943654,-0.22513184 
3,1576155151948,0.8430469,-5.2019825,-1.5232325 
3,1576155151968,-1.7914747,-7.29523,-2.3854396 
3,1576155151989,-4.8283596,-8.995694,-3.3051271 
3,1576155152007,-7.3383403,-10.025552,-5.5324955 
3,1576155152025,-13.297149,-8.923843,-6.983877 
3,1576155152054,-16.760347,-7.975415,-8.440049 
3,1576155152063,-17.617764,-8.59333,-8.655601 
3,1576155152083,-21.258194,-7.999366,-7.0413575 
3,1576155152103,-24.117847,-7.5012016,-6.8880763 
3,1576155152124,-27.949879,-6.8880763,-7.0269876 
3,1576155152144,-30.617931,-6.2605815,-7.6592727 
3,1576155152168,-31.096935,-6.10251,-7.8652444 
3,1576155152186,-29.703033,-6.0689797,-6.8689165 
3,1576155152204,-26.661358,-5.8821683,-5.6666164 
3,1576155152228,-22.369484,-5.8007374,-5.096602 
3,1576155152249,-19.323019,-5.5372853,-4.2248144 
3,1576155152268,-17.450113,-5.216353,-4.157754 
3,1576155152287,-15.419136,-5.0918117,-5.149292 
3,1576155152309,-13.40732,-4.9864306,-5.4989653 
3,1576155152329,-10.710527,-5.101392,-5.0487013 
3,1576155152350,-8.315508,-4.631968,-4.7325587 
3,1576155152369,-6.830596,-3.774551,-4.8044095 
3,1576155152389,-4.8666797,-2.8404932,-5.206773 
3,1576155152410,-2.198628,-1.9303858,-4.996011 
3,1576155152430,-0.46463382,-0.5891748,-3.9757326 
3,1576155152449,0.1341211,0.91010743,-4.493057 
3,1576155152470,1.2789404,1.9878663,-4.82357 
3,1576155152490,2.567461,2.8213332,-3.7458107 
3,1576155152509,4.152964,4.2918754,-2.0166066 
3,1576155152527,7.065308,5.585186,-1.5519727 
3,1576155152547,9.848321,6.8593364,-0.57001466 
3,1576155152566,11.452984,8.162227,1.954336 
3,1576155152586,13.052857,8.890313,4.373306 
3,1576155152606,13.953384,9.278306,5.0630717 
3,1576155152626,13.067227,9.493857,4.497847 
3,1576155152647,11.644586,9.307046,3.3386574 
3,1576155152669,10.547667,8.650811,2.308799 
3,1576155152689,9.244776,7.9610453,1.4513819 
3,1576155152711,8.047266,7.213799,0.78556645 
3,1576155152731,7.1275783,6.222261,0.27303225 
3,1576155152753,6.2510014,5.0582814,-0.4406836 
3,1576155152772,5.1924024,3.6691701,-1.0777588 
3,1576155152792,3.9134622,2.179468,-1.2741505 
3,1576155152808,2.6536818,0.57001466,-1.3699512 
3,1576155152830,1.1352394,-0.8143067,-1.6908839 
3,1576155152850,-0.5987549,-2.327959,-1.5232325 
3,1576155152870,-2.5243506,-3.8368216,-0.852627 
3,1576155152890,-4.981641,-4.905,-1.1352394 
3,1576155152909,-6.6485744,-5.767207,-2.7446926 
3,1576155152932,-7.180269,-7.36708,-4.679868 
3,1576155152953,-10.614727,-8.5598,-5.087022 
3,1576155152973,-16.329245,-8.119117,-5.9156985 
3,1576155152993,-20.70734,-7.32876,-8.258028 
3,1576155153012,-24.160957,-7.204219,-9.077125 
3,1576155153028,-28.16064,-5.6905665,-6.8928666 
3,1576155153050,-28.721075,-4.7948294,-5.6618266 
3,1576155153069,-28.366613,-4.517007,-5.6570363 
3,1576155153088,-29.109068,-4.1098537,-6.2605815 
3,1576155153108,-28.02652,-3.6500099,-7.4580913 
3,1576155153129,-24.46752,-3.8224514,-7.544312 
3,1576155153152,-20.918102,-4.033213,-6.4138627 
3,1576155153172,-18.024918,-4.018843,-5.494175 
3,1576155153192,-15.323336,-3.9613624,-5.4366946 
3,1576155153211,-13.498331,-3.6931202,-5.1636624 
3,1576155153232,-10.676997,-3.4967287,-5.767207 
3,1576155153253,-8.0999565,-2.9985645,-5.7719975 
3,1576155153272,-6.8976564,-2.4045997,-4.277505 
3,1576155153292,-5.4750147,-2.0022364,-2.9027638 
3,1576155153314,-3.4727786,-1.2693604,-2.5291407 
3,1576155153334,-1.5663428,-0.22992188,-3.3865578 
3,1576155153355,-0.20118165,0.977168,-3.923042 
3,1576155153374,0.9915381,2.2704787,-2.9458742 
3,1576155153392,2.672842,3.5733693,-1.8154249 
3,1576155153415,5.149292,4.89542,-0.7951465 
3,1576155153435,7.486831,6.672525,-0.34009278 
3,1576155153456,8.435259,8.52627,-0.36883304 
3,1576155153475,8.804092,9.699829,0.14370118 
3,1576155153500,9.848321,10.035132,1.0298585 
3,1576155153514,10.705738,9.862691,1.9447559 
3,1576155153533,10.581197,9.565708,2.1603076 
3,1576155153556,9.857901,9.177715,1.575923 
3,1576155153572,8.990904,8.53585,0.7376661 
3,1576155153591,7.932305,7.7311234,0.05269043 
3,1576155153617,6.6437845,6.8593364,-0.19639161 
3,1576155153631,5.633086,5.695357,0.043110352 
3,1576155153652,4.8091993,4.5409575,0.05269043 
3,1576155153682,3.9661524,3.2572267,-0.5460645 
3,1576155153698,2.5195606,1.7914747,-1.1783496 
3,1576155153712,-0.028740235,0.45984375,-0.8382569 
3,1576155153736,-3.1039455,-0.38320315,0.364043 
3,1576155153755,-5.633086,-1.1304493,0.30177248 
3,1576155153777,-7.3814507,-1.5471827,-1.8681153 
3,1576155153797,-8.291558,-1.0298585,-5.1828227 
3,1576155153815,-8.487949,-1.0633887,-6.5719337 
3,1576155153836,-9.412427,-2.7399025,-4.4212065 
3,1576155153854,-14.293477,-3.4967287,-1.7292042 
3,1576155153875,-18.930235,-2.9841945,-4.5649076 
3,1576155153895,-21.92401,-1.8489552,-8.626861 
3,1576155153913,-24.24239,-1.1879297,-8.713081 
3,1576155153938,-26.498497,-1.0825489,-6.5336137 
3,1576155153958,-27.331964,-0.85741705,-6.476133 
3,1576155153978,-26.73321,-0.62749517,-8.066426 
3,1576155153998,-24.793243,-0.56522465,-9.053174 
3,1576155154017,-21.804258,-0.7759864,-8.459209 
3,1576155154035,-18.700314,-1.2454102,-6.9216065 
3,1576155154061,-16.923208,-1.4178516,-5.647456 
3,1576155154074,-15.510147,-1.585503,-5.815108 
3,1576155154096,-13.445641,-2.1028273,-6.672525 
3,1576155154114,-12.851675,-2.4093897,-6.342012 
3,1576155154133,-12.300821,-2.5387208,-5.9013286 
3,1576155154154,-8.310719,-3.1039455,-6.576724 
3,1576155154177,-3.1901662,-3.4871485,-5.623506 
3,1576155154198,-0.009580079,-3.1997461,-2.907554 
3,1576155154219,2.663262,-1.6765138,-1.0442286 
3,1576155154239,5.738467,0.32572266,-0.39278322 
3,1576155154259,8.55501,2.6345215,-0.14849122 
3,1576155154279,9.977652,5.3073635,1.0059083 
3,1576155154297,10.518927,7.8556643,2.6441016 
3,1576155154319,10.921289,9.75252,3.8799317 
3,1576155154339,11.232642,10.9644,4.0859036 
3,1576155154357,11.136841,11.443404,3.3242872 
3,1576155154380,10.494976,11.452984,1.8345851 
3,1576155154400,9.85311,11.02188,0.39278322 
3,1576155154420,9.153765,10.193204,-0.081430666 
3,1576155154440,8.655601,8.8951025,-0.1820215 
3,1576155154460,8.229287,7.606582,-0.100590825 
3,1576155154481,7.3814507,6.303692,0.16765137 
3,1576155154500,6.361172,5.010381,0.2203418 
3,1576155154520,5.206773,3.8511915,0.081430666 
3,1576155154539,3.9805226,2.4956105,0.12454102 
3,1576155154556,2.9027638,0.96758795,0.19160157 
3,1576155154577,1.9926564,-0.56522465,-0.014370117 
3,1576155154600,0.8861573,-2.2608986,-0.39278322 
3,1576155154616,-0.7041358,-3.9278321,-0.9148975 
3,1576155154636,-3.1135256,-4.9145803,-1.5328126 
3,1576155154659,-5.7145166,-5.7959476,-2.5291407 
3,1576155154680,-7.937095,-6.183941,-4.3158255 
3,1576155154698,-9.699829,-6.6294146,-5.848638 
3,1576155154722,-12.19065,-7.2760696,-6.1887307 
3,1576155154741,-16.937578,-7.3527102,-7.30481 
3,1576155154759,-20.77919,-6.821016,-9.987232 
3,1576155154780,-24.510632,-6.375542,-12.28645 
3,1576155154797,-30.42154,-5.623506,-12.4541025 
3,1576155154822,-36.049835,-4.622388,-11.366763 
3,1576155154840,-36.183956,-4.038003,-11.615846 
3,1576155154861,-30.814323,-4.488267,-10.844649 
3,1576155154880,-25.095016,-5.1684523,-8.090376 
3,1576155154900,-20.578009,-5.513335,-6.1599903 
3,1576155154920,-17.359102,-5.4750147,-6.337222 
3,1576155154943,-15.002403,-5.360054,-7.209009 
3,1576155154963,-12.650494,-5.613926,-7.414981 
3,1576155154983,-9.968072,-5.6857767,-6.3803325 
3,1576155155003,-7.3814507,-5.470225,-5.087022 
3,1576155155022,-4.8666797,-4.8187795,-4.0859036 
3,1576155155040,-3.1231055,-3.5829494,-3.2668068 
3,1576155155070,-1.6046631,-2.1555176,-3.175796 
3,1576155155080,0.20597169,-0.8047266,-3.051255 
3,1576155155100,2.304009,0.57001466,-2.4620802 
3,1576155155119,5.015171,2.0357666,-1.4465919 
3,1576155155139,7.7694435,3.7410207,0.14849122 
3,1576155155161,9.77647,5.6187162,1.710044 
3,1576155155182,11.213482,7.199429,2.5004005 
3,1576155155201,12.17149,8.262817,2.792593 
3,1576155155225,12.248131,8.794512,3.6404297 
3,1576155155244,11.620635,8.789722,4.550537 
3,1576155155265,10.94045,8.396939,4.392466 
3,1576155155282,10.035132,8.018526,2.9027638 
3,1576155155305,8.818462,7.4964113,1.695674 
3,1576155155325,7.549102,6.6342044,1.4178516 
3,1576155155345,6.2510014,5.623506,1.585503 
3,1576155155365,5.0822315,4.3014555,1.6908839 
3,1576155155385,4.0667434,2.8644435,1.3939015 
3,1576155155405,2.7734327,1.3076807,0.7951465 
3,1576155155425,1.3076807,-0.25387207,0.0 
3,1576155155445,-0.244292,-1.8010547,-0.9580079 
3,1576155155466,-1.7531544,-3.544629,-1.8202149 
3,1576155155486,-4.1050634,-5.0487013,-2.318379 
3,1576155155506,-6.595884,-5.886958,-3.8751419 
3,1576155155525,-8.794512,-6.0019193,-6.7970657 
3,1576155155542,-11.165582,-6.2797413,-9.235196 
3,1576155155573,-14.365328,-6.816226,-8.459209 
3,1576155155581,-18.101559,-6.4905033,-7.4916215 
3,1576155155604,-21.306095,-5.2882032,-8.856783 
3,1576155155622,-24.036417,-3.8895118,-11.213482 
3,1576155155642,-26.86733,-3.415298,-11.654165 
3,1576155155663,-29.985645,-3.1949563,-10.193204 
3,1576155155685,-30.689781,-3.151846,-10.159674 
3,1576155155706,-28.903097,-3.051255,-10.585987 
3,1576155155729,-25.305777,-3.3530276,-9.129815 
3,1576155155747,-20.83667,-3.9469924,-7.0221977 
3,1576155155767,-18.087189,-4.2056546,-5.695357 
3,1576155155787,-17.11481,-4.133804,-5.8677983 
3,1576155155806,-14.968873,-4.5074267,-7.6401124 
3,1576155155826,-12.20502,-4.646338,-8.195757 
3,1576155155845,-9.843531,-4.4643164,-6.792276 
3,1576155155866,-7.4054008,-4.129014,-5.1828227 
3,1576155155886,-5.465435,-3.3673975,-3.6548 
3,1576155155905,-3.2284865,-2.42376,-2.8740237 
3,1576155155927,-0.9196875,-1.1735597,-2.323169 
3,1576155155948,0.9148975,0.22992188,-1.336421 
3,1576155155972,2.811753,1.7531544,-0.32093263 
3,1576155155989,4.799619,3.3865578,0.37362307 
3,1576155156008,7.117998,4.981641,1.1112891 
3,1576155156028,8.56459,6.4090724,2.3902297 
3,1576155156046,9.072334,7.5059915,3.7362306 
3,1576155156067,9.541759,8.0999565,4.119434 
3,1576155156088,10.025552,8.411309,3.9422023 
3,1576155156111,9.72378,8.669971,3.5733693 
3,1576155156123,8.981323,8.56938,3.539839 
3,1576155156143,8.411309,8.224498,3.4296682 
3,1576155156166,7.7694435,7.7550735,3.0129347 
3,1576155156188,7.0269876,7.0988383,3.0129347 
3,1576155156208,6.2701616,6.1456203,3.1087356 
3,1576155156229,5.336104,5.0678616,2.5578809 
3,1576155156247,3.9757326,3.9469924,1.7531544 
3,1576155156267,2.4764502,2.7255323,0.9963282 
3,1576155156286,1.2741505,1.3028907,0.36883304 
3,1576155156310,0.05748047,-0.16765137,-0.4406836 
3,1576155156330,-1.3603711,-1.6429834,-1.456172 
3,1576155156350,-3.2811768,-3.0704153,-2.1650977 
3,1576155156371,-5.125342,-4.1960745,-3.3817677 
3,1576155156389,-7.7502837,-4.9433208,-5.4127445 
3,1576155156408,-10.830278,-4.646338,-8.751402 
3,1576155156431,-12.248131,-4.397256,-9.910591 
3,1576155156451,-12.152329,-4.8091993,-7.812554 
3,1576155156470,-12.722344,-5.815108,-6.567144 
3,1576155156489,-16.836988,-5.9875493,-7.31439 
3,1576155156511,-21.995861,-5.4271145,-9.972861 
3,1576155156531,-26.120085,-4.7325587,-12.889996 
3,1576155156549,-29.43958,-4.028423,-14.006075 
3,1576155156570,-30.225147,-3.7074904,-12.928316 
3,1576155156586,-28.06484,-3.8464015,-10.653048 
3,1576155156606,-24.40525,-4.1864944,-8.947793 
3,1576155156627,-20.78877,-4.6128078,-7.9083548 
3,1576155156647,-18.33627,-4.90979,-7.209009 
3,1576155156667,-17.004639,-5.101392,-6.720425 
3,1576155156691,-14.968873,-5.4319043,-6.835386 
3,1576155156709,-12.027788,-5.1636624,-7.4006104 
3,1576155156740,-10.183623,-4.3493557,-7.084468 
3,1576155156758,-8.62207,-3.8080812,-6.5192432 
3,1576155156773,-6.710845,-3.3721876,-5.388794 
3,1576155156790,-4.6942387,-2.9841945,-3.788921 
3,1576155156813,-1.9064356,-2.208208,-3.6212697 
3,1576155156830,0.9963282,-0.8430469,-3.6116896 
3,1576155156850,2.1603076,0.9532178,-2.0453467 
3,1576155156871,3.4679885,2.5195606,-0.3305127 
3,1576155156893,6.0593996,3.9805226,0.85741705 
3,1576155156911,8.262817,5.527705,1.575923 
3,1576155156933,9.043594,7.1323686,1.7148341 
3,1576155156953,9.019644,8.387359,1.8776954 
3,1576155156973,9.522598,8.871153,2.816543 
3,1576155156992,9.75731,9.163345,3.539839 
3,1576155157013,9.992022,9.1202345,3.5877395 
3,1576155157030,9.632769,8.861572,3.1231055 
3,1576155157052,8.631651,8.358619,2.2752686 
3,1576155157073,7.5203614,7.6113725,1.7771046 
3,1576155157090,6.638994,6.6437845,1.8537452 
3,1576155157112,5.968389,5.3935843,2.064507 
3,1576155157129,5.221143,4.071533,1.5423926 
3,1576155157154,4.2152348,2.4764502,0.75203615 
3,1576155157170,2.7399025,0.6514453,0.46463382 
3,1576155157194,1.1496094,-1.2166699,0.30177248 
3,1576155157218,-0.42152345,-3.0177248,-0.07664063 
3,1576155157235,-2.323169,-4.368516,-1.6669337 
3,1576155157254,-4.756509,-5.4223247,-4.7325587 
3,1576155157280,-7.6209526,-6.327642,-6.821016 
3,1576155157292,-11.438614,-6.6821046,-7.1611085 
3,1576155157313,-16.147223,-6.456973,-7.0413575 
3,1576155157336,-18.623672,-6.361172,-8.58854 
3,1576155157355,-20.73608,-6.2701616,-9.455538 
3,1576155157375,-23.365812,-5.853428,-8.181387 
3,1576155157395,-26.163195,-5.6426663,-7.0509377 
3,1576155157415,-28.285181,-5.039121,-8.756192 
3,1576155157434,-29.382101,-4.157754,-12.616963 
3,1576155157456,-28.155851,-3.7362306,-13.886324 
3,1576155157476,-24.32382,-3.8128712,-11.826607 
3,1576155157496,-19.830763,-4.2343946,-8.674761 
3,1576155157516,-17.11481,-4.2152348,-5.877378 
3,1576155157535,-15.514937,-3.7314405,-5.6714063 
3,1576155157554,-13.675562,-3.3338673,-7.31439 
3,1576155157577,-11.654165,-3.3099172,-7.9945755 
3,1576155157592,-9.359736,-3.1470559,-6.835386 
3,1576155157618,-6.5096636,-2.8836036,-4.9337406 
3,1576155157632,-4.3254056,-2.3375392,-2.5243506 
3,1576155157652,-2.7590625,-1.4226416,-1.1591895 
3,1576155157677,-2.6009912,0.038320314,-1.7866846 
3,1576155157697,-2.562671,1.4944923,-3.3147073 
3,1576155157717,-1.6621436,2.5530908,-3.3147073 
3,1576155157735,-0.15328126,3.3817677,-1.9160157 
3,1576155157756,2.3566992,4.119434,-0.5221143 
3,1576155157776,4.488267,5.264253,0.42152345 
3,1576155157797,5.398374,6.6437845,1.096919 
3,1576155157818,6.595884,7.7790236,1.0394385 
3,1576155157836,8.056846,8.674761,0.6610254 
3,1576155157855,9.057964,9.144185,0.977168 
3,1576155157876,9.982442,9.321417,1.6477735 
3,1576155157897,10.087823,9.172925,1.9447559 
3,1576155157916,9.057964,8.861572,1.3795313 
3,1576155157940,7.932305,8.4304695,0.79993653 
3,1576155157959,7.031778,7.6353226,0.9627979 
3,1576155157980,6.0114994,6.5336137,1.4801221 
3,1576155157999,4.967271,5.2977834,2.0022364 
3,1576155158018,3.8847218,4.0906935,1.6717237 
3,1576155158036,2.7303224,2.7351124,1.0106983 
3,1576155158056,1.2549903,1.331631,0.60833496 
3,1576155158076,-0.46463382,0.043110352,0.033530276 
3,1576155158095,-1.9591261,-0.87178713,-1.0059083 
3,1576155158116,-2.5243506,-1.8681153,-2.4093897 
3,1576155158135,-3.4727786,-3.6068995,-3.175796 
3,1576155158155,-8.420889,-4.3445654,-2.9985645 
3,1576155158179,-14.370118,-3.3817677,-5.2019825 
3,1576155158199,-14.245577,-3.171006,-10.154883 
3,1576155158218,-13.44085,-4.5457473,-11.821816 
3,1576155158241,-17.196241,-4.9145803,-8.8951025 
3,1576155158260,-20.257076,-4.8187795,-8.143066 
3,1576155158278,-22.963448,-4.3349857,-10.432706 
3,1576155158299,-25.5836,-3.5973196,-13.009747 
3,1576155158320,-26.086554,-3.3338673,-13.680352 
3,1576155158341,-25.238716,-3.1949563,-11.050621 
3,1576155158361,-23.21253,-3.0704153,-7.937095 
3,1576155158381,-20.812721,-2.9650342,-6.7731156 
3,1576155158401,-18.963766,-2.7590625,-7.055728 
3,1576155158421,-17.617764,-2.543511,-7.424561 
3,1576155158441,-15.6059475,-2.7303224,-7.7454934 
3,1576155158461,-12.358301,-3.1374757,-7.4054008 
3,1576155158482,-10.140513,-2.8309133,-5.5324955 
3,1576155158502,-8.890313,-2.4333398,-4.2152348 
3,1576155158522,-6.720425,-1.9591261,-4.4403663 
3,1576155158540,-5.1924024,-1.0825489,-4.277505 
3,1576155158559,-4.0763235,-0.23471193,-3.8559816 
3,1576155158578,-2.1028273,0.45984375,-3.6452198 
3,1576155158597,0.1580713,1.21188,-3.0129347 
3,1576155158617,2.1698878,2.2273684,-1.8824854 
3,1576155158637,4.8523097,3.1566358,-0.7376661 
3,1576155158657,6.825806,4.3349857,0.56522465 
3,1576155158678,7.3958206,6.05461,1.7387843 
3,1576155158698,6.835386,7.8029737,2.3423293 
3,1576155158721,7.1084185,9.038804,1.8489552 
3,1576155158743,7.846084,9.958491,0.92926764 
3,1576155158762,7.9610453,10.724898,0.07185059 
3,1576155158783,7.8604546,11.05541,-0.78556645 
3,1576155158803,8.119117,10.6817875,-1.1064991 
3,1576155158823,8.54064,10.212363,-1.1639795 
3,1576155158842,8.674761,9.508228,-1.2166699 
3,1576155158861,8.109536,8.631651,-0.8382569 
3,1576155158881,7.094048,7.558682,-0.12933107 
3,1576155158903,6.0593996,6.4042826,0.40715334 
3,1576155158921,5.1061816,5.096602,0.5364844 
3,1576155158942,4.181704,3.66438,0.26345217 
3,1576155158964,3.276387,2.064507,0.043110352 
3,1576155158984,2.1267774,0.2778223,0.26345217 
3,1576155159004,0.8334668,-1.4801221,0.28740236 
3,1576155159021,-0.4023633,-3.3626075,-1.096919 
3,1576155159043,-1.3699512,-5.0774417,-3.420088 
3,1576155159062,-2.6536818,-7.2808595,-4.2152348 
3,1576155159092,-6.4330225,-9.364527,-3.5733693 
3,1576155159100,-11.251802,-10.236314,-4.4259963 
3,1576155159122,-15.740069,-9.546548,-7.7646537 
3,1576155159141,-17.689615,-9.594449,-10.538086 
3,1576155159160,-20.649858,-9.455538,-9.278306 
3,1576155159181,-23.686745,-8.698711,-6.840176 
3,1576155159204,-26.70447,-8.689131,-6.456973 
3,1576155159223,-32.826138,-7.6353226,-7.175479 
3,1576155159244,-36.255806,-6.2031007,-9.374106 
3,1576155159265,-32.854877,-5.997129,-10.902129 
3,1576155159283,-25.885372,-6.5000834,-9.110655 
3,1576155159305,-20.161276,-6.7539554,-5.910908 
3,1576155159324,-16.506475,-6.365962,-4.737349 
3,1576155159345,-14.858702,-5.6282964,-5.087022 
3,1576155159366,-13.42648,-5.000801,-6.0019193 
3,1576155159386,-10.667418,-4.91937,-6.725215 
3,1576155159406,-7.8412943,-4.761299,-5.585186 
3,1576155159426,-5.9156985,-3.9469924,-3.6739602 
3,1576155159446,-5.144502,-3.1949563,-2.2800586 
3,1576155159466,-4.023633,-2.548301,-2.8548634 
3,1576155159485,-1.6334034,-1.695674,-4.84752 
3,1576155159507,-0.4263135,-0.27303225,-5.8198977 
3,1576155159527,-0.05748047,1.21188,-5.087022 
3,1576155159546,1.7483643,2.6249416,-4.129014 
3,1576155159565,4.598438,4.1625443,-2.802173 
3,1576155159587,7.28565,5.824688,-0.8813672 
3,1576155159603,8.49753,7.32397,1.0538087 
3,1576155159622,9.067544,8.396939,1.4849122 
3,1576155159643,9.541759,9.206455,0.3784131 
3,1576155159663,10.121353,9.79563,-0.20597169 
3,1576155159685,10.672208,9.80521,0.14370118 
3,1576155159706,10.471025,9.484278,1.0011182 
3,1576155159727,10.260264,8.966953,1.331631 
3,1576155159745,9.857901,8.420889,0.8909473 
3,1576155159767,9.072334,7.846084,0.23471193 
3,1576155159789,8.392149,6.830596,0.32093263 
3,1576155159806,7.7790236,5.4989653,0.75203615 
3,1576155159826,7.046148,3.9901028,1.092129 
3,1576155159846,5.733677,2.193838,1.4465919 
3,1576155159866,4.038003,0.364043,0.8047266 
3,1576155159885,2.4620802,-1.331631,-0.36883304 
3,1576155159907,0.9867481,-3.0943654,-1.0777588 
3,1576155159927,-0.18681154,-4.9481106,-2.2561085 
3,1576155159949,-1.7818946,-7.079678,-3.319497 
3,1576155159969,-5.455855,-8.923843,-3.2572267 
3,1576155159990,-11.548784,-9.580078,-3.539839 
3,1576155160009,-17.248932,-7.9466753,-6.13604 
3,1576155160030,-17.440533,-7.8891945,-9.584868 
3,1576155160049,-19.730171,-8.171807,-7.573052 
3,1576155160067,-23.394552,-7.0221977,-3.8799317 
3,1576155160090,-24.213648,-6.576724,-4.5457473 
3,1576155160105,-28.060051,-5.8917484,-5.9252787 
3,1576155160125,-31.959143,-4.7469287,-7.1563187 
3,1576155160145,-30.929283,-4.4643164,-7.9706254 
3,1576155160165,-27.854078,-4.5649076,-6.7635355 
3,1576155160189,-24.089108,-4.8044095,-5.4127445 
3,1576155160209,-20.64507,-5.0343313,-4.742139 
3,1576155160229,-19.255959,-4.775669,-4.258345 
3,1576155160249,-17.612974,-4.6607084,-4.87626 
3,1576155160269,-15.213164,-4.785249,-5.513335 
3,1576155160288,-12.430152,-4.8331494,-4.8666797 
3,1576155160309,-9.354947,-4.5649076,-4.2439747 
3,1576155160327,-7.4197707,-3.6979103,-3.6404297 
3,1576155160351,-6.351592,-2.806963,-3.2620168 
3,1576155160371,-5.1971927,-2.2752686,-2.9650342 
3,1576155160392,-3.276387,-1.7483643,-2.7830129 
3,1576155160412,-1.0585986,-0.6993457,-2.9841945 
3,1576155160432,0.43110353,0.7951465,-3.056045 
3,1576155160452,2.3519094,2.5339308,-3.1997461 
3,1576155160472,5.6618266,4.061953,-2.5243506 
3,1576155160492,8.416099,5.465435,-0.728086 
3,1576155160509,9.062755,6.959927,0.7232959 
3,1576155160533,9.354947,8.162227,1.3124708 
3,1576155160551,10.140513,8.818462,2.0405567 
3,1576155160569,11.179952,9.005274,2.4668703 
3,1576155160590,11.625425,9.029224,2.0166066 
3,1576155160609,10.715318,8.986114,1.3986914 
3,1576155160629,9.201666,8.689131,1.1112891 
3,1576155160649,8.167017,8.085587,0.78556645 
3,1576155160669,7.1467385,7.3527102,0.46463382 
3,1576155160692,6.212681,6.3994923,0.38320315 
3,1576155160711,5.360054,5.158872,0.62749517 
3,1576155160732,4.517007,3.8224514,0.847837 
3,1576155160753,3.755391,2.4189699,0.6706055 
3,1576155160773,2.907554,0.68018556,0.20597169 
3,1576155160794,1.710044,-1.0490186,-0.20118165 
3,1576155160819,0.37362307,-2.7782228,-1.0011182 
3,1576155160833,-1.1304493,-4.5313773,-2.2561085 
3,1576155160850,-3.8895118,-6.1647806,-2.8596535 
3,1576155160877,-8.013736,-7.209009,-2.5818312 
3,1576155160894,-11.156001,-7.4916215,-4.3637257 
3,1576155160913,-13.297149,-7.4101906,-7.9610453 
3,1576155160938,-15.356866,-7.2521195,-10.95961 
3,1576155160955,-16.027472,-7.8556643,-10.98835 
3,1576155160974,-20.338507,-8.708291,-7.793394 
3,1576155161001,-27.217003,-7.6113725,-6.9024467 
3,1576155161015,-29.161758,-6.825806,-11.884088 
3,1576155161033,-31.470558,-5.9875493,-14.183307 
3,1576155161053,-32.97463,-4.90979,-12.904366 
3,1576155161072,-29.367731,-4.7804594,-10.820699 
3,1576155161093,-22.872438,-5.278623,-8.933423 
3,1576155161112,-18.202148,-5.249883,-7.28565 
3,1576155161130,-16.463366,-4.7708793,-6.5719337 
3,1576155161150,-14.978453,-4.6607084,-7.472461 
3,1576155161171,-13.172608,-4.550537,-8.737032 
3,1576155161194,-11.390714,-4.6990285,-8.823253 
3,1576155161215,-8.794512,-4.6654983,-7.4964113 
3,1576155161234,-6.6821046,-4.1242237,-5.6282964 
3,1576155161253,-5.3121533,-3.3530276,-4.4547367 
3,1576155161275,-3.6260598,-2.4956105,-4.143384 
3,1576155161293,-1.8776954,-1.4226416,-3.8176613 
3,1576155161314,-0.60354495,-0.39278322,-2.9219239 
3,1576155161336,0.76161623,0.6993457,-1.4082716 
3,1576155161356,3.2668068,2.0405567,-0.043110352 
3,1576155161376,5.977969,3.7410207,1.0633887 
3,1576155161397,7.4916215,5.589976,2.308799 
3,1576155161417,7.807764,7.5059915,3.3578174 
3,1576155161436,7.9083548,8.665181,3.803291 
3,1576155161454,8.214917,9.196876,3.4727786 
3,1576155161476,8.708291,9.484278,2.3327491 
3,1576155161497,9.407638,9.479487,0.68976563 
3,1576155161518,9.72378,9.273516,-0.17723145 
3,1576155161536,9.101074,8.856783,-0.17723145 
3,1576155161556,8.157437,8.281978,0.42152345 
3,1576155161574,7.32876,7.4964113,0.9627979 
3,1576155161595,6.600674,6.471343,1.1591895 
3,1576155161613,5.9061184,5.249883,1.3843213 
3,1576155161639,5.0199614,3.9757326,1.829795 
3,1576155161653,3.894302,2.6776319,1.8058448 
3,1576155161673,2.6584718,1.2454102,1.0442286 
3,1576155161693,1.2454102,-0.25387207,-0.05269043 
3,1576155161717,-0.51732427,-1.5376027,-0.4981641 
3,1576155161737,-2.7351124,-2.682422,-0.852627 
3,1576155161756,-4.737349,-3.6164796,-2.203418 
3,1576155161778,-6.09772,-4.8091993,-4.1050634 
3,1576155161796,-7.6113725,-5.757627,-5.9204884 
3,1576155161816,-9.541759,-6.6581545,-6.945557 
3,1576155161838,-12.746294,-7.2760696,-6.701265 
3,1576155161856,-18.149458,-7.213799,-5.6761966 
3,1576155161877,-22.910757,-6.581514,-7.1084185 
3,1576155161898,-25.837471,-5.6187162,-9.613608 
3,1576155161919,-29.176128,-4.737349,-10.614727 
3,1576155161936,-33.266823,-3.7410207,-10.365645 
3,1576155161959,-33.755405,-3.0177248,-10.763218 
3,1576155161980,-29.856316,-3.0943654,-10.509346 
3,1576155162000,-24.50584,-3.5494192,-8.976534 
3,1576155162020,-19.600842,-3.908672,-7.534732 
3,1576155162040,-16.554377,-3.7410207,-6.840176 
3,1576155162059,-14.695841,-3.4536183,-7.1371584 
3,1576155162078,-12.545113,-3.530259,-7.3958206 
3,1576155162105,-10.475816,-3.5494192,-6.825806 
3,1576155162116,-8.296348,-3.0847852,-6.5288234 
3,1576155162138,-6.926397,-2.304009,-6.006709 
3,1576155162156,-6.1216702,-1.4753321,-4.727769 
3,1576155162176,-4.4212065,-0.7232959,-3.6068995 
3,1576155162197,-2.3854396,0.09101075,-2.8261232 
3,1576155162220,-0.8143067,0.9244776,-1.5998731 
3,1576155162241,0.0,1.9303858,-0.23950197 
3,1576155162265,0.7089258,2.907554,0.27303225 
3,1576155162279,2.543511,3.8847218,-0.51732427 
3,1576155162302,5.757627,4.991221,-1.8729054 
3,1576155162322,8.392149,6.361172,-1.3507911 
3,1576155162342,9.64714,7.429351,0.7185059 
3,1576155162362,10.336905,8.052056,2.327959 
3,1576155162379,10.92608,8.56938,3.1087356 
3,1576155162399,10.92608,8.737032,2.9985645 
3,1576155162422,10.648257,8.58854,2.5004005 
3,1576155162442,9.982442,8.119117,2.1555176 
3,1576155162462,8.866363,7.3383403,1.8681153 
3,1576155162482,7.831714,6.2893214,1.4418018 
3,1576155162498,6.912027,5.1397123,0.9436377 
3,1576155162523,5.9300685,3.63564,0.45984375 
3,1576155162543,4.521797,1.8202149,0.23471193 
3,1576155162562,2.9985645,-0.1341211,0.014370117 
3,1576155162580,1.3124708,-1.9878663,-0.38320315 
3,1576155162600,-1.0633887,-3.4009278,-0.9867481 
3,1576155162619,-4.2248144,-4.718189,-1.2022998 
3,1576155162639,-7.549102,-5.0343313,-1.9447559 
3,1576155162659,-9.110655,-4.87147,-4.378096 
3,1576155162679,-10.250684,-5.1684523,-7.4772515 
3,1576155162703,-13.752203,-5.5947657,-9.311836 
3,1576155162723,-17.09086,-5.733677,-8.296348 
3,1576155162743,-18.743423,-5.120552,-6.7731156 
3,1576155162763,-19.43319,-5.1061816,-7.2329593 
3,1576155162783,-22.685625,-5.216353,-7.568262 
3,1576155162802,-27.748697,-4.3541455,-8.315508 
3,1576155162821,-30.047916,-3.6260598,-10.413546 
3,1576155162868,-29.770094,-3.3386574,-10.935659 
3,1576155162869,-26.469757,-3.4488282,-9.422008 
3,1576155162878,-21.82342,-3.7410207,-7.678433 
3,1576155162898,-18.3219,-3.784131,-6.6102543 
3,1576155162919,-17.03817,-3.3673975,-6.3899126 
3,1576155162939,-16.257393,-3.0608351,-7.3814507 
3,1576155162960,-13.6995125,-3.3147073,-8.377779 
3,1576155162982,-10.94045,-3.4775686,-7.702383 
3,1576155163005,-9.201666,-3.2428565,-5.7863674 
3,1576155163025,-7.462881,-2.8596535,-4.4691067 
3,1576155163040,-6.1216702,-2.327959,-3.67875 
3,1576155163063,-4.9529004,-1.9160157,-2.5387208 
3,1576155163081,-3.3721876,-1.4513819,-1.8010547 
3,1576155163105,-1.4322218,-0.6706055,-1.8824854 
3,1576155163121,0.1101709,0.3161426,-1.7627344 
3,1576155163140,1.6717237,1.5232325,-1.4609619 
3,1576155163160,4.86189,2.7782228,-0.85741705 
3,1576155163182,7.32876,4.655918,0.17244141 
3,1576155163202,8.449629,6.9551373,0.40715334 
3,1576155163225,9.70941,8.880733,-0.22513184 
3,1576155163243,11.261382,10.035132,0.05269043 
3,1576155163266,11.496095,10.5764065,1.4226416 
3,1576155163284,11.587105,10.533297,1.9351759 
3,1576155163307,11.692486,10.049502,1.2645704 
3,1576155163327,10.547667,9.354947,0.5556446 
3,1576155163347,8.646021,8.53106,0.244292 
3,1576155163367,7.1419487,7.549102,0.28261232 
3,1576155163385,6.318062,6.327642,0.5412744 
3,1576155163409,5.5708156,4.91937,0.728086 
3,1576155163428,4.478687,3.4009278,0.79993653 
3,1576155163448,2.9841945,1.7914747,0.43589357 
3,1576155163468,1.3220508,0.2203418,-0.20597169 
3,1576155163488,-0.043110352,-1.2885206,-0.7185059 
3,1576155163508,-0.9580079,-3.046465,-0.977168 
3,1576155163528,-1.6813037,-5.087022,-1.7531544 
3,1576155163548,-4.382886,-7.175479,-2.3327491 
3,1576155163566,-9.086704,-7.544312,-3.2189064 
3,1576155163585,-12.875626,-6.998247,-5.134922 
3,1576155163607,-15.040723,-6.5719337,-8.392149 
3,1576155163624,-16.702868,-6.830596,-11.596685 
3,1576155163646,-20.132536,-6.6773148,-10.245894 
3,1576155163664,-24.37172,-5.5468655,-6.5048733 
3,1576155163684,-26.258995,-4.742139,-6.926397 
3,1576155163704,-27.949879,-4.0906935,-9.881851 
3,1576155163728,-29.683874,-3.3147073,-10.897339 
3,1576155163747,-27.897188,-3.3147073,-10.183623 
3,1576155163768,-24.065157,-3.5110989,-8.277188 
3,1576155163789,-20.065474,-3.6116896,-6.3803325 
3,1576155163810,-17.09086,-3.4296682,-5.3935843 
3,1576155163829,-15.716119,-3.0752053,-5.230723 
3,1576155163847,-14.6000395,-2.9985645,-5.3792143 
3,1576155163868,-12.885205,-3.1231055,-5.752837 
3,1576155163887,-10.480606,-3.290757,-5.455855 
3,1576155163908,-8.842413,-2.7734327,-3.774551 
3,1576155163928,-7.223379,-2.069297,-2.811753 
3,1576155163948,-5.5708156,-1.1735597,-2.4956105 
3,1576155163970,-3.6212697,-0.37362307,-2.7686427 
3,1576155163987,-1.9255958,0.28261232,-2.682422 
3,1576155164011,0.047900394,1.1256592,-2.1315675 
3,1576155164031,2.6249416,2.2656887,-1.9064356 
3,1576155164051,4.3349857,3.7266505,-1.4322218 
3,1576155164070,5.973179,5.1732426,-0.68976563 
3,1576155164087,8.224498,6.217471,0.364043 
3,1576155164113,10.154883,7.223379,0.9963282 
3,1576155164127,11.318863,8.071217,1.3172607 
3,1576155164147,11.864927,8.4448395,1.7914747 
3,1576155164166,11.615846,8.650811,2.2848487 
3,1576155164186,10.98356,8.617281,2.1507277 
3,1576155164208,10.059082,8.382568,1.8345851 
3,1576155164230,9.010064,7.846084,1.6573536 
3,1576155164251,7.8987746,7.0269876,1.6190332 
3,1576155164271,6.8880763,5.9204884,1.331631 
3,1576155164289,5.5420756,4.718189,0.76161623 
3,1576155164312,3.9853127,3.5063088,0.34488282 
3,1576155164332,2.5530908,2.0932472,-0.41194338 
3,1576155164352,0.68018556,0.6945557,-1.341211 
3,1576155164371,-1.0394385,-0.47900394,-1.6238233 
3,1576155164391,-1.7866846,-1.5519727,-2.5530908 
3,1576155164413,-2.4860303,-2.7973828,-4.296665 
3,1576155164433,-4.8187795,-4.1721244,-4.751719 
3,1576155164453,-9.3309965,-4.90979,-4.1050634 
3,1576155164477,-12.003839,-5.264253,-4.87147 
3,1576155164493,-13.867164,-5.613926,-7.549102 
3,1576155164513,-17.315992,-5.5660257,-8.957374 
3,1576155164538,-20.937262,-4.91937,-9.393267 
3,1576155164552,-24.084318,-4.1625443,-9.833951 
3,1576155164571,-26.83859,-3.3434474,-10.418335 
3,1576155164597,-28.361822,-2.792593,-10.98356 
3,1576155164614,-28.716286,-2.567461,-10.739268 
3,1576155164629,-28.10795,-2.2752686,-9.517808 
3,1576155164648,-24.49147,-2.3662794,-8.47837 
3,1576155164668,-19.960094,-2.6393116,-7.472461 
3,1576155164689,-17.248932,-2.6488917,-6.3899126 
3,1576155164711,-15.88377,-2.548301,-5.9013286 
3,1576155164732,-14.60962,-2.572251,-5.518125 
3,1576155164753,-12.684024,-2.6393116,-5.1732426 
3,1576155164771,-10.145303,-2.668052,-5.465435 
3,1576155164792,-7.9562554,-2.304009,-5.3025737 
3,1576155164815,-6.701265,-1.9591261,-4.176914 
3,1576155164834,-4.790039,-1.6286134,-3.3865578 
3,1576155164852,-1.9830762,-1.1400293,-3.0704153 
3,1576155164873,0.12933107,-0.086220704,-2.8596535 
3,1576155164891,2.3375392,1.22625,-2.7830129 
3,1576155164915,4.4451566,2.8261232,-1.6429834 
3,1576155164933,6.1312504,4.2152348,0.1101709 
3,1576155164953,7.807764,5.6522465,1.7387843 
3,1576155164975,9.172925,7.089258,3.180586 
3,1576155164996,10.418335,7.937095,3.8703518 
3,1576155165015,11.491304,8.52148,3.9517825 
3,1576155165032,11.931988,8.626861,4.3062453 
3,1576155165056,11.639795,8.123906,4.8379397 
3,1576155165075,11.02667,7.4916215,4.766089 
3,1576155165093,10.116563,6.782696,3.6548 
3,1576155165114,8.708291,5.9635987,2.6105714 
3,1576155165133,6.8880763,4.8906302,1.8920655 
3,1576155165152,5.3313136,3.6548,1.1496094 
3,1576155165171,4.0763235,2.203418,0.39278322 
3,1576155165192,2.7303224,0.44547364,-0.043110352 
3,1576155165216,0.5508545,-1.2597803,-0.07664063 
3,1576155165234,-2.5866213,-2.6393116,0.14370118 
3,1576155165255,-5.992339,-3.4057178,-0.78556645 
3,1576155165273,-7.429351,-3.7985013,-4.1960745 
3,1576155165295,-7.6592727,-4.598438,-7.453301 
3,1576155165318,-8.919053,-5.853428,-7.5012016 
3,1576155165338,-11.845767,-6.710845,-5.1540823 
3,1576155165358,-14.403648,-7.1467385,-4.0667434 
3,1576155165378,-17.699196,-6.600674,-4.967271 
3,1576155165398,-20.76003,-5.6522465,-6.854546 
3,1576155165418,-24.199278,-4.88584,-7.438931 
3,1576155165436,-28.601324,-4.1960745,-7.5874224 
3,1576155165458,-31.432238,-3.2332766,-8.741821 
3,1576155165478,-31.140045,-2.7399025,-9.80521 
3,1576155165497,-28.337872,-3.027305,-8.784932 
3,1576155165516,-23.902296,-3.7697608,-7.046148 
3,1576155165536,-19.945723,-4.277505,-5.733677 
3,1576155165557,-17.320782,-4.3301954,-5.326524 
3,1576155165575,-15.797549,-4.258345,-5.513335 
3,1576155165595,-14.384488,-4.129014,-6.0354495 
3,1576155165615,-12.899576,-3.8464015,-7.1467385 
3,1576155165635,-10.801538,-3.8320315,-7.6449027 
3,1576155165655,-8.401729,-3.7985013,-6.8880763 
3,1576155165674,-6.423443,-3.4248781,-5.3408937 
3,1576155165696,-4.8331494,-2.668052,-3.4727786 
3,1576155165719,-2.44771,-1.719624,-2.193838 
3,1576155165739,0.043110352,-0.5460645,-1.3939015 
3,1576155165758,1.3651612,0.7807764,-0.2921924 
3,1576155165778,2.2369483,2.3566992,0.22992188 
3,1576155165800,4.1050634,3.65959,0.57001466 
3,1576155165820,6.983877,4.7469287,1.590293 
3,1576155165838,8.468789,6.3851223,1.5567628 
3,1576155165857,9.0004835,8.076006,0.7568262 
3,1576155165881,10.106983,8.966953,0.6849756 
3,1576155165912,11.02188,9.239985,1.7292042 
3,1576155165915,11.141631,9.096285,2.8883936 
3,1576155165935,10.739268,8.952583,2.4141798 
3,1576155165955,9.766891,8.943004,0.9436377 
3,1576155165975,8.49274,8.737032,0.119750984 
3,1576155165995,7.1227884,8.224498,-0.047900394 
3,1576155166017,6.217471,7.32397,-0.09580079 
3,1576155166039,5.767207,6.11209,-0.11496094 
3,1576155166060,5.221143,4.631968,0.06227051 
3,1576155166080,4.0763235,3.0368848,0.17723145 
3,1576155166098,2.687212,1.2022998,0.09101075 
3,1576155166117,0.9580079,-0.5939649,-0.1101709 
3,1576155166137,-0.8861573,-2.198628,-0.7089258 
3,1576155166157,-1.7962648,-3.6739602,-1.9399658 
3,1576155166177,-2.6441016,-5.2115626,-3.4631984 
3,1576155166197,-5.0726514,-6.672525,-4.5409575 
3,1576155166225,-9.83874,-7.0269876,-4.3254056 
3,1576155166241,-12.607384,-6.5048733,-5.1540823 
3,1576155166261,-12.707974,-7.204219,-7.3718705 
3,1576155166279,-15.610738,-8.301138,-8.167017 
3,1576155166302,-22.120401,-7.6257424,-7.683223 
3,1576155166323,-25.928482,-5.949229,-9.105865 
3,1576155166343,-25.69856,-5.695357,-11.649376 
3,1576155166363,-28.879147,-5.240303,-11.050621 
3,1576155166383,-30.55087,-5.000801,-10.159674 
3,1576155166403,-28.601324,-4.905,-9.80521 
3,1576155166423,-24.23281,-5.0726514,-8.47837 
3,1576155166443,-20.242706,-5.0726514,-6.365962 
3,1576155166463,-18.044079,-4.5696974,-5.005591 
3,1576155166483,-16.468155,-3.999683,-5.494175 
3,1576155166503,-14.489869,-3.7458107,-6.5384035 
3,1576155166524,-12.803775,-3.5494192,-6.495293 
3,1576155166543,-10.806329,-3.4248781,-5.7911572 
3,1576155166563,-7.8700347,-3.1087356,-5.4223247 
3,1576155166581,-6.11688,-2.3519094,-4.4451566 
3,1576155166600,-5.240303,-1.5232325,-3.3817677 
3,1576155166622,-3.4775686,-1.0059083,-2.8404932 
3,1576155166640,-1.5184424,-0.26345217,-2.9027638 
3,1576155166664,0.26345217,0.9196875,-3.558999 
3,1576155166679,1.1879297,2.4525,-3.1135256 
3,1576155166699,2.3998096,3.8128712,-1.3028907 
3,1576155166720,5.479805,4.9145803,0.100590825 
3,1576155166743,8.085587,6.605464,0.74724615 
3,1576155166764,9.0004835,8.224498,1.7531544 
3,1576155166784,8.780142,9.431587,2.9650342 
3,1576155166804,8.50711,10.015972,2.8836036 
3,1576155166825,8.708291,10.183623,1.3651612 
3,1576155166842,8.49753,9.968072,0.46463382 
3,1576155166862,7.7502837,9.469908,0.24908204 
3,1576155166882,7.1132083,8.751402,0.081430666 
3,1576155166905,6.5623536,7.8891945,-0.18681154 
3,1576155166925,5.968389,6.782696,-0.24908204 
3,1576155166944,5.4319043,5.527705,0.06227051 
3,1576155166966,4.8523097,4.0523734,0.46463382 
3,1576155166986,3.8607717,2.4620802,0.71371585 
3,1576155167006,2.4572902,0.9388477,0.488584 
3,1576155167026,1.1831397,-0.7185059,-0.07664063 
3,1576155167046,-0.20597169,-2.6105714,-0.5939649 
3,1576155167066,-2.1507277,-4.143384,-1.7627344 
3,1576155167086,-3.4057178,-5.5612354,-3.9326222 
3,1576155167104,-4.4403663,-7.2808595,-5.6618266 
3,1576155167124,-9.249566,-8.234077,-6.07856 
3,1576155167143,-14.829962,-7.3096,-7.1132083 
3,1576155167164,-15.730489,-7.189849,-9.733359 
3,1576155167182,-16.899258,-7.664063,-11.438614 
3,1576155167202,-21.224665,-7.2569094,-11.294912 
3,1576155167226,-25.976383,-6.198311,-10.193204 
3,1576155167245,-29.717403,-5.1971927,-10.030342 
3,1576155167265,-30.689781,-4.6511283,-11.970308 
3,1576155167285,-29.20966,-4.6511283,-13.196558 
3,1576155167307,-26.460176,-4.4738965,-12.147539 
3,1576155167328,-22.307213,-4.617598,-10.087823 
3,1576155167348,-18.594933,-4.7133985,-7.951465 
3,1576155167368,-16.01789,-4.517007,-7.0078273 
3,1576155167388,-14.432388,-4.1146436,-7.472461 
3,1576155167408,-12.09485,-3.999683,-8.416099 
3,1576155167429,-9.72378,-3.8511915,-8.277188 
3,1576155167448,-8.052056,-3.4775686,-6.7300053 
3,1576155167466,-6.8018556,-3.0081446,-4.6654983 
3,1576155167489,-4.5457473,-2.5147705,-3.803291 
3,1576155167506,-2.6536818,-1.4130616,-4.1098537 
3,1576155167529,-2.1459377,-0.34488282,-4.1625443 
3,1576155167549,-1.0490186,0.40715334,-3.2476466 
3,1576155167567,1.3172607,0.9484278,-1.1448194 
3,1576155167587,3.6164796,2.1411476,0.14370118 
3,1576155167607,4.8427296,3.8895118,-0.8047266 
3,1576155167628,5.360054,5.7145166,-1.9351759 
3,1576155167645,6.361172,7.074888,-1.3220508 
3,1576155167665,7.664063,7.975415,0.46463382 
3,1576155167685,9.321417,8.923843,0.9867481 
3,1576155167705,10.265054,9.867481,0.4981641 
3,1576155167726,10.059082,10.466236,0.40715334 
3,1576155167749,9.5561285,10.509346,0.9484278 
3,1576155167769,9.196876,10.106983,1.096919 
3,1576155167790,8.784932,9.3453665,0.7089258 
3,1576155167810,8.061636,8.392149,0.35925296 
3,1576155167830,7.448511,7.2808595,0.5029541 
3,1576155167848,6.840176,5.968389,0.847837 
3,1576155167868,5.8821683,4.550537,1.0777588 
3,1576155167888,4.6271777,3.027305,1.1879297 
3,1576155167911,3.4679885,1.3220508,0.9867481 
3,1576155167925,2.2273684,-0.4742139,0.613125 
3,1576155167948,0.78556645,-2.2177882,0.38320315 
3,1576155167971,-0.5987549,-3.779341,-0.29698244 
3,1576155167991,-2.663262,-5.4319043,-0.728086 
3,1576155168011,-6.212681,-6.4186525,-1.5567628 
3,1576155168032,-8.813672,-6.3132715,-4.967271 
3,1576155168050,-9.508228,-6.662945,-9.110655 
3,1576155168072,-12.736714,-7.3718705,-9.354947 
3,1576155168091,-18.542242,-6.6677346,-7.3096 
3,1576155168109,-21.679718,-5.6857767,-7.812554 
3,1576155168136,-22.882017,-5.206773,-10.169253 
3,1576155168148,-25.74167,-3.999683,-12.842095 
3,1576155168169,-28.170221,-3.051255,-14.829962 
3,1576155168193,-29.31025,-2.543511,-15.045513 
3,1576155168206,-28.213331,-2.3423293,-13.929434 
3,1576155168227,-24.592062,-2.668052,-11.802657 
3,1576155168257,-20.290606,-3.0416749,-9.513018 
3,1576155168271,-17.699196,-2.9506643,-7.846084 
3,1576155168289,-16.453785,-2.792593,-7.448511 
3,1576155168318,-14.753321,-2.8883936,-7.932305 
3,1576155168331,-12.588223,-3.171006,-7.817344 
3,1576155168352,-10.183623,-3.396138,-7.0509377 
3,1576155168370,-8.229287,-3.166216,-6.07856 
3,1576155168393,-6.222261,-2.5914114,-5.455855 
3,1576155168413,-4.406836,-2.208208,-4.152964 
3,1576155168433,-2.184258,-1.9255958,-2.208208 
3,1576155168452,0.44547364,-1.092129,-0.6610254 
3,1576155168472,2.6153615,0.16286133,0.46463382 
3,1576155168493,3.9709425,1.8010547,0.5556446 
3,1576155168514,5.336104,3.755391,-0.60833496 
3,1576155168534,6.7300053,5.5660257,-1.346001 
3,1576155168553,7.9945755,7.084468,-0.9532178 
3,1576155168572,9.182506,8.200547,-0.043110352 
3,1576155168592,10.083033,8.823253,0.96758795 
3,1576155168611,10.552457,9.359736,1.5280225 
3,1576155168640,10.437495,9.608819,1.5471827 
3,1576155168654,10.078242,9.493857,1.7579445 
3,1576155168672,9.575289,9.1202345,2.2800586 
3,1576155168690,8.804092,8.468789,2.572251 
3,1576155168710,7.965835,7.6305327,2.5147705 
3,1576155168731,7.213799,6.6916847,2.2513185 
3,1576155168753,6.495293,5.508545,1.9351759 
3,1576155168777,5.7719975,4.1002736,2.0357666 
3,1576155168791,4.766089,2.562671,1.8920655 
3,1576155168811,3.5110989,1.0394385,1.2022998 
3,1576155168835,2.3614893,-0.52690434,0.34967285 
3,1576155168852,0.6993457,-2.2608986,-0.023950197 
3,1576155168876,-1.3555812,-3.894302,-0.5221143 
3,1576155168895,-3.300337,-5.0534916,-1.8633252 
3,1576155168913,-5.5803957,-5.7719975,-3.5733693 
3,1576155168938,-7.3718705,-6.423443,-5.863008 
3,1576155168956,-8.947793,-7.3814507,-7.2521195 
3,1576155168976,-13.263618,-8.253238,-6.365962 
3,1576155168996,-19.44277,-7.3766603,-6.303692 
3,1576155169016,-21.435425,-7.079678,-8.842413 
3,1576155169037,-24.774082,-6.9934573,-8.684341 
3,1576155169057,-29.870686,-6.318062,-8.171807 
3,1576155169077,-33.563805,-5.1157618,-9.393267 
3,1576155169096,-33.798515,-4.2248144,-10.394385 
3,1576155169114,-30.134136,-4.368516,-9.350157 
3,1576155169134,-25.075855,-4.655918,-7.1084185 
3,1576155169153,-20.894152,-4.799619,-5.719307 
3,1576155169177,-18.22131,-4.6607084,-5.4175344 
3,1576155169193,-16.00831,-4.550537,-6.11688 
3,1576155169213,-13.728252,-4.5601172,-6.9934573 
3,1576155169234,-11.060201,-4.4643164,-7.3958206 
3,1576155169257,-8.229287,-4.0811133,-6.974297 
3,1576155169276,-6.638994,-3.6452198,-5.024751 
3,1576155169298,-4.517007,-3.2572267,-3.9853127 
3,1576155169315,-2.4045997,-2.3327491,-4.430786 
3,1576155169338,-1.3986914,-0.852627,-4.4499464 
3,1576155169358,-0.12933107,0.5891748,-3.8320315 
3,1576155169378,1.8681153,1.9687061,-2.4668703 
3,1576155169398,4.3014555,3.0656252,-0.29698244 
3,1576155169418,6.7539554,4.4116263,2.088457 
3,1576155169439,8.49274,6.303692,2.567461 
3,1576155169455,9.153765,8.171807,1.2022998 
3,1576155169479,9.364527,9.4507475,-0.17244141 
3,1576155169499,9.666299,9.81958,-0.2921924 
3,1576155169519,9.992022,9.565708,0.119750984 
3,1576155169539,10.126143,9.072334,0.07185059 
3,1576155169559,9.613608,8.53106,-0.47900394 
3,1576155169577,8.3250885,7.975415,-0.90052736 
3,1576155169597,6.8593364,7.2616997,-0.4981641 
3,1576155169617,5.6714063,6.2749515,0.17723145 
3,1576155169637,4.976851,5.0774417,0.8047266 
3,1576155169655,4.512217,3.7601807,0.9388477 
3,1576155169676,3.803291,2.2704787,0.7807764 
3,1576155169695,2.7063723,0.7185059,0.2682422 
3,1576155169716,1.5184424,-0.8286768,-0.62749517 
3,1576155169736,0.30177248,-2.7207422,-1.8154249 
3,1576155169760,-1.4849122,-4.751719,-2.42855 
3,1576155169779,-4.6128078,-6.1887307,-3.0799952 
3,1576155169798,-8.502319,-6.878496,-4.4547367 
3,1576155169817,-11.045831,-7.5203614,-6.744375 
3,1576155169837,-13.627662,-8.152647,-9.656719 
3,1576155169858,-18.772163,-8.186177,-10.916499 
3,1576155169878,-23.25085,-7.223379,-10.174044 
3,1576155169901,-22.513186,-7.424561,-9.78605 
3,1576155169922,-23.686745,-7.486831,-10.020762 
3,1576155169940,-27.336754,-6.476133,-11.146421 
3,1576155169959,-29.406052,-5.3313136,-12.300821 
3,1576155169982,-28.01215,-4.86189,-12.525952 
3,1576155170002,-24.44836,-5.0487013,-10.566827 
3,1576155170022,-19.869083,-5.350474,-8.104747 
3,1576155170043,-16.434626,-5.1684523,-6.6294146 
3,1576155170064,-15.246695,-4.4499464,-6.2797413 
3,1576155170082,-13.986915,-3.9469924,-7.36708 
3,1576155170101,-11.620635,-3.755391,-8.58854 
3,1576155170119,-9.129815,-3.5542092,-8.195757 
3,1576155170145,-7.1323686,-2.9985645,-6.5623536 
3,1576155170158,-5.9204884,-2.2656887,-4.9576907 
3,1576155170178,-5.2355127,-1.585503,-3.9661524 
3,1576155170197,-3.4727786,-1.0490186,-3.63564 
3,1576155170218,-1.2597803,-0.2682422,-3.6883302 
3,1576155170241,-0.20118165,0.87178713,-2.7159522 
3,1576155170262,0.23471193,2.1507277,-1.6094532 
3,1576155170282,1.8681153,3.4009278,-1.2022998 
3,1576155170303,4.5409575,4.6990285,-0.732876 
3,1576155170323,6.706055,6.1456203,0.11496094 
3,1576155170344,7.8508744,7.5299416,1.1735597 
3,1576155170364,8.50711,8.665181,2.0213966 
3,1576155170382,9.206455,9.287886,2.3854396 
3,1576155170404,9.671089,9.498648,2.4620802 
3,1576155170424,10.092612,9.460327,2.064507 
3,1576155170444,10.174044,8.990904,1.6717237 
3,1576155170462,9.570498,8.349038,1.341211 
3,1576155170485,8.732242,7.582632,0.98195803 
3,1576155170504,7.807764,6.6821046,0.9053174 
3,1576155170524,6.595884,5.6857767,0.76161623 
3,1576155170545,5.206773,4.5744877,0.8382569 
3,1576155170563,3.9374123,3.3817677,0.67539555 
3,1576155170583,2.9410841,2.0118165,-0.22513184 
3,1576155170602,1.705254,0.4406836,-1.1735597 
3,1576155170623,-0.2203418,-1.0585986,-1.4944923 
3,1576155170645,-2.6297317,-2.3758595,-1.22625 
3,1576155170666,-5.388794,-2.926714,-1.5423926 
3,1576155170685,-6.6294146,-3.7362306,-4.0763235 
3,1576155170700,-7.817344,-4.7133985,-6.6533647 
3,1576155170721,-10.590776,-4.9481106,-8.741821 
3,1576155170742,-14.796432,-5.1828227,-9.982442 
3,1576155170765,-21.569548,-4.191284,-9.651929 
3,1576155170785,-23.18379,-3.3434474,-9.987232 
3,1576155170806,-21.330046,-3.7266505,-10.566827 
3,1576155170826,-22.652096,-3.7985013,-10.188414 
3,1576155170844,-26.029074,-3.175796,-10.030342 
3,1576155170865,-27.207422,-2.7542725,-10.236314 
3,1576155170884,-25.449478,-2.7973828,-10.585987 
3,1576155170904,-22.359903,-2.9746144,-10.025552 
3,1576155170927,-19.045197,-3.2141163,-8.3250885 
3,1576155170943,-16.707657,-3.0656252,-6.935977 
3,1576155170964,-15.021564,-2.7494826,-6.6198344 
3,1576155170987,-13.119918,-2.3998096,-6.686895 
3,1576155171007,-10.863809,-2.2704787,-6.4426026 
3,1576155171027,-8.880733,-1.9734962,-5.623506 
3,1576155171048,-7.1132083,-1.3699512,-4.502637 
3,1576155171065,-6.255791,-0.45026368,-3.0991554 
3,1576155171086,-5.815108,0.32572266,-2.299219 
3,1576155171107,-4.646338,0.7951465,-2.1698878 
3,1576155171126,-3.2093263,1.4705421,-2.3423293 
3,1576155171145,-1.0250684,2.088457,-2.7255323 
3,1576155171170,1.1975098,2.7830129,-1.9830762 
3,1576155171183,3.0799952,3.5494192,-0.364043 
3,1576155171203,5.4127445,4.502637,0.8861573 
3,1576155171224,8.013736,5.623506,1.092129 
3,1576155171244,9.72378,6.844966,0.9580079 
3,1576155171266,10.322535,7.8987746,1.2502003 
3,1576155171285,10.763218,8.344249,2.0405567 
3,1576155171306,11.500884,8.281978,2.912344 
3,1576155171326,11.874507,8.0999565,3.3386574 
3,1576155171346,11.424244,7.9802055,3.3147073 
3,1576155171368,10.394385,7.7598634,3.051255 
3,1576155171388,9.125025,7.2521195,2.8596535 
3,1576155171409,7.7598634,6.3851223,2.8548634 
3,1576155171429,6.5288234,5.3073635,2.682422 
3,1576155171449,5.494175,3.9565725,1.9782863 
3,1576155171469,4.2104445,2.4620802,0.732876 
3,1576155171489,2.5051906,1.0154883,-0.50774413 
3,1576155171510,0.7759864,-0.44547364,-1.5184424 
3,1576155171528,-0.9244776,-2.0405567,-2.3135889 
3,1576155171549,-2.7590625,-3.3338673,-3.5063088 
3,1576155171568,-4.0427933,-4.6990285,-4.703819 
3,1576155171590,-5.3025737,-6.552774,-5.0822315 
3,1576155171607,-10.542876,-7.3718705,-5.5803957 
3,1576155171628,-15.323336,-6.6677346,-7.668853 
3,1576155171647,-16.602276,-5.982759,-10.197993 
3,1576155171666,-15.83587,-7.175479,-10.95961 
3,1576155171687,-18.594933,-8.004155,-8.353828 
3,1576155171706,-22.762266,-7.563472,-6.5336137 
3,1576155171726,-25.909323,-6.9072366,-7.7215433 
3,1576155171748,-29.24798,-6.11688,-8.933423 
3,1576155171769,-30.60835,-5.479805,-9.359736 
3,1576155171792,-27.949879,-5.738467,-9.005274 
3,1576155171809,-23.811285,-6.1552005,-7.2616997 
3,1576155171830,-19.802023,-6.1504107,-5.527705 
3,1576155171855,-17.196241,-5.877378,-4.9385304 
3,1576155171870,-16.00831,-5.336104,-5.230723 
3,1576155171890,-15.490987,-4.86189,-5.8007374 
3,1576155171915,-13.158237,-5.0199614,-6.5479836 
3,1576155171930,-9.920172,-4.7948294,-6.361172 
3,1576155171950,-8.631651,-4.2248144,-4.8139896 
3,1576155171980,-7.913145,-3.8320315,-3.3578174 
3,1576155171990,-5.604346,-3.5781593,-3.535049 
3,1576155172012,-3.8703518,-2.811753,-3.8751419 
3,1576155172032,-2.8309133,-1.6286134,-3.396138 
3,1576155172052,-0.732876,-0.52690434,-2.548301 
3,1576155172073,1.8537452,0.53169435,-1.1208692 
3,1576155172093,3.9182522,1.9878663,1.0777588 
3,1576155172112,5.9156985,3.6691701,2.8357031 
3,1576155172130,7.654483,5.4462748,3.3769777 
3,1576155172158,8.943004,7.089258,3.4919386 
3,1576155172169,9.522598,8.181387,4.1721244 
3,1576155172192,9.81958,8.703502,5.254673 
3,1576155172209,10.102193,9.029224,5.374424 
3,1576155172229,10.126143,9.220825,4.1242237 
3,1576155172249,9.915381,9.144185,2.8404932 
3,1576155172273,9.321417,8.885523,2.1124072 
3,1576155172290,8.53585,8.406519,2.0357666 
3,1576155172313,7.654483,7.673643,2.059717 
3,1576155172333,6.825806,6.8497562,1.8585353 
3,1576155172353,5.9252787,5.815108,1.456172 
3,1576155172376,4.8571,4.679868,0.9436377 
3,1576155172391,4.038003,3.4057178,0.33530274 
3,1576155172414,3.0656252,1.954336,-0.26345217 
3,1576155172435,1.8872755,0.3544629,-0.7951465 
3,1576155172455,0.1820215,-1.0298585,-1.5615528 
3,1576155172475,-1.3651612,-2.1507277,-2.6249416 
3,1576155172495,-3.1470559,-3.295547,-3.5877395 
3,1576155172515,-5.2594633,-4.378096,-4.272715 
3,1576155172535,-7.0365677,-5.637876,-5.2115626 
3,1576155172555,-11.500884,-6.231841,-6.2701616 
3,1576155172573,-16.266973,-5.6857767,-7.793394 
3,1576155172594,-17.416582,-5.518125,-9.565708 
3,1576155172612,-18.757793,-5.9300685,-9.872271 
3,1576155172631,-22.570665,-5.5803957,-9.594449 
3,1576155172653,-25.45427,-5.130132,-10.341695 
3,1576155172672,-27.226583,-4.6032276,-11.208692 
3,1576155172691,-28.184591,-4.282295,-10.744058 
3,1576155172712,-27.375074,-4.1002736,-9.287886 
3,1576155172732,-24.42441,-3.8224514,-7.846084 
3,1576155172755,-20.65944,-3.7937112,-6.9934573 
3,1576155172775,-18.19736,-3.4919386,-6.1935205 
3,1576155172794,-16.870518,-2.9602442,-6.016289 
3,1576155172813,-15.601158,-2.672842,-6.476133 
3,1576155172836,-13.790523,-2.5195606,-6.9551373 
3,1576155172853,-11.539205,-2.3950195,-6.8114357 
3,1576155172875,-9.857901,-2.1028273,-5.752837 
3,1576155172897,-8.5119,-1.9064356,-4.742139 
3,1576155172915,-6.706055,-1.6525636,-4.4691067 
3,1576155172932,-5.130132,-1.1543995,-4.0906935 
3,1576155172955,-3.7937112,-0.6993457,-3.2859669 
3,1576155172976,-1.9303858,-0.23471193,-2.3662794 
3,1576155172997,-0.15328126,0.5556446,-1.8776954 
3,1576155173017,1.2741505,1.829795,-1.4992822 
3,1576155173038,3.0799952,3.051255,-0.6993457 
3,1576155173055,4.9385304,4.3206153,0.28740236 
3,1576155173078,6.7683253,5.738467,1.1975098 
3,1576155173098,8.392149,6.974297,2.1171973 
3,1576155173117,9.536968,7.9083548,3.1853762 
3,1576155173136,10.312955,8.464,4.028423 
3,1576155173156,10.95482,8.698711,4.4834766 
3,1576155173175,11.606265,8.698711,4.1625443 
3,1576155173196,11.821816,8.396939,3.6548 
3,1576155173213,10.935659,7.9466753,3.1614258 
3,1576155173234,9.604029,7.3527102,2.5530908 
3,1576155173255,8.440049,6.6342044,2.0309765 
3,1576155173277,7.424561,5.6666164,1.5423926 
3,1576155173297,6.471343,4.392466,1.3603711 
3,1576155173316,5.470225,3.027305,1.1543995 
3,1576155173339,4.387676,1.3651612,0.8334668 
3,1576155173359,3.0943654,-0.43589357,0.51732427 
3,1576155173379,1.7771046,-2.4860303,0.1580713 
3,1576155173399,0.4263135,-4.703819,-0.7185059 
3,1576155173420,-1.8824854,-6.605464,-2.3662794 
3,1576155173440,-5.230723,-7.937095,-4.373306 
3,1576155173459,-10.054293,-8.847202,-5.724097 
3,1576155173480,-16.511265,-8.066426,-6.1743608 
3,1576155173500,-18.096767,-6.2605815,-8.56938 
3,1576155173520,-15.740069,-6.9790874,-10.375225 
3,1576155173540,-19.849922,-7.7071733,-7.223379 
3,1576155173560,-26.81943,-6.4905033,-5.336104 
3,1576155173578,-30.210777,-4.9337406,-7.424561 
3,1576155173599,-31.360388,-4.4643164,-8.890313 
3,1576155173618,-31.417868,-4.598438,-7.692803 
3,1576155173638,-29.28151,-4.9145803,-6.466553 
3,1576155173657,-25.52133,-4.9864306,-6.2701616 
3,1576155173676,-21.765938,-5.0630717,-5.599556 
3,1576155173698,-18.695522,-4.996011,-4.8379397 
3,1576155173717,-16.654966,-4.87147,-4.670288 
3,1576155173737,-15.79276,-4.526587,-4.718189 
3,1576155173761,-13.603711,-4.6128078,-4.9385304 
3,1576155173779,-10.768008,-4.406836,-5.3169436 
3,1576155173799,-8.828042,-3.7506008,-5.010381 
3,1576155173821,-6.332432,-3.3386574,-4.4116263 
3,1576155173839,-3.7074904,-2.6488917,-3.9709425 
3,1576155173859,-2.2608986,-1.5040723,-3.391348 
3,1576155173880,-0.92926764,-0.41194338,-2.8357031 
3,1576155173897,0.9580079,0.64186525,-2.3710694 
3,1576155173921,2.5866213,2.0932472,-1.8489552 
3,1576155173940,4.148174,3.6116896,-1.2022998 
3,1576155173960,5.3408937,5.3217335,-0.09580079 
3,1576155173980,5.982759,6.983877,0.49337405 
3,1576155174002,6.638994,8.3250885,0.25387207 
3,1576155174023,7.5251517,9.359736,0.1820215 
3,1576155174043,8.473579,9.948912,0.8286768 
3,1576155174063,9.139395,10.035132,1.9591261 
3,1576155174083,9.263936,9.85311,2.792593 
3,1576155174103,8.947793,9.522598,2.5339308 
3,1576155174122,8.363408,9.024434,1.6573536 
3,1576155174140,7.793394,8.301138,0.9484278 
3,1576155174165,7.209009,7.32876,0.47900394 
3,1576155174180,6.5096636,6.0833497,0.25866213 
3,1576155174200,5.7624173,4.622388,0.25387207 
3,1576155174219,4.9576907,3.0177248,0.15328126 
3,1576155174239,3.8703518,1.2741505,-0.16286133 
3,1576155174260,2.2321582,-0.57001466,-0.15328126 
3,1576155174282,0.3305127,-2.179468,-0.4981641 
3,1576155174303,-1.0729688,-3.5063088,-1.8250049 
3,1576155174324,-2.2704787,-4.8044095,-3.8559816 
3,1576155174344,-5.0630717,-6.13604,-5.6857767 
3,1576155174365,-9.924961,-6.8114357,-5.6570363 
3,1576155174385,-13.091177,-6.2797413,-5.719307 
3,1576155174403,-12.305611,-6.3994923,-7.702383 
3,1576155174420,-13.642032,-8.2197075,-7.31439 
3,1576155174445,-21.363575,-8.372989,-5.4223247 
3,1576155174465,-28.285181,-6.9072366,-7.510782 
3,1576155174485,-32.241753,-5.839058,-10.629097 
3,1576155174506,-34.05239,-5.3552637,-9.948912 
3,1576155174526,-32.09326,-5.384004,-7.1323686 
3,1576155174546,-28.261232,-5.3552637,-5.489385 
3,1576155174565,-23.940617,-5.005591,-5.4175344 
3,1576155174585,-19.754122,-4.8283596,-5.6522465 
3,1576155174604,-17.426163,-4.6607084,-5.230723 
3,1576155174624,-15.596368,-4.6128078,-5.345684 
3,1576155174643,-13.982124,-4.4738965,-5.757627 
3,1576155174667,-12.722344,-4.018843,-6.2845316 
3,1576155174683,-10.538086,-3.6883302,-6.543194 
3,1576155174705,-8.631651,-3.0177248,-5.8917484 
3,1576155174722,-7.443721,-2.4860303,-4.88105 
3,1576155174742,-5.508545,-1.8633252,-5.039121 
3,1576155174763,-3.396138,-0.8286768,-5.1061816 
3,1576155174786,-1.9591261,0.119750984,-4.2200246 
3,1576155174806,0.244292,0.6562354,-3.1853762 
3,1576155174828,3.295547,1.6238233,-2.6393116 
3,1576155174845,5.3217335,3.295547,-1.9303858 
3,1576155174865,6.2701616,5.1157618,-0.91010743 
3,1576155174883,6.2893214,6.5288234,0.8382569 
3,1576155174905,6.835386,7.5059915,2.5578809 
3,1576155174924,8.943004,8.52627,3.0895753 
3,1576155174945,10.633887,9.359736,3.1039455 
3,1576155174966,10.380015,9.685459,3.6404297 
3,1576155174985,9.254355,9.465117,4.636758 
3,1576155175009,8.55501,8.861572,4.478687 
3,1576155175030,7.812554,8.253238,3.2093263 
3,1576155175042,6.9024467,7.3766603,2.1363575 
3,1576155175061,6.016289,6.183941,1.5232325 
3,1576155175081,5.1636624,4.8091993,1.0011182 
3,1576155175102,4.2296047,3.3530276,0.8382569 
3,1576155175122,2.7542725,1.8106349,0.8047266 
3,1576155175142,1.0825489,0.3784131,0.51732427 
3,1576155175165,-0.3065625,-0.7759864,-0.39278322 
3,1576155175183,-1.7148341,-2.0213966,-1.1879297 
3,1576155175202,-3.788921,-3.2811768,-1.6429834 
3,1576155175223,-5.144502,-4.267925,-3.4344583 
3,1576155175243,-7.2425394,-5.2977834,-4.996011 
3,1576155175263,-11.184742,-5.508545,-5.2738333 
3,1576155175283,-13.862373,-5.2977834,-6.6773148 
3,1576155175307,-14.6192,-6.0593996,-8.358619 
3,1576155175327,-17.905167,-6.662945,-7.7646537 
3,1576155175349,-22.450914,-5.8917484,-7.7167535 
3,1576155175372,-25.018375,-5.0822315,-9.718989 
3,1576155175386,-28.400143,-4.2439747,-10.91171 
3,1576155175409,-30.632301,-3.558999,-10.571617 
3,1576155175430,-28.572584,-3.515889,-9.398057 
3,1576155175455,-24.994425,-3.6116896,-7.209009 
3,1576155175471,-21.057013,-3.7122805,-5.738467 
3,1576155175493,-17.464483,-3.65959,-5.0439115 
3,1576155175516,-15.649058,-3.3099172,-4.766089 
3,1576155175531,-14.954503,-2.9841945,-5.110972 
3,1576155175550,-13.790523,-2.9410841,-5.997129 
3,1576155175574,-11.855348,-2.8979738,-5.724097 
3,1576155175590,-9.733359,-2.7207422,-4.1864944 
3,1576155175609,-7.7215433,-2.2608986,-3.1901662 
3,1576155175630,-6.557564,-1.4944923,-3.300337 
3,1576155175650,-5.494175,-0.5987549,-3.7218604 
3,1576155175668,-4.287085,-0.047900394,-3.5206788 
3,1576155175687,-2.6249416,0.3161426,-1.8585353 
3,1576155175709,-0.4406836,0.9388477,-0.7376661 
3,1576155175727,1.2310401,2.2321582,-0.6610254 
3,1576155175747,3.271597,3.8176613,-1.1256592 
3,1576155175768,4.9241605,5.2929935,-1.0059083 
3,1576155175792,6.0737696,6.456973,0.2778223 
3,1576155175812,7.7646537,7.4676714,1.2166699 
3,1576155175834,9.896221,8.47837,0.68018556 
3,1576155175850,10.93087,9.407638,-0.11496094 
3,1576155175869,10.605147,9.632769,0.40715334 
3,1576155175891,10.106983,9.402847,1.4992822 
3,1576155175910,10.178833,8.933423,2.0261867 
3,1576155175933,9.833951,8.281978,1.8872755 
3,1576155175953,9.034014,7.3718705,1.5376027 
3,1576155175972,8.042476,6.1552005,1.3076807 
3,1576155175989,6.686895,4.8139896,1.4705421 
3,1576155176013,5.2019825,3.4584084,1.5998731 
3,1576155176033,4.0427933,1.9974464,0.9196875 
3,1576155176053,3.0656252,0.68976563,-0.40715334 
3,1576155176072,1.6286134,-0.79993653,-0.7664063 
3,1576155176094,-0.57959473,-2.42855,-0.613125 
3,1576155176113,-2.7734327,-3.7601807,-1.8441651 
3,1576155176132,-4.5553274,-4.967271,-3.8320315 
3,1576155176151,-7.3958206,-5.872588,-4.6942387 
3,1576155176178,-11.175161,-6.1887307,-5.249883 
3,1576155176189,-14.288687,-6.0833497,-6.6294146 
3,1576155176213,-15.89814,-6.5623536,-7.664063 
3,1576155176230,-18.16862,-6.998247,-6.782696 
3,1576155176250,-21.430635,-6.6821046,-6.2893214 
3,1576155176271,-24.793243,-6.255791,-6.4905033 
3,1576155176291,-28.730656,-5.479805,-7.3718705 
3,1576155176314,-31.374758,-4.402046,-8.0999565 
3,1576155176337,-30.876593,-3.9182522,-7.443721 
3,1576155176353,-27.834919,-4.018843,-5.5708156 
3,1576155176373,-23.681953,-4.023633,-4.641548 
3,1576155176394,-19.62,-3.9374123,-4.766089 
3,1576155176412,-16.774717,-3.8703518,-4.88584 
3,1576155176435,-15.376026,-3.774551,-4.9241605 
3,1576155176459,-14.379698,-3.7649708,-5.158872 
3,1576155176475,-12.540323,-3.9422023,-5.1780324 
3,1576155176496,-9.455538,-4.1146436,-4.88584 
3,1576155176516,-6.998247,-3.544629,-4.1146436 
3,1576155176536,-6.327642,-2.6393116,-3.2189064 
3,1576155176555,-6.0498195,-1.6525636,-3.300337 
3,1576155176573,-4.7325587,-0.7041358,-4.152964 
3,1576155176595,-2.5866213,0.33530274,-4.608018 
3,1576155176613,-0.49337405,1.5136524,-3.9709425 
3,1576155176636,1.0394385,2.792593,-2.1219873 
3,1576155176656,3.271597,4.1002736,-0.3879932 
3,1576155176685,5.8677983,5.388794,0.29698244 
3,1576155176693,7.5012016,6.792276,0.847837 
3,1576155176714,7.846084,8.042476,1.1687696 
3,1576155176732,7.3622904,9.053174,1.4274317 
3,1576155176752,7.1084185,9.565708,1.0873389 
3,1576155176772,7.084468,9.992022,0.3305127 
3,1576155176797,7.486831,10.126143,-0.1580713 
3,1576155176816,7.549102,9.929751,0.49337405 
3,1576155176838,6.940767,9.623189,1.2981006 
3,1576155176855,6.4282327,9.326206,1.4130616 
3,1576155176875,6.1791506,8.986114,1.1783496 
3,1576155176897,6.08814,8.449629,0.7711963 
3,1576155176915,6.375542,7.6113725,0.82388675 
3,1576155176938,6.9216065,6.361172,1.3220508 
3,1576155176958,7.0413575,4.8331494,1.954336 
3,1576155176977,6.8114357,3.0129347,2.0932472 
3,1576155176996,6.0210795,0.9196875,1.4178516 
3,1576155177019,4.5792775,-1.21188,-0.047900394 
3,1576155177039,2.5866213,-3.8080812,-0.5891748 
3,1576155177059,0.05748047,-6.5288234,-0.5125342 
3,1576155177080,-2.7351124,-8.899893,-1.0011182 
3,1576155177099,-5.982759,-10.950029,-2.2177882 
3,1576155177118,-10.241104,-11.682906,-3.2859669 
3,1576155177137,-13.3546295,-11.745176,-5.230723 
3,1576155177155,-16.726816,-11.448194,-6.9216065 
3,1576155177182,-22.048552,-10.533297,-6.792276 
3,1576155177195,-28.850407,-9.177715,-6.840176 
3,1576155177217,-35.56604,-7.199429,-8.775352 
3,1576155177236,-40.09263,-5.1636624,-10.768008 
3,1576155177255,-38.368214,-4.4212065,-11.438614 
3,1576155177276,-31.159204,-5.144502,-9.704619 
3,1576155177298,-24.563322,-5.465435,-6.198311 
3,1576155177318,-19.658321,-5.5372853,-4.3254056 
3,1576155177340,-16.357985,-5.4175344,-4.550537 
3,1576155177360,-14.64315,-5.000801,-5.455855 
3,1576155177382,-12.957056,-4.4355764,-6.10251 
3,1576155177401,-10.820699,-4.1242237,-5.7001467 
3,1576155177421,-8.794512,-3.4248781,-4.6942387 
3,1576155177440,-7.4197707,-2.7494826,-3.899092 
3,1576155177459,-6.672525,-2.2752686,-3.056045 
3,1576155177482,-5.221143,-1.8106349,-3.5733693 
3,1576155177501,-3.2189064,-1.2166699,-4.181704 
3,1576155177521,-1.9064356,-0.5412744,-3.9948928 
3,1576155177542,-0.63707525,0.038320314,-2.9219239 
3,1576155177560,1.5519727,0.96758795,-1.3507911 
3,1576155177581,4.033213,2.5147705,-0.21555176 
3,1576155177601,5.8917484,4.430786,0.42152345 
3,1576155177619,7.711963,6.198311,0.9436377 
3,1576155177641,8.708291,7.788604,1.7914747 
3,1576155177659,8.717872,8.938213,2.8931837 
3,1576155177684,8.943004,9.64714,3.1183155 
3,1576155177698,9.575289,9.924961,2.4045997 
3,1576155177719,10.035132,10.011182,1.7866846 
3,1576155177738,9.79563,9.7621,2.0980372 
3,1576155177758,9.077125,9.201666,2.4093897 
3,1576155177783,8.449629,8.679551,1.7962648 
3,1576155177802,8.008945,8.008945,0.91010743 
3,1576155177822,7.673643,7.1275783,0.4406836 
3,1576155177838,7.3096,5.9156985,0.45026368 
3,1576155177860,6.6821046,4.4595265,0.8286768 
3,1576155177880,5.877378,2.7351124,0.9388477 
3,1576155177900,4.9624805,0.7759864,0.5843848 
3,1576155177922,3.6308498,-1.22625,-0.33530274 
3,1576155177943,1.8250049,-3.2236965,-1.1927198 
3,1576155177963,-0.05748047,-5.144502,-2.1698878 
3,1576155177980,-2.2561085,-7.0269876,-3.3673975 
3,1576155178000,-5.4223247,-8.598121,-4.1625443 
3,1576155178023,-9.239985,-9.690249,-5.4366946 
3,1576155178041,-12.889996,-9.867481,-7.7311234 
3,1576155178062,-16.487314,-9.110655,-9.484278 
3,1576155178086,-20.400778,-9.125025,-9.489068 
3,1576155178103,-25.195606,-8.4304695,-8.928633 
3,1576155178118,-29.13781,-7.438931,-9.005274 
3,1576155178138,-32.7495,-6.720425,-9.062755 
3,1576155178158,-35.19721,-5.752837,-10.538086 
3,1576155178183,-34.25357,-5.0726514,-11.639795 
3,1576155178200,-29.171339,-5.326524,-9.364527 
3,1576155178220,-22.479654,-5.839058,-5.877378 
3,1576155178241,-18.106348,-5.5564456,-4.7948294 
3,1576155178261,-16.525635,-4.9145803,-5.7911572 
3,1576155178283,-15.562838,-4.4451566,-7.2185893 
3,1576155178307,-12.645703,-4.6990285,-7.903565 
3,1576155178325,-9.067544,-5.096602,-6.672525 
3,1576155178345,-5.949229,-4.6846585,-5.120552 
3,1576155178366,-3.9757326,-3.6308498,-4.536167 
3,1576155178386,-3.5877395,-2.6057813,-4.497847 
3,1576155178406,-3.4631984,-1.590293,-4.8666797 
3,1576155178426,-2.4141798,-0.5508545,-5.029541 
3,1576155178446,-0.50774413,0.3544629,-3.8847218 
3,1576155178466,2.9219239,1.4609619,-2.1076174 
3,1576155178487,5.8055277,3.4009278,-0.07185059 
3,1576155178506,7.7407036,5.2355127,0.9532178 
3,1576155178526,9.287886,6.9311867,1.336421 
3,1576155178547,10.921289,8.119117,2.0070264 
3,1576155178564,12.133169,8.952583,2.7111623 
3,1576155178585,11.797867,9.599238,3.051255 
3,1576155178605,10.605147,9.81,2.3135889 
3,1576155178624,9.987232,9.666299,0.91010743 
3,1576155178644,9.944121,9.062755,0.28261232 
3,1576155178665,9.503438,8.042476,0.51732427 
3,1576155178685,8.6077,6.9072366,1.0154883 
3,1576155178704,7.36708,5.637876,1.1975098 
3,1576155178725,5.9396486,4.3493557,1.0298585 
3,1576155178743,4.497847,2.8596535,0.68976563 
3,1576155178764,3.1278956,1.1687696,0.44547364 
3,1576155178786,1.9160157,-0.5987549,0.17244141 
3,1576155178805,0.3544629,-2.3471193,0.023950197 
3,1576155178825,-1.3507911,-4.1002736,-0.60354495 
3,1576155178846,-2.787803,-5.858218,-1.7531544 
3,1576155178866,-5.225933,-7.2569094,-3.4679885 
3,1576155178885,-9.4507475,-7.6209526,-5.829478 
3,1576155178909,-13.34505,-7.7598634,-8.076006 
3,1576155178929,-17.363892,-7.074888,-8.210127 
3,1576155178948,-20.898941,-6.1743608,-7.36708 
3,1576155178969,-22.656885,-6.1073003,-7.223379 
3,1576155178987,-24.52021,-6.6437845,-8.047266 
3,1576155179013,-29.20487,-5.9540186,-9.800421 
3,1576155179029,-33.266823,-4.416416,-12.458892 
3,1576155179049,-33.630867,-3.535049,-12.770245 
3,1576155179069,-29.434792,-3.8703518,-10.250684 
3,1576155179090,-23.456821,-4.4499464,-7.8652444 
3,1576155179114,-19.145786,-4.5888577,-6.595884 
3,1576155179128,-17.550703,-4.4738965,-6.638994 
3,1576155179145,-16.434626,-4.3445654,-7.7407036 
3,1576155179171,-13.5797615,-4.5313773,-8.880733 
3,1576155179186,-9.857901,-4.9289503,-7.6305327 
3,1576155179206,-6.792276,-4.636758,-5.2882032 
3,1576155179230,-4.737349,-4.0044727,-4.0859036 
3,1576155179245,-3.300337,-3.319497,-3.396138 
3,1576155179266,-2.083667,-2.2608986,-3.7506008 
3,1576155179292,-0.52690434,-0.8430469,-5.5420756 
3,1576155179309,0.6610254,0.31135255,-5.839058 
3,1576155179328,2.8740237,1.1879297,-3.68354 
3,1576155179347,6.686895,2.6057813,-0.9244776 
3,1576155179371,11.050621,4.3637257,1.0729688 
3,1576155179390,12.281661,6.6102543,3.0799952 
3,1576155179411,12.16191,8.281978,4.4595265 
3,1576155179431,13.095967,8.799302,5.024751 
3,1576155179451,13.277988,8.717872,5.7767873 
3,1576155179471,12.679234,8.349038,5.829478 
3,1576155179492,11.702065,7.6592727,4.8666797 
3,1576155179512,10.356065,6.816226,3.3290772 
3,1576155179532,9.034014,5.7815776,2.1650977 
3,1576155179551,7.774234,4.5313773,1.9926564 
3,1576155179570,6.318062,3.175796,2.059717 
3,1576155179592,4.87626,1.6334034,1.6190332 
3,1576155179610,3.2811768,0.19160157,0.4263135 
3,1576155179629,1.3986914,-1.092129,-0.6179151 
3,1576155179652,-0.79993653,-2.3519094,-0.9196875 
3,1576155179672,-2.8309133,-3.4488282,-1.092129 
3,1576155179688,-3.6212697,-4.478687,-2.9794044 
3,1576155179709,-4.981641,-5.5564456,-5.1684523 
3,1576155179727,-8.190968,-6.5719337,-5.518125 
3,1576155179748,-11.697276,-7.3527102,-5.8438478 
3,1576155179768,-15.337706,-7.7359133,-7.175479 
3,1576155179794,-19.902613,-7.2425394,-8.875943 
3,1576155179812,-24.103477,-5.527705,-10.849439 
3,1576155179831,-25.233927,-5.087022,-11.486514 
3,1576155179850,-28.213331,-5.264253,-9.287886 
3,1576155179871,-32.557896,-5.2355127,-8.224498 
3,1576155179889,-34.952915,-4.478687,-9.733359 
3,1576155179912,-31.72443,-4.737349,-10.427916 
3,1576155179933,-26.292526,-5.8103175,-7.697593 
3,1576155179953,-21.847368,-6.332432,-5.1157618 
3,1576155179973,-19.46193,-6.2701616,-5.1684523 
3,1576155179992,-18.18299,-6.0737696,-7.0078273 
3,1576155180011,-15.797549,-6.1743608,-9.1202345 
3,1576155180030,-11.721226,-6.615044,-9.560919 
3,1576155180050,-7.7790236,-6.8593364,-7.4054008 
3,1576155180069,-5.015171,-6.2845316,-4.5744877 
3,1576155180088,-2.2225783,-5.407954,-3.7362306 
3,1576155180109,-0.06706055,-4.263135,-3.295547 
3,1576155180131,1.6238233,-2.8740237,-2.5004005 
3,1576155180151,4.406836,-1.4897022,-1.3795313 
3,1576155180170,7.8556643,0.28261232,0.19639161 
3,1576155180191,11.452984,2.562671,1.2837305 
3,1576155180210,13.709092,4.742139,2.792593 
3,1576155180234,14.231207,6.4905033,4.636758 
3,1576155180251,14.001285,7.4580913,5.494175 
3,1576155180271,13.560601,7.8269243,5.374424 
3,1576155180291,12.961846,8.008945,4.6942387 
3,1576155180313,12.061319,7.9802055,3.8464015 
3,1576155180335,10.710527,7.5970025,3.2428565 
3,1576155180355,9.230406,7.079678,2.8740237 
3,1576155180374,7.9849954,6.4330225,2.5578809 
3,1576155180396,6.9790874,5.695357,1.9639161 
3,1576155180416,6.0258694,4.8331494,1.1448194 
3,1576155180436,5.0918117,3.5781593,0.6227051 
3,1576155180456,4.0571632,1.9878663,0.33530274 
3,1576155180477,2.9506643,0.22992188,0.15328126 
3,1576155180497,1.590293,-1.5232325,-0.44547364 
3,1576155180517,-0.033530276,-3.1901662,-1.9351759 
3,1576155180535,-1.8872755,-4.617598,-3.5925295 
3,1576155180556,-4.392466,-6.0354495,-4.311035 
3,1576155180574,-6.7635355,-6.9216065,-4.406836 
3,1576155180598,-7.7071733,-7.563472,-5.9300685 
3,1576155180615,-8.57896,-8.981323,-6.9886675 
3,1576155180635,-11.524835,-10.346485,-6.782696 
3,1576155180657,-16.444204,-10.542876,-8.128696 
3,1576155180675,-22.326372,-9.402847,-9.877061 
3,1576155180702,-27.470875,-7.6113725,-11.01709 
3,1576155180716,-29.26714,-7.204219,-11.630216 
3,1576155180736,-31.168785,-7.031778,-10.494976 
3,1576155180753,-33.309933,-6.2941117,-9.455538 
3,1576155180774,-31.887291,-6.332432,-9.019644 
3,1576155180794,-27.97383,-6.8018556,-7.4820414 
3,1576155180816,-23.552624,-7.213799,-6.183941 
3,1576155180836,-21.291725,-7.1419487,-5.968389 
3,1576155180856,-19.926563,-6.9072366,-7.199429 
3,1576155180877,-17.440533,-6.945557,-8.62207 
3,1576155180901,-14.68147,-6.940767,-8.760982 
3,1576155180919,-11.534414,-6.926397,-8.186177 
3,1576155180939,-8.674761,-6.567144,-7.568262 
3,1576155180959,-6.318062,-5.7959476,-7.424561 
3,1576155180978,-4.9720607,-5.345684,-6.567144 
3,1576155180999,-3.4009278,-5.470225,-4.5313773 
3,1576155181019,-0.6993457,-5.1157618,-2.9841945 
3,1576155181039,1.949546,-3.7314405,-2.069297 
3,1576155181060,4.061953,-2.0118165,-1.4753321 
3,1576155181079,6.9934573,0.12933107,-1.0777588 
3,1576155181099,10.9644,2.069297,0.033530276 
3,1576155181146,13.32589,3.8176613,3.1135256 
3,1576155181148,14.039605,5.2882032,6.725215 
3,1576155181155,14.034815,6.3947024,8.938213 
3,1576155181174,13.742622,7.0365677,9.85311 
3,1576155181196,12.985797,7.0365677,8.909473 
3,1576155181214,11.754756,6.806646,6.715635 
3,1576155181235,10.547667,6.2941117,5.0199614 
3,1576155181256,9.671089,5.5708156,3.7649708 
3,1576155181276,8.971744,4.775669,1.8824854 
3,1576155181301,7.582632,3.8511915,0.7664063 
3,1576155181319,6.1504107,2.6297317,0.82388675 
3,1576155181338,4.991221,1.1496094,1.2454102 
3,1576155181361,3.8128712,-0.60833496,1.4370118 
3,1576155181379,2.323169,-2.3423293,0.2921924 
3,1576155181402,0.5987549,-4.1864944,-1.4849122 
3,1576155181422,-1.8920655,-5.853428,-3.300337 
3,1576155181442,-6.1408305,-6.715635,-4.014053 
3,1576155181462,-9.417217,-6.6916847,-4.7804594 
3,1576155181482,-10.025552,-7.3622904,-6.912027 
3,1576155181502,-12.492422,-8.459209,-7.1706886 
3,1576155181522,-17.167501,-8.353828,-6.480923 
3,1576155181542,-19.792442,-7.5874224,-7.3000197 
3,1576155181561,-21.248613,-7.788604,-7.798184 
3,1576155181582,-26.282946,-7.577842,-7.2185893 
3,1576155181602,-32.77824,-6.4042826,-8.459209 
3,1576155181620,-36.65338,-5.4319043,-10.178833 
3,1576155181643,-35.853443,-5.3073635,-9.503438 
3,1576155181662,-30.684992,-6.11209,-6.864126 
3,1576155181683,-25.851841,-6.864126,-4.87626 
3,1576155181699,-23.18858,-6.926397,-4.84752 
3,1576155181725,-21.033062,-6.998247,-5.910908 
3,1576155181738,-18.38417,-7.237749,-6.337222 
3,1576155181758,-15.9364605,-7.30481,-6.6294146 
3,1576155181778,-13.9102745,-7.2185893,-7.055728 
3,1576155181799,-11.678116,-7.31918,-6.9216065 
3,1576155181823,-9.077125,-7.5012016,-6.844966 
3,1576155181841,-6.318062,-7.7550735,-5.7480474 
3,1576155181862,-3.7937112,-7.678433,-4.1050634 
3,1576155181881,-0.3784131,-6.9311867,-2.802173 
3,1576155181903,3.6068995,-5.1732426,-1.6238233 
3,1576155181922,8.387359,-2.8644435,-1.5663428 
3,1576155181944,12.482842,-0.086220704,-2.059717 
3,1576155181964,11.788286,3.4009278,-1.1591895 
3,1576155181983,11.606265,6.13604,-1.0106983 
3,1576155182003,14.216837,7.6113725,-0.8095166 
3,1576155182025,16.516056,8.162227,1.5519727 
3,1576155182045,17.933907,8.0999565,4.3397756 
3,1576155182065,18.38896,7.6401124,5.6761966 
3,1576155182085,16.175962,6.8928666,5.2355127 
3,1576155182105,11.855348,6.0833497,3.923042 
3,1576155182122,8.449629,5.206773,2.2704787 
3,1576155182143,6.835386,4.167334,0.728086 
3,1576155182161,6.0737696,2.8357031,-0.25866213 
3,1576155182183,5.2355127,1.2789404,-0.49337405 
3,1576155182201,4.272715,-0.75203615,0.20597169 
3,1576155182223,2.5099807,-2.926714,0.32093263 
3,1576155182241,-0.8286768,-4.7133985,-0.6658155 
3,1576155182262,-4.406836,-5.872588,-1.8968556 
3,1576155182281,-7.33355,-6.6916847,-3.2332766 
3,1576155182305,-8.899893,-7.573052,-4.622388 
3,1576155182325,-10.269844,-8.799302,-5.719307 
3,1576155182346,-13.876743,-9.096285,-5.7815776 
3,1576155182365,-16.856148,-8.53106,-5.613926 
3,1576155182386,-19.4284,-9.125025,-6.231841 
3,1576155182408,-25.305777,-9.081915,-6.830596 
3,1576155182427,-33.242874,-7.5012016,-7.692803 
3,1576155182447,-39.656734,-5.3025737,-8.54543 
3,1576155182467,-39.402863,-4.5553274,-9.115445 
3,1576155182487,-34.478703,-4.91937,-7.9897857 
3,1576155182508,-28.00736,-5.5516553,-6.720425 
3,1576155182528,-22.316793,-5.968389,-6.0114994 
3,1576155182548,-19.030827,-6.217471,-5.872588 
3,1576155182565,-16.789087,-6.5336137,-5.9156985 
3,1576155182588,-13.905484,-6.8737063,-5.8965383 
3,1576155182607,-11.01709,-6.912027,-5.910908 
3,1576155182626,-8.502319,-6.600674,-5.0487013 
3,1576155182648,-6.8976564,-6.207891,-3.171006 
3,1576155182666,-5.494175,-5.9156985,-1.4705421 
3,1576155182686,-3.0847852,-4.967271,-2.4956105 
3,1576155182708,-0.852627,-3.5781593,-4.0906935 
3,1576155182723,0.5748047,-2.0980372,-2.9746144 
3,1576155182744,3.175796,-0.5460645,-1.0585986 
3,1576155182769,7.8365045,1.331631,0.34009278 
3,1576155182784,11.678116,3.5829494,2.3950195 
3,1576155182804,13.134288,5.9061184,3.9469924 
3,1576155182832,14.389278,7.7598634,3.4584084 
3,1576155182846,15.423926,8.737032,3.0177248 
3,1576155182865,15.184424,8.837623,3.68354 
3,1576155182894,14.504239,8.464,3.4536183 
3,1576155182909,13.234879,7.932305,2.42376 
3,1576155182929,11.223062,7.2904396,1.22146 
3,1576155182955,9.508228,6.471343,0.4167334 
3,1576155182969,8.281978,5.360054,0.20597169 
3,1576155182988,7.031778,3.9757326,0.19160157 
3,1576155183007,6.1647806,2.2896388,0.06706055 
3,1576155183029,5.2977834,0.25387207,0.019160157 
3,1576155183050,3.7937112,-1.8345851,0.033530276 
3,1576155183070,1.2645704,-3.9517825,-0.20118165 
3,1576155183090,-1.9926564,-5.623506,-0.87178713 
3,1576155183110,-4.7133985,-7.0988383,-2.2704787 
3,1576155183128,-8.435259,-7.534732,-3.6212697 
3,1576155183149,-11.8074465,-7.27128,-5.110972 
3,1576155183170,-14.2551565,-7.0078273,-5.254673 
3,1576155183192,-15.170054,-7.031778,-5.000801 
3,1576155183210,-16.626226,-7.8844047,-5.3313136 
3,1576155183226,-22.652096,-7.8556643,-5.1828227 
3,1576155183246,-30.33532,-6.318062,-7.424561 
3,1576155183265,-34.574505,-4.4834766,-10.950029 
3,1576155183287,-35.06788,-3.8224514,-11.084151 
3,1576155183306,-32.768658,-4.033213,-8.617281 
3,1576155183330,-28.582165,-4.3062453,-7.4964113 
3,1576155183352,-23.753805,-4.6128078,-7.3383403 
3,1576155183367,-20.185225,-4.9145803,-6.183941 
3,1576155183387,-17.914747,-5.0582814,-5.0487013 
3,1576155183411,-15.88856,-5.101392,-5.245093 
3,1576155183430,-13.46959,-5.1540823,-6.0354495 
3,1576155183452,-11.5823145,-4.7086086,-5.384004 
3,1576155183472,-10.471025,-4.5840673,-4.3541455 
3,1576155183492,-9.235196,-4.799619,-3.4584084 
3,1576155183512,-7.2808595,-4.9241605,-3.051255 
3,1576155183533,-5.2738333,-4.766089,-2.912344 
3,1576155183551,-1.9208057,-4.1721244,-2.8931837 
3,1576155183570,2.7351124,-2.936294,-1.4992822 
3,1576155183593,7.4006104,-0.8047266,0.5748047 
3,1576155183613,10.509346,1.585503,2.327959 
3,1576155183630,10.566827,4.1146436,4.3637257 
3,1576155183653,12.080479,6.05461,3.788921 
3,1576155183672,14.470709,7.448511,2.567461 
3,1576155183691,14.561719,8.248447,3.027305 
3,1576155183712,13.464801,8.57896,3.2524366 
3,1576155183728,13.531861,8.363408,2.6009912 
3,1576155183751,12.727135,7.7359133,2.4716604 
3,1576155183769,10.98835,7.0365677,2.299219 
3,1576155183789,9.3309965,6.1695704,1.6621436 
3,1576155183809,7.927515,5.101392,1.2406201 
3,1576155183833,6.710845,3.68354,1.456172 
3,1576155183850,5.6809864,1.9351759,1.6477735 
3,1576155183873,4.5792775,0.023950197,1.2837305 
3,1576155183893,2.5818312,-1.8633252,0.7951465 
3,1576155183912,0.25387207,-3.7410207,-0.16286133 
3,1576155183935,-1.8154249,-5.345684,-1.9878663 
3,1576155183955,-4.2296047,-6.7731156,-3.2141163 
3,1576155183975,-6.567144,-7.927515,-4.239185 
3,1576155183994,-9.182506,-8.962164,-5.973179 
3,1576155184012,-13.627662,-9.340576,-7.8508744 
3,1576155184035,-17.972227,-8.57417,-8.598121 
3,1576155184055,-19.337389,-8.138277,-8.143066 
3,1576155184075,-21.100122,-8.344249,-8.234077 
3,1576155184094,-27.341543,-7.774234,-9.623189 
3,1576155184111,-37.084484,-5.388794,-11.654165 
3,1576155184133,-40.744076,-3.535049,-14.446758 
3,1576155184156,-36.102528,-4.2296047,-13.44085 
3,1576155184177,-29.35815,-5.278623,-8.420889 
3,1576155184191,-23.758595,-5.6714063,-5.7863674 
3,1576155184210,-20.328926,-5.7767873,-5.9300685 
3,1576155184230,-17.919537,-5.886958,-7.549102 
3,1576155184251,-15.89814,-6.346802,-8.411309 
3,1576155184273,-13.004956,-7.0509377,-8.320298 
3,1576155184292,-9.532178,-7.1227884,-7.209009 
3,1576155184316,-6.6102543,-6.1743608,-5.8821683 
3,1576155184336,-4.9433208,-5.245093,-4.1864944 
3,1576155184355,-3.7506008,-4.392466,-3.1997461 
3,1576155184377,-1.8250049,-3.420088,-4.0523734 
3,1576155184395,1.3172607,-2.5530908,-4.253555 
3,1576155184416,5.910908,-1.5998731,-1.4178516 
3,1576155184435,10.98835,-0.2778223,3.1135256 
3,1576155184458,14.465919,1.6094532,6.758745 
3,1576155184478,15.620318,4.1864944,6.6102543 
3,1576155184498,14.863492,6.3803325,4.138594 
3,1576155184518,13.460011,7.568262,3.8464015 
3,1576155184538,14.073135,7.5012016,4.8187795 
3,1576155184557,14.279107,6.940767,5.599556 
3,1576155184575,12.813355,6.452183,4.3014555 
3,1576155184598,10.600357,6.1695704,2.323169 
3,1576155184615,8.51669,5.7959476,1.1496094 
3,1576155184635,6.9216065,4.981641,0.81909674 
3,1576155184657,5.6714063,3.7649708,0.6658155 
3,1576155184676,4.0667434,2.323169,0.3784131 
3,1576155184699,2.6393116,0.75203615,-0.22513184 
3,1576155184718,1.8202149,-0.8430469,-1.3124708 
3,1576155184733,0.20597169,-2.7015822,-1.4753321 
3,1576155184754,-2.1698878,-4.3254056,-1.2837305 
3,1576155184774,-3.4871485,-5.757627,-2.5530908 
3,1576155184795,-4.9624805,-7.1467385,-4.0571632 
3,1576155184816,-7.2760696,-8.784932,-5.120552 
3,1576155184837,-11.175161,-9.565708,-5.958809 
3,1576155184857,-15.414347,-9.417217,-7.434141 
3,1576155184877,-20.166065,-9.043594,-8.013736 
3,1576155184897,-25.401579,-7.0413575,-8.349038 
3,1576155184920,-25.080647,-5.8917484,-9.68067 
3,1576155184939,-24.194489,-6.5623536,-9.048384 
3,1576155184959,-28.577374,-6.375542,-8.655601 
3,1576155184980,-34.21046,-4.6990285,-10.322535 
3,1576155184999,-32.96026,-4.5936475,-11.721226 
3,1576155185019,-28.366613,-5.4510646,-9.216036 
3,1576155185040,-23.725065,-5.9252787,-6.581514 
3,1576155185059,-20.400778,-5.968389,-5.992339 
3,1576155185081,-18.614092,-5.7959476,-6.835386 
3,1576155185103,-16.616646,-5.7001467,-8.401729 
3,1576155185120,-14.077926,-5.7815776,-9.096285 
3,1576155185139,-9.862691,-6.231841,-8.751402 
3,1576155185161,-7.3527102,-6.1935205,-6.2510014 
3,1576155185180,-6.4426026,-5.4271145,-3.9948928 
3,1576155185202,-4.2008643,-4.9624805,-3.903882 
3,1576155185218,-2.0405567,-4.3349857,-3.6308498 
3,1576155185237,-0.244292,-3.5206788,-3.6116896 
3,1576155185258,0.8334668,-2.4908204,-3.3051271 
3,1576155185277,2.9171338,-1.4226416,-1.839375 
3,1576155185297,6.6533647,0.364043,0.23471193 
3,1576155185321,10.293795,2.8404932,2.0213966 
3,1576155185340,12.487633,5.0726514,4.8666797 
3,1576155185361,14.537769,6.552774,7.577842 
3,1576155185379,16.070581,7.3479204,8.248447 
3,1576155185402,15.443087,7.6401124,8.181387 
3,1576155185422,14.049185,7.577842,7.175479 
3,1576155185442,12.703184,7.1275783,4.967271 
3,1576155185462,10.93087,6.3899126,2.9985645 
3,1576155185482,8.957374,5.4510646,1.4274317 
3,1576155185502,7.3383403,4.0811133,0.5987549 
3,1576155185523,5.6522465,2.4141798,0.44547364 
3,1576155185543,3.779341,0.7232959,0.38320315 
3,1576155185562,1.7723145,-0.85741705,0.32093263 
3,1576155185582,-0.27303225,-2.1076174,-0.3544629 
3,1576155185602,-1.9447559,-3.3290772,-1.4849122 
3,1576155185622,-3.65959,-4.4691067,-2.663262 
3,1576155185640,-4.5409575,-5.6187162,-4.3541455 
3,1576155185663,-5.527705,-7.103628,-5.4510646 
3,1576155185683,-9.508228,-8.358619,-4.5553274 
3,1576155185703,-14.853911,-8.171807,-4.7086086 
3,1576155185723,-18.623672,-7.6401124,-8.133487 
3,1576155185740,-22.13956,-7.0126176,-10.509346 
3,1576155185761,-25.871002,-6.567144,-9.75731 
3,1576155185780,-29.683874,-6.3947024,-8.703502 
3,1576155185799,-33.281193,-5.637876,-10.202784 
3,1576155185822,-34.842747,-4.84752,-11.639795 
3,1576155185841,-32.80698,-4.8044095,-10.835069 
3,1576155185861,-27.054142,-6.0258694,-9.0004835 
3,1576155185880,-21.785099,-6.9024467,-6.926397 
3,1576155185905,-19.59605,-6.591094,-5.0534916 
3,1576155185925,-18.451231,-6.217471,-5.101392 
3,1576155185945,-15.601158,-6.3994923,-6.543194 
3,1576155185965,-12.976216,-6.4186525,-6.9551373 
3,1576155185985,-10.001602,-6.7970657,-6.1456203 
3,1576155186004,-7.185059,-6.983877,-4.296665 
3,1576155186024,-5.039121,-6.734795,-2.1411476 
3,1576155186045,-2.7734327,-6.1216702,-1.0873389 
3,1576155186065,-0.364043,-4.9624805,-1.0154883 
3,1576155186086,1.22146,-3.171006,-0.7759864 
3,1576155186101,3.0416749,-0.9053174,-1.1208692 
3,1576155186125,5.934859,1.3268409,-0.60833496 
3,1576155186144,9.062755,4.1721244,1.5328126 
3,1576155186166,11.381133,6.466553,3.2811768 
3,1576155186185,13.747413,7.9706254,3.6883302 
3,1576155186206,16.324453,8.904683,3.0177248 
3,1576155186224,17.25851,8.938213,2.811753 
3,1576155186242,15.644268,8.377779,2.806963 
3,1576155186263,13.196558,7.668853,1.5184424 
3,1576155186282,11.338023,6.706055,0.2778223 
3,1576155186302,9.632769,5.3217335,0.22992188 
3,1576155186325,8.2197075,3.7170706,0.7664063 
3,1576155186345,6.926397,2.069297,1.1831397 
3,1576155186364,5.350474,0.16765137,1.3028907 
3,1576155186383,3.1853762,-1.590293,1.0490186 
3,1576155186405,1.4418018,-3.3817677,0.23950197 
3,1576155186432,-0.3161426,-5.0726514,-1.0059083 
3,1576155186448,-3.1374757,-6.4042826,-2.4956105 
3,1576155186468,-5.503755,-7.4964113,-3.6308498 
3,1576155186493,-7.9945755,-8.689131,-4.3014555 
3,1576155186508,-11.716436,-9.546548,-4.5696974 
3,1576155186528,-15.414347,-9.651929,-6.09293 
3,1576155186554,-19.021246,-9.364527,-8.315508 
3,1576155186566,-24.429201,-9.412427,-8.411309 
3,1576155186588,-31.978302,-8.502319,-6.456973 
3,1576155186613,-38.05207,-7.5059915,-6.6773148 
3,1576155186626,-41.122486,-6.1887307,-8.253238 
3,1576155186645,-38.96697,-5.585186,-8.147857 
3,1576155186669,-31.643,-6.4282327,-6.3707523 
3,1576155186686,-24.060368,-7.30481,-4.2104445 
3,1576155186708,-19.63437,-7.194639,-3.5110989 
3,1576155186725,-17.268091,-6.720425,-5.1684523 
3,1576155186743,-15.80234,-6.207891,-6.1504107 
3,1576155186762,-13.282779,-6.1887307,-6.0833497 
3,1576155186784,-8.962164,-6.581514,-5.858218 
3,1576155186806,-6.2893214,-5.7719975,-4.253555 
3,1576155186826,-5.0630717,-5.350474,-3.3386574 
3,1576155186847,-2.5291407,-5.1971927,-3.5781593 
3,1576155186870,0.028740235,-4.550537,-3.63564 
3,1576155186888,2.8644435,-3.7027004,-2.8692336 
3,1576155186910,6.9886675,-2.318379,0.50774413 
3,1576155186930,11.299703,0.75203615,4.095484 
3,1576155186947,13.622871,4.2200246,5.039121 
3,1576155186969,14.461128,7.079678,4.5696974 
3,1576155186989,15.376026,8.679551,4.0667434 
3,1576155187009,15.7113285,9.005274,4.4212065 
3,1576155187030,14.9161825,8.713081,4.3158255 
3,1576155187051,13.158237,8.2197075,2.787803 
3,1576155187071,10.782378,7.558682,0.8095166 
3,1576155187089,8.454419,6.6437845,-0.2921924 
3,1576155187106,6.4042826,5.5229154,-0.4981641 
3,1576155187129,4.90979,4.3445654,-0.68976563 
3,1576155187149,3.8799317,2.912344,-0.67539555 
3,1576155187171,2.8836036,1.2645704,-0.24908204 
3,1576155187190,2.1124072,-0.51732427,-0.12454102 
3,1576155187211,1.0490186,-2.2800586,-0.6945557 
3,1576155187226,-0.79035646,-3.9661524,-1.6094532 
3,1576155187252,-2.6441016,-5.585186,-2.6441016 
3,1576155187269,-4.1242237,-7.31439,-3.6979103 
3,1576155187287,-6.2893214,-9.053174,-4.2152348 
3,1576155187308,-10.538086,-9.80521,-4.7229786 
3,1576155187331,-14.532979,-9.623189,-5.8007374 
3,1576155187351,-16.544796,-9.718989,-7.5012016 
3,1576155187372,-20.166065,-9.383687,-8.353828 
3,1576155187389,-25.67461,-8.48316,-8.119117 
3,1576155187412,-30.004807,-7.9610453,-8.751402 
3,1576155187432,-34.291893,-6.7970657,-10.442286 
3,1576155187453,-37.237766,-5.5564456,-11.2374325 
3,1576155187473,-34.1434,-5.6809864,-10.96919 
3,1576155187493,-28.1319,-6.495293,-8.416099 
3,1576155187513,-22.891598,-6.9790874,-5.7480474 
3,1576155187533,-18.935026,-7.1323686,-5.269043 
3,1576155187552,-16.793879,-6.8976564,-6.3851223 
3,1576155187571,-15.649058,-6.6581545,-7.3862405 
3,1576155187589,-13.42169,-7.0509377,-7.879615 
3,1576155187613,-10.274634,-7.1227884,-7.189849 
3,1576155187631,-7.2904396,-6.696475,-5.6714063 
3,1576155187650,-4.87626,-6.0354495,-3.66438 
3,1576155187674,-3.0752053,-5.1732426,-2.3854396 
3,1576155187693,-2.1028273,-4.033213,-1.8824854 
3,1576155187713,-0.64186525,-2.7015822,-1.6429834 
3,1576155187729,1.5184424,-0.87178713,-0.79993653 
3,1576155187753,4.8091993,1.2310401,0.34488282 
3,1576155187769,8.636441,3.4440382,1.0585986 
3,1576155187790,11.908037,5.633086,0.613125 
3,1576155187810,12.851675,7.3000197,1.7579445 
3,1576155187832,12.760665,8.296348,3.056045 
3,1576155187851,12.09485,8.698711,3.9661524 
3,1576155187872,11.424244,8.732242,4.4691067 
3,1576155187894,10.97398,8.258028,3.6548 
3,1576155187913,10.341695,7.414981,1.7387843 
3,1576155187935,9.580078,6.3803325,0.28740236 
3,1576155187955,8.851993,5.158872,-0.17723145 
3,1576155187972,7.807764,3.8416114,-0.24908204 
3,1576155187993,6.447393,2.1219873,-0.019160157 
3,1576155188010,4.790039,0.17723145,-0.18681154 
3,1576155188031,2.5051906,-1.9399658,-0.6322852 
3,1576155188054,-0.07664063,-3.9278321,-1.5040723 
3,1576155188076,-2.2656887,-5.7480474,-2.2417383 
3,1576155188096,-4.84752,-7.549102,-2.2896388 
3,1576155188115,-7.9706254,-8.832832,-3.6021094 
3,1576155188135,-11.682906,-9.393267,-6.2989016 
3,1576155188156,-15.8215,-8.703502,-8.253238 
3,1576155188176,-19.787653,-8.095166,-8.47837 
3,1576155188195,-24.989635,-7.3000197,-7.084468 
3,1576155188214,-28.768976,-6.05461,-7.486831 
3,1576155188232,-30.397589,-5.206773,-9.043594 
3,1576155188257,-31.62863,-4.5649076,-9.72857 
3,1576155188272,-32.610588,-3.9326222,-9.412427 
3,1576155188292,-30.507761,-3.5733693,-9.077125 
3,1576155188312,-24.141798,-4.296665,-8.976534 
3,1576155188332,-19.44277,-4.91937,-7.1611085 
3,1576155188355,-17.368683,-4.9481106,-5.407954 
3,1576155188375,-16.348404,-4.905,-5.230723 
3,1576155188394,-15.055094,-4.8666797,-6.0498195 
3,1576155188417,-12.717554,-4.8379397,-7.1611085 
3,1576155188438,-9.766891,-4.88584,-6.825806 
3,1576155188458,-7.788604,-4.3301954,-4.143384 
3,1576155188479,-6.5384035,-3.5063088,-2.0022364 
3,1576155188498,-4.905,-2.802173,-1.8202149 
3,1576155188518,-3.784131,-2.184258,-2.0261867 
3,1576155188538,-1.8968556,-1.3028907,-2.0405567 
3,1576155188558,1.8633252,-0.3879932,-1.22625 
3,1576155188575,5.6761966,1.346001,0.6658155 
3,1576155188599,8.468789,3.65959,2.318379 
3,1576155188619,11.179952,5.9252787,1.7962648 
3,1576155188637,12.933106,8.095166,-0.05748047 
3,1576155188659,13.254039,9.024434,0.1820215 
3,1576155188679,12.789405,8.746612,2.1555176 
3,1576155188697,12.099639,8.104747,3.271597 
3,1576155188720,11.304493,7.3527102,2.0405567 
3,1576155188737,9.83874,6.662945,-0.1580713 
3,1576155188759,7.9610453,5.757627,-1.0538087 
3,1576155188774,6.2989016,4.4738965,-0.4406836 
3,1576155188795,4.9289503,2.9746144,0.6610254 
3,1576155188814,3.539839,1.3986914,1.0250684 
3,1576155188837,2.4572902,-0.2778223,0.46942386 
3,1576155188857,1.2358302,-1.9447559,-0.62749517 
3,1576155188877,-0.5556446,-3.8320315,-1.7818946 
3,1576155188898,-3.180586,-5.4606447,-3.0752053 
3,1576155188920,-6.662945,-6.1935205,-3.9948928 
3,1576155188942,-9.378897,-6.4330225,-5.134922 
3,1576155188961,-11.927197,-7.070098,-6.198311 
3,1576155188980,-16.290924,-7.117998,-5.369634 
3,1576155189001,-20.688179,-6.3707523,-6.5384035 
3,1576155189019,-24.678282,-5.484595,-9.148975 
3,1576155189039,-28.879147,-4.608018,-11.184742 
3,1576155189061,-30.47423,-3.9182522,-12.492422 
3,1576155189079,-30.737682,-3.5781593,-11.529625 
3,1576155189101,-31.71006,-3.2524366,-8.698711 
3,1576155189120,-28.347452,-3.6500099,-8.674761 
3,1576155189140,-23.739435,-4.373306,-8.473579 
3,1576155189162,-20.946842,-5.0487013,-6.327642 
3,1576155189182,-19.36134,-5.465435,-4.9433208 
3,1576155189199,-17.440533,-5.508545,-5.767207 
3,1576155189221,-15.610738,-5.5468655,-6.7970657 
3,1576155189246,-14.010865,-5.5564456,-7.1227884 
3,1576155189257,-11.836187,-5.585186,-6.864126 
3,1576155189280,-9.163345,-5.719307,-5.7624173 
3,1576155189297,-6.231841,-5.719307,-4.4212065 
3,1576155189318,-3.0704153,-5.604346,-2.7973828 
3,1576155189338,0.52690434,-5.249883,-2.189048 
3,1576155189362,3.894302,-4.5409575,-1.5423926 
3,1576155189382,7.9897857,-3.0895753,0.019160157 
3,1576155189401,11.543995,-0.31135255,1.0298585 
3,1576155189422,14.063556,2.9650342,2.323169 
3,1576155189443,14.825171,5.575606,5.3073635 
3,1576155189463,14.762901,7.3575,7.29523 
3,1576155189483,15.7113285,8.152647,6.342012 
3,1576155189503,15.476617,8.018526,6.2270513 
3,1576155189523,13.776153,7.438931,6.212681 
3,1576155189544,11.472144,6.8018556,4.981641 
3,1576155189562,9.316627,5.8917484,3.5494192 
3,1576155189583,7.8365045,4.6846585,2.3806496 
3,1576155189603,6.7635355,3.0991554,1.3603711 
3,1576155189623,5.3313136,1.2741505,1.1064991 
3,1576155189642,3.276387,-0.5412744,1.0538087 
3,1576155189665,1.0777588,-2.0549269,-0.009580079 
3,1576155189685,-1.0346485,-3.4679885,-1.6669337 
3,1576155189702,-3.0416749,-4.8571,-2.8836036 
3,1576155189722,-5.455855,-5.944439,-3.899092 
3,1576155189750,-8.856783,-6.1791506,-4.756509 
3,1576155189760,-11.764337,-5.623506,-6.715635 
3,1576155189780,-13.263618,-5.613926,-9.010064 
3,1576155189800,-16.468155,-5.484595,-8.780142 
3,1576155189820,-20.099005,-5.000801,-8.358619 
3,1576155189842,-22.676046,-4.8523097,-8.420889 
3,1576155189862,-27.111622,-3.9613624,-8.013736 
3,1576155189881,-30.833483,-2.42855,-8.406519 
3,1576155189904,-31.566359,-1.8489552,-8.602911 
3,1576155189925,-30.53171,-1.9016455,-7.903565 
3,1576155189946,-27.825338,-2.2273684,-7.2569094 
3,1576155189966,-24.37651,-2.6584718,-6.878496 
3,1576155189986,-21.83779,-2.9889846,-6.318062 
3,1576155190006,-20.132536,-3.2045362,-5.9013286 
3,1576155190023,-17.454903,-3.6212697,-6.4186525 
3,1576155190043,-14.355747,-4.143384,-6.9024467 
3,1576155190066,-11.716436,-4.4595265,-6.5096636 
3,1576155190089,-9.623189,-4.488267,-5.724097 
3,1576155190106,-7.30481,-4.5888577,-4.7469287 
3,1576155190126,-4.742139,-4.550537,-3.4871485 
3,1576155190153,-2.2752686,-4.129014,-2.7542725 
3,1576155190167,0.5891748,-3.1997461,-2.7063723 
3,1576155190186,3.420088,-1.8968556,-1.7435743 
3,1576155190211,6.6294146,0.20118165,-0.57001466 
3,1576155190227,10.083033,3.0799952,0.2203418 
3,1576155190246,12.377461,5.589976,1.6717237 
3,1576155190269,13.38816,7.462881,3.6548 
3,1576155190285,14.034815,8.717872,3.7937112 
3,1576155190302,14.140196,9.158555,2.6153615 
3,1576155190323,13.244458,9.0004835,2.2129982 
3,1576155190342,11.927197,8.459209,2.1363575 
3,1576155190368,9.992022,7.6257424,2.1315675 
3,1576155190387,7.9466753,6.6821046,1.8872755 
3,1576155190406,6.3947024,5.4606447,1.5950831 
3,1576155190428,5.0439115,4.1098537,1.2070899 
3,1576155190448,3.5063088,2.5387208,0.852627 
3,1576155190468,2.1650977,0.7711963,0.75203615 
3,1576155190488,0.8669971,-0.8861573,0.25866213 
3,1576155190508,-1.092129,-2.3471193,-0.16765137 
3,1576155190528,-3.0225148,-3.5973196,-0.8861573 
3,1576155190543,-3.779341,-4.91937,-2.5578809 
3,1576155190567,-5.350474,-6.2605815,-3.4488282 
3,1576155190588,-7.577842,-7.2425394,-3.9469924 
3,1576155190609,-9.532178,-8.210127,-5.0582814 
3,1576155190628,-13.598922,-9.057964,-5.398374 
3,1576155190646,-19.48588,-8.598121,-6.7683253 
3,1576155190669,-23.054459,-7.5203614,-9.340576 
3,1576155190689,-24.788454,-6.9886675,-10.403965 
3,1576155190707,-27.849289,-6.5096636,-10.111773 
3,1576155190728,-31.202316,-5.4175344,-11.084151 
3,1576155190753,-32.989002,-4.4116263,-11.496095 
3,1576155190765,-30.962814,-4.6607084,-9.7812605 
3,1576155190786,-26.95355,-5.360054,-7.3622904 
3,1576155190805,-22.489235,-5.7624173,-6.1647806 
3,1576155190825,-19.36134,-5.704937,-5.6809864 
3,1576155190846,-17.220192,-5.647456,-5.8677983 
3,1576155190867,-15.275435,-5.7001467,-6.07856 
3,1576155190889,-12.18107,-5.992339,-6.5479836 
3,1576155190910,-8.828042,-6.0833497,-6.0210795 
3,1576155190930,-6.864126,-5.278623,-4.119434 
3,1576155190952,-5.254673,-4.4595265,-2.5914114 
3,1576155190971,-4.071533,-3.4631984,-1.1543995 
3,1576155190992,-2.4189699,-2.4764502,-1.7866846 
3,1576155191011,-0.028740235,-0.8813672,-4.655918 
3,1576155191029,2.5339308,0.44547364,-4.014053 
3,1576155191048,6.825806,1.7579445,-0.9915381 
3,1576155191066,10.715318,3.7170706,1.1783496 
3,1576155191092,11.213482,6.016289,3.1949563 
3,1576155191110,11.438614,7.831714,2.4812403 
3,1576155191129,12.051739,8.789722,0.7232959 
3,1576155191150,12.430152,8.665181,1.4178516 
3,1576155191172,13.158237,8.018526,1.6621436 
3,1576155191192,12.25771,7.30481,1.0106983 
3,1576155191210,9.800421,6.346802,1.2597803 
3,1576155191230,7.7407036,5.1828227,1.6621436 
3,1576155191256,6.2797413,3.8559816,1.4130616 
3,1576155191267,5.0343313,2.1650977,0.97237796 
3,1576155191291,3.6548,0.28261232,0.6227051 
3,1576155191308,1.829795,-1.5471827,0.19160157 
3,1576155191328,-0.9580079,-3.3865578,0.28261232 
3,1576155191349,-3.6164796,-4.6654983,0.19639161 
3,1576155191370,-4.6032276,-5.743257,-1.5376027 
3,1576155191391,-4.8571,-7.1419487,-3.3099172 
3,1576155191411,-6.998247,-8.770562,-3.3865578 
3,1576155191433,-11.433824,-9.604029,-3.7362306 
3,1576155191452,-16.511265,-8.885523,-7.2569094 
3,1576155191473,-21.104914,-7.879615,-9.968072 
3,1576155191493,-25.923693,-6.8114357,-10.015972 
3,1576155191513,-30.55087,-5.8198977,-10.873389 
3,1576155191533,-35.36486,-4.2104445,-13.263618 
3,1576155191553,-36.289337,-3.1901662,-14.288687 
3,1576155191572,-32.562687,-3.7458107,-11.203902 
3,1576155191594,-27.614576,-4.5409575,-7.582632 
3,1576155191614,-22.910757,-4.9145803,-6.207891 
3,1576155191633,-20.070265,-5.096602,-5.604346 
3,1576155191652,-18.690733,-5.240303,-5.4366946 
3,1576155191674,-16.348404,-5.5947657,-6.0114994 
3,1576155191693,-13.258829,-6.07856,-6.2749515 
3,1576155191712,-11.366763,-5.7719975,-5.4319043 
3,1576155191732,-9.704619,-5.484595,-4.8571 
3,1576155191755,-7.30481,-5.350474,-4.282295 
3,1576155191772,-4.7229786,-5.134922,-3.1278956 
3,1576155191792,-2.7351124,-4.6128078,-1.1256592 
3,1576155191809,-1.2933106,-3.5542092,-0.39278322 
3,1576155191832,-0.22513184,-2.2465284,-0.75203615 
3,1576155191850,1.7483643,-0.732876,-0.5987549 
3,1576155191873,5.3025737,0.89573735,0.60354495 
3,1576155191894,8.943004,2.9794044,2.4525 
3,1576155191913,11.951148,5.1780324,3.5063088 
3,1576155191934,13.646822,7.2808595,3.046465 
3,1576155191953,14.901813,8.51669,2.6249416 
3,1576155191975,15.390396,8.861572,2.8788135 
3,1576155191997,15.131734,8.57896,2.816543 
3,1576155192016,14.159356,7.9897857,1.6381935 
3,1576155192034,11.989469,7.209009,0.7711963 
3,1576155192053,9.532178,6.183941,0.35925296 
3,1576155192077,7.6449027,4.991221,0.30177248 
3,1576155192096,6.1791506,3.4584084,0.7041358 
3,1576155192116,5.254673,1.6573536,1.0346485 
3,1576155192134,4.148174,-0.37362307,1.0250684 
3,1576155192157,1.9926564,-2.2465284,0.728086 
3,1576155192177,-0.6610254,-3.6116896,0.12454102 
3,1576155192195,-3.0895753,-4.6607084,-0.75203615 
3,1576155192216,-4.9145803,-5.4462748,-2.7015822 
3,1576155192236,-6.06419,-6.4090724,-4.641548 
3,1576155192256,-7.8700347,-7.8700347,-5.484595 
3,1576155192273,-11.994258,-8.713081,-6.09772 
3,1576155192292,-16.741188,-8.248447,-6.8497562 
3,1576155192313,-21.373156,-7.0030375,-7.36708 
3,1576155192333,-24.697443,-5.944439,-8.320298 
3,1576155192358,-25.64587,-6.09772,-9.172925 
3,1576155192377,-28.668385,-6.0498195,-9.479487 
3,1576155192396,-33.118332,-5.1876125,-10.447076 
3,1576155192413,-34.919388,-4.387676,-11.620635 
3,1576155192438,-31.968721,-4.5074267,-10.068663 
3,1576155192459,-25.71772,-5.465435,-7.055728 
3,1576155192479,-20.463047,-6.1599903,-5.1732426 
3,1576155192499,-18.590143,-6.0833497,-4.8906302 
3,1576155192519,-17.368683,-6.05461,-6.375542 
3,1576155192539,-14.968873,-6.2989016,-7.8652444 
3,1576155192557,-11.438614,-6.821016,-7.5203614 
3,1576155192576,-8.449629,-6.662945,-5.3935843 
3,1576155192599,-6.09293,-6.2797413,-3.66438 
3,1576155192619,-4.1098537,-5.4175344,-2.802173 
3,1576155192638,-2.208208,-4.3158255,-1.8489552 
3,1576155192657,-0.8669971,-3.056045,-0.33530274 
3,1576155192679,1.3986914,-1.4705421,-0.3161426 
3,1576155192699,5.374424,0.5029541,-0.97237796 
3,1576155192719,8.57896,2.3566992,0.1101709 
3,1576155192738,10.99314,4.014053,2.7446926 
3,1576155192755,14.240787,5.374424,4.9576907 
3,1576155192776,16.04663,6.595884,7.3527102 
3,1576155192797,14.992823,7.544312,8.665181 
3,1576155192815,13.321099,7.817344,6.816226 
3,1576155192836,11.860137,7.434141,4.239185 
3,1576155192857,10.442286,6.480923,2.8548634 
3,1576155192877,8.971744,5.3217335,1.7579445 
3,1576155192899,7.3718705,4.0044727,0.732876 
3,1576155192917,5.633086,2.6009912,0.2921924 
3,1576155192941,4.133804,1.0825489,0.18681154 
3,1576155192960,3.051255,-0.75203615,0.043110352 
3,1576155192979,1.7771046,-2.8452833,-0.038320314 
3,1576155192996,-0.0047900393,-4.646338,-0.68018556 
3,1576155193016,-2.663262,-5.992339,-1.5615528 
3,1576155193036,-5.7624173,-7.046148,-2.9410841 
3,1576155193056,-8.919053,-7.822134,-4.679868 
3,1576155193076,-12.688814,-8.018526,-6.8689165 
3,1576155193096,-16.434626,-6.974297,-9.335787 
3,1576155193116,-17.914747,-6.9551373,-9.74773 
3,1576155193136,-20.932472,-7.5874224,-8.147857 
3,1576155193156,-27.207422,-6.806646,-8.842413 
3,1576155193176,-32.735126,-4.7804594,-12.28645 
3,1576155193197,-33.94222,-3.7601807,-13.38816 
3,1576155193217,-32.054943,-3.9182522,-10.322535 
3,1576155193237,-28.462414,-4.272715,-7.6305327 
3,1576155193257,-23.897507,-4.430786,-6.864126 
3,1576155193279,-19.70622,-4.5840673,-6.7395854 
3,1576155193297,-17.263302,-4.536167,-6.4042826 
3,1576155193318,-15.332915,-4.392466,-6.2893214 
3,1576155193339,-13.584552,-4.1242237,-6.1504107 
3,1576155193360,-12.22418,-3.8416114,-6.0354495 
3,1576155193382,-11.208692,-3.4296682,-6.08814 
3,1576155193400,-10.035132,-3.300337,-5.695357 
3,1576155193422,-7.879615,-3.5110989,-4.727769 
3,1576155193443,-4.5744877,-3.7697608,-3.7410207 
3,1576155193463,-1.6813037,-3.6500099,-1.4992822 
3,1576155193483,0.7232959,-2.7111623,0.119750984 
3,1576155193503,2.5387208,-0.75203615,-0.46463382 
3,1576155193524,3.6931202,1.21188,-0.87178713 
3,1576155193545,5.647456,3.0895753,0.98195803 
3,1576155193562,8.51669,5.0439115,4.191284 
3,1576155193582,10.950029,7.0174074,6.2031007 
3,1576155193604,11.975099,8.411309,5.5708156 
3,1576155193624,11.730806,9.077125,3.3865578 
3,1576155193642,11.539205,9.153765,1.8633252 
3,1576155193661,12.0182085,8.53585,1.954336 
3,1576155193683,11.778707,7.6496925,1.954336 
3,1576155193705,10.413546,6.466553,1.8824854 
3,1576155193723,8.698711,5.029541,1.8585353 
3,1576155193747,6.734795,3.5206788,1.9639161 
3,1576155193762,4.9241605,1.8202149,1.5567628 
3,1576155193781,3.5063088,-0.033530276,0.7711963 
3,1576155193805,2.059717,-2.0166066,0.2778223 
3,1576155193821,-0.17244141,-4.2008643,0.23471193 
3,1576155193841,-3.1374757,-5.9061184,0.63707525 
3,1576155193869,-4.598438,-7.0174074,-1.346001 
3,1576155193883,-5.518125,-8.018526,-6.1552005 
3,1576155193903,-9.196876,-8.957374,-8.454419 
3,1576155193924,-15.80713,-8.804092,-6.715635 
3,1576155193946,-21.310884,-7.668853,-4.8379397 
3,1576155193966,-22.814957,-7.6017923,-6.212681 
3,1576155193986,-25.693771,-7.5874224,-6.5240335 
3,1576155194006,-29.406052,-6.6246243,-7.30481 
3,1576155194026,-33.14707,-5.604346,-8.133487 
3,1576155194045,-36.864143,-4.181704,-6.9024467 
3,1576155194066,-32.653698,-4.4403663,-7.3862405 
3,1576155194087,-26.086554,-5.1876125,-6.912027 
3,1576155194107,-22.144352,-5.350474,-5.087022 
3,1576155194126,-19.825972,-5.374424,-4.622388 
3,1576155194144,-17.397423,-5.503755,-5.982759 
3,1576155194167,-15.107784,-5.479805,-7.510782 
3,1576155194188,-12.664864,-5.743257,-8.095166 
3,1576155194208,-10.140513,-5.8677983,-6.7635355 
3,1576155194225,-7.117998,-5.6522465,-4.9529004 
3,1576155194245,-4.253555,-5.0726514,-3.396138 
3,1576155194263,-2.2225783,-3.9853127,-2.5387208 
3,1576155194283,-1.1975098,-2.5099807,-3.415298 
3,1576155194304,0.28261232,-1.3651612,-4.2104445 
3,1576155194323,2.7686427,-0.51732427,-1.2358302 
3,1576155194343,6.8689165,0.8047266,2.792593 
3,1576155194364,11.146421,3.2811768,5.0726514 
3,1576155194387,12.339141,5.992339,5.767207 
3,1576155194406,11.4625635,8.167017,5.4319043 
3,1576155194427,11.338023,9.077125,4.6654983 
3,1576155194447,11.879297,8.828042,4.775669 
3,1576155194466,12.387041,8.013736,4.9337406 
3,1576155194487,12.545113,7.070098,3.8895118 
3,1576155194505,11.189531,6.1935205,2.2896388 
3,1576155194528,8.737032,5.455855,0.9867481 
3,1576155194546,6.3994923,4.4643164,0.6849756 
3,1576155194567,5.3169436,2.9889846,0.9436377 
3,1576155194590,4.742139,1.1831397,0.9484278 
3,1576155194609,3.2045362,-0.45026368,0.4263135 
3,1576155194629,1.1400293,-2.1746778,-0.17723145 
3,1576155194648,-0.90052736,-3.8128712,-0.5987549 
3,1576155194668,-2.4333398,-5.3121533,-1.6860938 
3,1576155194690,-4.1146436,-7.209009,-2.8836036 
3,1576155194710,-8.301138,-8.401729,-3.3099172 
3,1576155194728,-13.220509,-8.085587,-5.1732426 
3,1576155194747,-15.696959,-7.0509377,-9.431587 
3,1576155194766,-16.587906,-6.9072366,-11.931988 
3,1576155194786,-18.733843,-8.138277,-8.880733 
3,1576155194805,-24.37172,-8.157437,-4.981641 
3,1576155194826,-29.554543,-6.1647806,-8.023315 
3,1576155194846,-31.786701,-4.3493557,-13.733043 
3,1576155194867,-32.452515,-4.0427933,-13.651612 
3,1576155194887,-31.556778,-4.550537,-9.244776 
3,1576155194908,-27.667267,-5.010381,-7.180269 
3,1576155194931,-22.929918,-5.249883,-7.1227884 
3,1576155194951,-19.548151,-5.4462748,-6.5192432 
3,1576155194971,-17.684826,-5.767207,-5.829478 
3,1576155194992,-15.93167,-6.1599903,-6.5240335 
3,1576155195012,-13.4169,-6.7874856,-7.788604 
3,1576155195030,-10.629097,-6.7779055,-7.783814 
3,1576155195049,-8.52627,-6.351592,-6.0114994 
3,1576155195072,-6.6198344,-5.8342676,-4.0571632 
3,1576155195092,-4.82357,-4.9289503,-3.3578174 
3,1576155195112,-3.391348,-3.6116896,-3.2141163 
3,1576155195130,-1.2837305,-2.1124072,-2.8309133 
3,1576155195150,1.0346485,-0.4742139,-1.829795 
3,1576155195172,3.1949563,1.2549903,-0.68018556 
3,1576155195191,6.5144534,2.6967921,1.456172 
3,1576155195212,10.729688,4.1242237,3.65959 
3,1576155195231,13.46959,5.848638,4.488267 
3,1576155195249,13.642032,7.33355,5.000801 
3,1576155195269,13.129498,7.913145,5.4510646 
3,1576155195288,13.201348,7.7598634,4.9241605 
3,1576155195310,13.196558,7.2329593,3.7697608 
3,1576155195328,12.798985,6.600674,2.7159522 
3,1576155195348,11.520044,5.7480474,2.2273684 
3,1576155195373,9.216036,4.799619,1.949546 
3,1576155195392,6.480923,3.68354,2.0932472 
3,1576155195413,4.397256,2.5004005,2.0309765 
3,1576155195430,3.0129347,1.0154883,1.0873389 
3,1576155195453,1.0729688,-0.5604346,0.5125342 
3,1576155195474,-1.1591895,-1.9782863,0.09101075 
3,1576155195494,-2.4333398,-3.3817677,-1.0490186 
3,1576155195515,-4.038003,-4.996011,-1.695674 
3,1576155195535,-6.576724,-5.973179,-2.8404932 
3,1576155195553,-8.358619,-6.423443,-5.5708156 
3,1576155195573,-10.274634,-6.983877,-7.084468 
3,1576155195595,-12.832515,-7.711963,-6.734795 
3,1576155195615,-15.878981,-7.8891945,-6.0498195 
3,1576155195635,-18.556612,-7.4676714,-7.089258 
3,1576155195652,-21.459375,-7.4101906,-8.909473 
3,1576155195671,-26.920021,-6.8114357,-10.255474 
3,1576155195695,-31.623838,-5.6570363,-11.797867 
3,1576155195715,-33.285984,-4.9720607,-12.554693 
3,1576155195733,-33.108753,-4.2296047,-12.2433405 
3,1576155195752,-28.840826,-4.3637257,-11.00751 
3,1576155195775,-23.07362,-4.9864306,-9.062755 
3,1576155195791,-18.992506,-5.2834134,-7.189849 
3,1576155195812,-16.621437,-5.245093,-6.696475 
3,1576155195831,-14.226417,-5.2019825,-7.5203614 
3,1576155195851,-11.443404,-5.3217335,-7.8987746 
3,1576155195873,-9.4507475,-5.2834134,-6.595884 
3,1576155195894,-7.3000197,-5.0726514,-5.0487013 
3,1576155195913,-5.4462748,-4.536167,-3.4440382 
3,1576155195935,-4.038003,-3.7074904,-1.6621436 
3,1576155195955,-2.4668703,-2.5243506,-1.1687696 
3,1576155195975,-0.852627,-1.0633887,-2.1315675 
3,1576155195996,0.16286133,0.5939649,-2.3950195 
3,1576155196014,2.074087,2.3710694,-2.2752686 
3,1576155196035,5.4127445,3.6021094,-1.1687696 
3,1576155196055,8.176597,4.9385304,1.1591895 
3,1576155196078,9.73815,6.557564,3.1614258 
3,1576155196097,11.769127,7.5299416,3.4248781 
3,1576155196118,13.536651,7.975415,3.6021094 
3,1576155196135,13.665982,7.8029737,4.5409575 
3,1576155196158,12.707974,7.4580913,4.631968 
3,1576155196178,11.448194,7.0413575,3.0847852 
3,1576155196198,9.896221,6.1791506,1.9639161 
3,1576155196218,8.262817,5.029541,1.6908839 
3,1576155196235,6.8737063,3.7458107,1.1256592 
3,1576155196254,5.877378,2.1459377,0.25866213 
3,1576155196273,4.478687,0.29698244,-0.22992188 
3,1576155196294,1.9303858,-1.6286134,-0.1820215 
3,1576155196313,-0.7424561,-3.530259,-0.56522465 
3,1576155196337,-3.5685792,-5.1540823,-1.0538087 
3,1576155196352,-6.935977,-6.1408305,-1.8345851 
3,1576155196372,-8.698711,-6.6677346,-4.152964 
3,1576155196392,-9.75252,-7.3000197,-6.337222 
3,1576155196413,-11.524835,-7.999366,-6.246211 
3,1576155196434,-13.603711,-8.502319,-6.0450296 
3,1576155196453,-17.320782,-8.904683,-6.1504107 
3,1576155196474,-23.485563,-8.464,-6.940767 
3,1576155196497,-30.033546,-6.8832865,-9.407638 
3,1576155196519,-33.482376,-5.125342,-11.802657 
3,1576155196536,-32.91715,-4.8139896,-11.438614 
3,1576155196557,-31.130465,-4.9241605,-8.847202 
3,1576155196577,-27.293644,-5.1971927,-7.793394 
3,1576155196600,-23.25564,-5.633086,-7.568262 
3,1576155196620,-20.702549,-5.863008,-6.7970657 
3,1576155196639,-18.36022,-5.944439,-6.4905033 
3,1576155196658,-15.78797,-6.1216702,-6.6294146 
3,1576155196681,-13.177398,-6.3228517,-6.686895 
3,1576155196698,-11.203902,-6.212681,-5.944439 
3,1576155196720,-9.402847,-5.8198977,-5.4127445 
3,1576155196738,-6.945557,-5.249883,-5.2355127 
3,1576155196756,-5.0918117,-4.373306,-3.923042 
3,1576155196776,-2.7111623,-3.8272414,-3.2332766 
3,1576155196795,-0.2682422,-2.8788135,-2.572251 
3,1576155196815,2.0118165,-1.3747413,-1.0442286 
3,1576155196836,4.5840673,0.19639161,0.5029541 
3,1576155196857,6.710845,1.9926564,1.9782863 
3,1576155196878,8.167017,4.119434,2.3902297 
3,1576155196901,9.0004835,6.11688,1.8202149 
3,1576155196921,10.825489,7.544312,1.8489552 
3,1576155196942,13.172608,8.291558,2.8452833 
3,1576155196959,14.451549,8.435259,4.521797 
3,1576155196979,14.518609,8.281978,5.374424 
3,1576155197001,13.661192,8.023315,4.2152348 
3,1576155197021,11.472144,7.3814507,2.9889846 
3,1576155197041,9.062755,6.2941117,2.3423293 
3,1576155197059,7.2904396,4.91937,1.3891114 
3,1576155197082,6.08814,3.0608351,1.0729688 
3,1576155197102,4.641548,0.8047266,0.9867481 
3,1576155197122,2.44771,-1.465752,0.2682422 
3,1576155197140,0.009580079,-3.539839,-0.5987549 
3,1576155197162,-1.7771046,-5.3073635,-2.0022364 
3,1576155197183,-3.2428565,-6.6581545,-4.4212065 
3,1576155197203,-4.8091993,-7.822134,-6.08814 
3,1576155197223,-8.018526,-8.842413,-5.4271145 
3,1576155197241,-12.497212,-9.024434,-5.6522465 
3,1576155197259,-16.592695,-8.401729,-8.693921 
3,1576155197279,-21.454586,-7.434141,-11.716436 
3,1576155197299,-27.839708,-6.2893214,-12.046948 
3,1576155197319,-32.91236,-4.655918,-12.075689 
3,1576155197339,-34.291893,-3.5973196,-12.645703 
3,1576155197359,-36.016304,-2.5243506,-11.529625 
3,1576155197382,-33.04169,-2.6584718,-11.409874 
3,1576155197407,-26.646988,-3.8128712,-10.375225 
3,1576155197421,-22.762266,-4.4691067,-7.831714 
3,1576155197441,-19.998413,-4.718189,-7.5012016 
3,1576155197469,-16.750767,-5.0630717,-8.947793 
3,1576155197485,-13.848003,-5.589976,-9.580078 
3,1576155197504,-11.299703,-6.2653713,-8.583751 
3,1576155197531,-9.024434,-6.351592,-6.303692 
3,1576155197544,-6.696475,-6.1312504,-4.4212065 
3,1576155197562,-3.8703518,-5.374424,-3.999683 
3,1576155197592,-0.71371585,-4.4691067,-3.7937112 
3,1576155197605,1.2981006,-3.3051271,-2.4525 
3,1576155197625,3.3290772,-1.8489552,-1.0585986 
3,1576155197645,5.6618266,0.019160157,0.26345217 
3,1576155197663,7.654483,2.2321582,0.9484278 
3,1576155197685,9.80521,4.368516,1.8776954 
3,1576155197706,11.620635,6.0498195,3.558999 
3,1576155197725,13.40732,7.213799,4.1146436 
3,1576155197743,14.63357,7.544312,4.8044095 
3,1576155197764,14.73416,7.434141,6.0498195 
3,1576155197785,13.867164,7.180269,5.719307 
3,1576155197802,11.850557,6.7300053,4.5792775 
3,1576155197822,9.78605,5.9875493,3.3721876 
3,1576155197841,8.396939,5.0199614,2.2321582 
3,1576155197862,7.4101906,3.7266505,1.705254 
3,1576155197884,6.2989016,2.1363575,1.1304493 
3,1576155197905,4.8187795,0.4023633,0.5843848 
3,1576155197927,2.9650342,-1.4322218,0.20118165 
3,1576155197945,0.613125,-3.166216,-0.74724615 
3,1576155197967,-1.575923,-4.8187795,-1.7004639 
3,1576155197987,-3.7649708,-6.365962,-2.3135889 
3,1576155198007,-6.0593996,-7.6353226,-3.4488282 
3,1576155198024,-9.7621,-7.7790236,-5.5803957 
3,1576155198046,-11.769127,-8.076006,-8.459209 
3,1576155198066,-14.317428,-8.794512,-9.091495 
3,1576155198086,-19.825972,-8.789722,-7.702383 
3,1576155198107,-26.646988,-7.0078273,-8.095166 
3,1576155198127,-31.106516,-5.096602,-10.528506 
3,1576155198144,-33.468006,-4.0811133,-11.539205 
3,1576155198167,-33.894318,-3.420088,-10.916499 
3,1576155198185,-31.633419,-3.2476466,-10.466236 
3,1576155198208,-27.652897,-3.4488282,-9.766891 
3,1576155198227,-23.26522,-4.167334,-8.401729 
3,1576155198247,-20.113375,-4.5313773,-7.2760696 
3,1576155198268,-17.488434,-4.655918,-7.553892 
3,1576155198290,-15.505357,-4.5792775,-7.7167535 
3,1576155198304,-12.961846,-4.703819,-7.893985 
3,1576155198327,-9.517808,-4.84752,-7.8029737 
3,1576155198343,-7.0126176,-4.8091993,-5.7959476 
3,1576155198364,-5.120552,-4.392466,-3.7937112 
3,1576155198385,-2.6009912,-3.7122805,-3.0704153 
3,1576155198409,0.023950197,-2.9410841,-2.0405567 
3,1576155198428,0.92926764,-1.8729054,-0.09580079 
3,1576155198448,1.9926564,-0.5364844,1.4849122 
3,1576155198468,4.9337406,0.87178713,1.6813037 
3,1576155198488,7.3479204,2.6441016,1.8920655 
3,1576155198509,7.965835,4.382886,3.396138 
3,1576155198529,8.871153,5.944439,4.8523097 
3,1576155198549,10.5620365,7.3862405,3.8511915 
3,1576155198568,11.347603,8.650811,2.5962012 
3,1576155198589,11.218272,9.139395,2.8883936 
3,1576155198610,11.2374325,9.196876,3.166216 
3,1576155198630,11.088941,8.899893,2.7686427 
3,1576155198649,9.80521,8.320298,2.4956105 
3,1576155198668,8.310719,7.6592727,2.0166066 
3,1576155198690,7.1563187,6.758745,1.3076807 
3,1576155198711,6.212681,5.527705,0.7376661 
3,1576155198731,4.991221,3.908672,0.57001466 
3,1576155198750,3.558999,2.1267774,0.45984375 
3,1576155198772,1.9255958,0.4742139,0.014370117 
3,1576155198786,0.014370117,-0.9244776,-0.56522465 
3,1576155198807,-1.6238233,-2.3998096,-0.9627979 
3,1576155198826,-3.0416749,-3.788921,-1.4034815 
3,1576155198847,-4.2296047,-4.9864306,-2.9171338 
3,1576155198866,-6.1599903,-6.016289,-5.245093 
3,1576155198889,-9.651929,-6.710845,-6.2510014 
3,1576155198911,-13.551021,-6.706055,-6.586304 
3,1576155198929,-16.559166,-6.198311,-7.4101906 
3,1576155198951,-19.56731,-5.6570363,-8.248447 
3,1576155198972,-22.723946,-5.369634,-8.828042 
3,1576155198992,-26.80027,-4.608018,-8.976534 
3,1576155199011,-30.191618,-3.6452198,-9.441168 
3,1576155199032,-31.963932,-2.8836036,-9.77647 
3,1576155199052,-30.277838,-2.9410841,-9.733359 
3,1576155199069,-26.536818,-3.300337,-8.794512 
3,1576155199093,-22.436544,-3.7362306,-7.2569094 
3,1576155199112,-19.730171,-4.028423,-5.752837 
3,1576155199131,-17.315992,-4.191284,-5.527705 
3,1576155199151,-14.461128,-4.0906935,-6.543194 
3,1576155199173,-12.214601,-4.009263,-6.701265 
3,1576155199192,-9.944121,-3.8176613,-5.4414845 
3,1576155199210,-7.6353226,-3.3099172,-4.3445654 
3,1576155199231,-6.615044,-2.6441016,-3.6883302 
3,1576155199249,-6.7539554,-1.7962648,-3.7362306 
3,1576155199269,-5.872588,-1.1735597,-4.2918754 
3,1576155199288,-4.148174,-0.74724615,-3.7218604 
3,1576155199310,-1.8489552,-0.20118165,-2.7446926 
3,1576155199328,0.81909674,0.6849756,-2.2704787 
3,1576155199349,2.3902297,2.323169,-1.4370118 
3,1576155199367,3.5063088,3.894302,-0.8430469 
3,1576155199387,5.2834134,5.125342,-0.26345217 
3,1576155199409,8.186177,6.346802,-0.63707525 
3,1576155199428,10.293795,7.2521195,-0.28261232 
3,1576155199449,11.730806,7.793394,1.7435743 
3,1576155199471,14.058765,8.602911,1.9399658 
3,1576155199494,14.63357,9.268726,1.575923 
3,1576155199513,13.167818,9.172925,2.6584718 
3,1576155199534,11.788286,8.138277,3.4344583 
3,1576155199551,10.011182,6.974297,2.912344 
3,1576155199572,7.9945755,5.6809864,1.7004639 
3,1576155199591,6.5048733,4.1625443,0.39278322 
3,1576155199615,5.455855,2.3806496,-0.39757326 
3,1576155199635,4.138594,0.39757326,-0.79035646 
3,1576155199655,2.2273684,-1.4322218,-0.8813672 
3,1576155199673,-0.014370117,-3.1901662,-0.87178713 
3,1576155199696,-2.0309765,-5.101392,-0.98195803 
3,1576155199716,-4.152964,-6.7683253,-1.3268409 
3,1576155199736,-6.983877,-7.726333,-2.6536818 
3,1576155199753,-10.418335,-7.9945755,-4.5553274 
3,1576155199774,-12.837305,-7.5299416,-6.983877 
3,1576155199794,-13.967754,-7.6496925,-7.999366 
3,1576155199812,-16.645386,-8.243657,-6.5623536 
3,1576155199833,-21.387526,-7.6496925,-5.2834134 
3,1576155199852,-25.54049,-6.7683253,-6.2749515 
3,1576155199872,-28.12232,-6.2605815,-8.272398 
3,1576155199892,-31.355597,-5.6905665,-8.962164 
3,1576155199914,-33.02253,-4.86189,-9.584868 
3,1576155199936,-30.986765,-4.5313773,-9.311836 
3,1576155199953,-26.474546,-5.0534916,-7.9802055 
3,1576155199977,-22.661676,-5.3935843,-6.720425 
3,1576155199995,-20.252287,-5.4366946,-6.2893214 
3,1576155200012,-17.828526,-5.6426663,-6.6916847 
3,1576155200037,-15.237115,-6.10251,-7.189849 
3,1576155200057,-13.057647,-6.5719337,-6.9311867 
3,1576155200075,-10.590776,-6.6485744,-6.734795 
3,1576155200098,-8.53106,-6.2749515,-5.575606 
3,1576155200118,-6.5000834,-5.829478,-4.526587 
3,1576155200135,-4.4738965,-5.0199614,-3.9469924 
3,1576155200154,-2.5243506,-4.1864944,-2.9027638 
3,1576155200178,-0.41194338,-3.0704153,-2.0309765 
3,1576155200199,1.331631,-1.7435743,-1.22146 
3,1576155200218,4.2343946,-0.18681154,-0.3161426 
3,1576155200238,7.1323686,1.9591261,0.6945557 
3,1576155200257,9.263936,4.119434,1.6190332 
3,1576155200277,11.385923,6.0354495,1.6525636 
3,1576155200294,13.201348,7.472461,2.059717 
3,1576155200314,15.194005,7.9227247,3.0177248 
3,1576155200334,16.243023,7.8604546,4.038003 
3,1576155200355,15.395186,7.7071733,4.2343946 
3,1576155200374,13.34026,7.28565,3.5877395 
3,1576155200395,11.1176815,6.6773148,2.3423293 
3,1576155200417,9.455538,5.8198977,1.3986914 
3,1576155200438,8.665181,4.382886,1.21188 
3,1576155200456,7.6257424,2.567461,1.2454102 
3,1576155200479,6.183941,0.4023633,1.2070899 
3,1576155200499,4.3158255,-1.6813037,0.9053174 
3,1576155200520,1.7148341,-3.7985013,0.41194338 
3,1576155200540,-1.3939015,-5.489385,-0.3784131 
3,1576155200559,-5.015171,-6.4186525,-1.4082716 
3,1576155200577,-7.29523,-6.710845,-3.774551 
3,1576155200601,-9.536968,-7.1132083,-5.3408937 
3,1576155200618,-12.942686,-7.094048,-5.350474 
3,1576155200640,-15.074254,-6.706055,-6.255791 
3,1576155200659,-17.11481,-6.480923,-7.151529 
3,1576155200677,-21.224665,-6.09293,-7.1275783 
3,1576155200701,-26.388327,-5.604346,-7.7790236 
3,1576155200721,-32.145954,-4.2439747,-9.148975 
3,1576155200742,-35.762432,-2.6201515,-10.887759 
3,1576155200756,-34.703835,-2.1603076,-10.768008 
3,1576155200780,-30.215569,-2.787803,-8.50711 
3,1576155200796,-25.104595,-3.5494192,-6.844966 
3,1576155200819,-21.334835,-4.148174,-6.2845316 
3,1576155200836,-19.55294,-4.517007,-6.1073003 
3,1576155200857,-17.397423,-5.0822315,-6.782696 
3,1576155200877,-14.202466,-5.728887,-7.6401124 
3,1576155200901,-11.208692,-5.8917484,-6.591094 
3,1576155200920,-8.358619,-5.5564456,-4.4212065 
3,1576155200938,-6.686895,-4.8044095,-2.543511 
3,1576155200962,-4.9433208,-4.1242237,-2.4860303 
3,1576155200981,-3.4631984,-3.3099172,-3.7266505 
3,1576155201002,-1.456172,-2.6536818,-3.8559816 
3,1576155201022,1.8202149,-1.8010547,-1.8106349 
3,1576155201042,6.471343,-0.5556446,0.34009278 
3,1576155201067,10.600357,1.2597803,1.7723145 
3,1576155201081,11.740386,3.7266505,3.4823585 
3,1576155201103,13.081597,5.8677983,3.68354 
3,1576155201128,15.021564,7.1371584,3.7074904 
3,1576155201141,15.87419,7.582632,4.8571 
3,1576155201160,15.170054,7.4197707,5.6282964 
3,1576155201189,12.822935,7.2425394,4.143384 
3,1576155201204,9.78605,7.151529,1.8824854 
3,1576155201223,7.5012016,6.830596,0.25866213 
3,1576155201244,6.375542,6.0210795,-0.52690434 
3,1576155201262,5.934859,4.5888577,-0.5748047 
3,1576155201282,5.2738333,2.7111623,-0.0047900393 
3,1576155201302,3.558999,0.8095166,0.5939649 
3,1576155201319,1.2070899,-0.6179151,0.34967285 
3,1576155201341,-0.732876,-1.9734962,-0.6179151 
3,1576155201359,-2.2944288,-3.300337,-1.6525636 
3,1576155201379,-3.410508,-4.7086086,-2.3758595 
3,1576155201401,-5.364844,-6.217471,-2.692002 
3,1576155201423,-8.602911,-7.1611085,-3.9805226 
3,1576155201443,-12.607384,-7.209009,-6.476133 
3,1576155201461,-16.089743,-6.3228517,-8.238868 
3,1576155201484,-17.991388,-5.977969,-8.655601 
3,1576155201502,-20.994741,-6.10251,-7.558682 
3,1576155201525,-25.679401,-5.4223247,-7.0030375 
3,1576155201545,-29.712614,-4.272715,-8.990904 
3,1576155201562,-32.548317,-3.2189064,-10.715318 
3,1576155201585,-33.17102,-2.7399025,-9.81958 
3,1576155201606,-30.095818,-3.046465,-8.305928 
3,1576155201625,-25.66024,-3.4823585,-7.36708 
3,1576155201645,-22.02939,-3.788921,-6.8114357 
3,1576155201663,-19.67748,-4.018843,-6.6916847 
3,1576155201682,-17.598604,-4.296665,-7.1706886 
3,1576155201706,-14.547349,-4.9241605,-7.7790236 
3,1576155201726,-11.567945,-5.3217335,-6.844966 
3,1576155201747,-8.828042,-5.3169436,-5.264253 
3,1576155201763,-6.816226,-4.8379397,-4.4259963 
3,1576155201785,-5.752837,-4.1242237,-4.061953 
3,1576155201806,-4.5074267,-3.5542092,-3.544629 
3,1576155201822,-3.027305,-2.9937747,-2.5051906 
3,1576155201842,-0.4167334,-2.198628,-2.198628 
3,1576155201862,1.6046631,-1.0250684,-1.4274317 
3,1576155201882,3.046465,0.4023633,0.019160157 
3,1576155201903,6.4186525,1.949546,-0.0047900393 
3,1576155201925,9.651929,3.5254688,1.3939015 
3,1576155201946,12.085269,4.91937,4.406836 
3,1576155201963,14.988033,6.4042826,5.0487013 
3,1576155201983,16.487314,7.6496925,4.6942387 
3,1576155202008,15.524517,8.090376,5.221143 
3,1576155202028,14.279107,8.138277,4.4547367 
3,1576155202048,12.933106,7.937095,2.8740237 
3,1576155202066,11.194322,7.3622904,1.9447559 
3,1576155202085,9.536968,6.437813,1.4992822 
3,1576155202108,7.807764,5.2882032,1.3507911 
3,1576155202127,5.9300685,3.9853127,1.331631 
3,1576155202145,4.397256,2.5914114,0.8813672 
3,1576155202168,3.6404297,0.977168,0.18681154 
3,1576155202188,2.8452833,-0.8813672,-0.14849122 
3,1576155202209,1.331631,-3.1087356,-0.0047900393 
3,1576155202229,-1.3555812,-5.110972,-0.1820215 
3,1576155202246,-4.368516,-6.4042826,-1.3076807 
3,1576155202268,-5.8821683,-7.151529,-3.3721876 
3,1576155202288,-6.471343,-8.258028,-5.4271145 
3,1576155202311,-9.948912,-9.278306,-4.90979 
3,1576155202325,-13.833633,-8.856783,-4.737349 
3,1576155202347,-15.419136,-8.167017,-7.213799 
3,1576155202364,-17.12918,-8.104747,-9.3453665 
3,1576155202386,-21.622238,-8.238868,-9.211246 
3,1576155202407,-28.16543,-7.1467385,-9.249566 
3,1576155202424,-33.640446,-5.345684,-11.500884 
3,1576155202444,-36.37077,-3.9134622,-12.717554 
3,1576155202464,-34.847534,-3.894302,-10.676997 
3,1576155202485,-29.995226,-4.598438,-8.401729 
3,1576155202505,-24.798033,-5.1061816,-7.7071733 
3,1576155202525,-20.975582,-5.388794,-7.6209526 
3,1576155202545,-18.700314,-5.6570363,-7.438931 
3,1576155202566,-16.568747,-6.2605815,-7.5874224 
3,1576155202586,-13.637241,-6.9168167,-8.085587 
3,1576155202606,-10.772799,-7.079678,-7.937095 
3,1576155202627,-9.067544,-7.0126176,-6.0354495 
3,1576155202650,-7.4054008,-6.825806,-4.2439747 
3,1576155202668,-4.8044095,-6.3132715,-4.2248144 
3,1576155202689,-2.572251,-5.479805,-3.8128712 
3,1576155202712,-0.3784131,-4.5840673,-2.2752686 
3,1576155202731,2.0549269,-3.2380664,-0.3879932 
3,1576155202749,4.6607084,-1.465752,1.2741505 
3,1576155202770,7.189849,0.75203615,2.4572902 
3,1576155202790,9.129815,3.2428565,3.4296682 
3,1576155202807,9.82437,5.5947657,4.761299 
3,1576155202827,10.509346,7.31918,5.6905665 
3,1576155202845,12.214601,8.128696,6.06419 
3,1576155202867,13.790523,8.286768,6.356382 
3,1576155202887,13.924644,7.951465,6.5384035 
3,1576155202909,12.545113,7.5970025,5.326524 
3,1576155202930,10.830278,7.2760696,3.3099172 
3,1576155202951,9.172925,6.495293,2.3471193 
3,1576155202972,7.783814,5.2834134,2.304009 
3,1576155202992,6.581514,4.071533,1.8729054 
3,1576155203013,5.264253,2.6584718,1.5519727 
3,1576155203032,3.6212697,1.22625,1.2549903 
3,1576155203052,1.9878663,-0.07664063,0.34967285 
3,1576155203070,-0.100590825,-1.2789404,-0.6227051 
3,1576155203089,-2.2513185,-2.2656887,-2.198628 
3,1576155203113,-4.0044727,-2.7159522,-4.157754 
3,1576155203132,-5.5229154,-3.3721876,-4.9337406 
3,1576155203151,-8.181387,-4.2296047,-3.8511915 
3,1576155203173,-10.609937,-4.517007,-4.071533 
3,1576155203193,-12.832515,-4.358936,-6.4426026 
3,1576155203213,-16.190332,-3.908672,-8.205338 
3,1576155203233,-19.653532,-3.5877395,-8.626861 
3,1576155203253,-23.523882,-3.051255,-8.296348 
3,1576155203273,-26.239836,-2.189048,-9.019644 
3,1576155203293,-27.878029,-1.3555812,-10.744058 
3,1576155203310,-28.768976,-0.7376661,-11.452984 
3,1576155203329,-28.17501,-0.52690434,-10.571617 
3,1576155203348,-25.114176,-0.85741705,-9.287886 
3,1576155203369,-21.492907,-1.3172607,-8.210127 
3,1576155203390,-19.030827,-1.5615528,-7.4006104 
3,1576155203413,-17.426163,-1.7675245,-7.074888 
3,1576155203432,-15.893351,-2.179468,-6.964717 
3,1576155203454,-13.541441,-2.672842,-6.6773148 
3,1576155203472,-10.686578,-3.1135256,-5.733677 
3,1576155203490,-8.2197075,-2.9794044,-5.125342 
3,1576155203515,-6.9024467,-2.5291407,-4.368516 
3,1576155203535,-6.1312504,-2.3375392,-2.7590625 
3,1576155203554,-4.157754,-2.1650977,-1.6286134 
3,1576155203573,-1.3843213,-1.6238233,-0.9867481 
3,1576155203595,1.341211,-0.62749517,-0.6562354 
3,1576155203616,3.300337,0.7424561,-0.79993653 
3,1576155203635,4.282295,2.7255323,-0.74724615 
3,1576155203655,6.2270513,4.4738965,0.4023633 
3,1576155203673,9.077125,5.977969,2.4141798 
3,1576155203696,10.408755,7.6401124,3.7170706 
3,1576155203716,10.724898,9.254355,3.1278956 
3,1576155203737,11.927197,10.001602,2.1650977 
3,1576155203756,12.559483,9.508228,3.4584084 
3,1576155203773,12.933106,8.713081,4.2296047 
3,1576155203795,13.661192,7.8269243,3.544629 
3,1576155203816,12.722344,6.6437845,2.5147705 
3,1576155203832,10.011182,5.221143,1.9639161 
3,1576155203853,7.434141,3.4871485,2.1267774 
3,1576155203872,5.6522465,1.4034815,1.954336 
3,1576155203892,4.3637257,-0.7089258,1.2597803 
3,1576155203915,2.7063723,-2.9937747,0.7807764 
3,1576155203935,0.4406836,-5.149292,0.5556446 
3,1576155203956,-2.2321582,-6.8928666,-0.5029541 
3,1576155203976,-5.767207,-7.8748245,-2.2369483 
3,1576155203996,-9.335787,-7.879615,-4.5313773 
3,1576155204015,-11.529625,-7.453301,-7.0030375 
3,1576155204037,-13.397739,-7.4580913,-7.0269876 
3,1576155204054,-16.219072,-7.3527102,-6.480923 
3,1576155204076,-19.802023,-6.552774,-8.032896 
3,1576155204093,-23.600523,-5.3025737,-9.843531 
3,1576155204117,-26.546398,-4.406836,-10.997931 
3,1576155204136,-29.2384,-3.6021094,-11.668535 
3,1576155204158,-30.766422,-2.8979738,-11.261382 
3,1576155204178,-30.191618,-2.4956105,-10.154883 
3,1576155204198,-27.432554,-2.5530908,-9.158555 
3,1576155204219,-23.605314,-2.8836036,-8.387359 
3,1576155204235,-20.194805,-3.3721876,-7.4006104 
3,1576155204256,-17.929117,-3.8799317,-6.638994 
3,1576155204278,-15.941251,-4.4834766,-6.782696 
3,1576155204298,-13.330679,-4.905,-7.1371584 
3,1576155204328,-10.806329,-4.9002104,-7.6353226 
3,1576155204336,-9.287886,-4.82357,-6.696475 
3,1576155204354,-7.3862405,-4.8187795,-4.87147 
3,1576155204374,-5.6570363,-4.488267,-2.9698243 
3,1576155204395,-3.7074904,-3.8272414,-2.1698878 
3,1576155204418,-1.2549903,-2.787803,-2.7303224 
3,1576155204438,0.24908204,-1.4226416,-2.936294 
3,1576155204457,1.0777588,-0.086220704,-1.6046631 
3,1576155204478,3.2524366,1.0825489,-0.07664063 
3,1576155204497,6.8018556,2.4525,1.1975098 
3,1576155204520,9.843531,4.3397756,2.8931837 
3,1576155204539,11.884088,6.452183,4.0811133 
3,1576155204559,13.838424,8.181387,4.253555 
3,1576155204577,14.509029,9.3309965,3.7027004 
3,1576155204600,14.111456,9.829161,3.1183155 
3,1576155204622,13.622871,9.407638,2.7111623 
3,1576155204641,12.315191,8.617281,2.44292 
3,1576155204660,10.485396,7.812554,1.9016455 
3,1576155204679,8.52627,6.864126,1.4513819 
3,1576155204701,6.8976564,5.728887,1.2166699 
3,1576155204725,5.9013286,4.239185,1.1639795 
3,1576155204739,4.7086086,2.5195606,1.2406201 
3,1576155204758,3.1997461,0.852627,1.0394385 
3,1576155204783,1.6142433,-0.7568262,0.67539555 
3,1576155204797,0.43110353,-2.42855,0.023950197 
3,1576155204816,-0.4742139,-4.167334,-0.90052736 
3,1576155204843,-2.0932472,-5.886958,-1.2454102 
3,1576155204856,-5.206773,-7.175479,-1.4322218 
3,1576155204877,-8.50711,-7.822134,-3.5733693 
3,1576155204898,-11.898458,-7.544312,-7.0078273 
3,1576155204918,-15.744859,-6.456973,-9.733359 
3,1576155204941,-18.537453,-5.767207,-10.413546 
3,1576155204962,-21.655767,-5.6761966,-9.422008 
3,1576155204979,-25.722511,-5.0487013,-9.905801 
3,1576155205002,-30.718521,-3.6691701,-11.9128275 
3,1576155205023,-34.651146,-2.3662794,-13.560601 
3,1576155205043,-33.424892,-2.3135889,-13.785733 
3,1576155205063,-29.075539,-2.9889846,-11.381133 
3,1576155205080,-24.663912,-3.539839,-8.473579 
3,1576155205100,-20.841461,-4.3254056,-7.5299416 
3,1576155205123,-19.41882,-5.0678616,-7.438931 
3,1576155205142,-19.897823,-5.249883,-8.765772 
3,1576155205163,-17.775835,-5.839058,-10.686578 
3,1576155205183,-12.23855,-7.27128,-10.4566555 
3,1576155205204,-7.4964113,-7.798184,-6.912027 
3,1576155205223,-4.1050634,-7.5970025,-3.5781593 
3,1576155205243,-1.6094532,-6.672525,-2.184258 
3,1576155205262,0.7807764,-5.4510646,-1.3555812 
3,1576155205282,3.5494192,-3.7937112,-0.038320314 
3,1576155205303,6.351592,-1.5998731,0.31135255 
3,1576155205325,7.726333,0.9963282,1.465752 
3,1576155205339,8.952583,3.2811768,3.3817677 
3,1576155205363,10.98835,5.2977834,4.2056546 
3,1576155205380,12.827725,7.089258,3.774551 
3,1576155205401,13.785733,8.281978,3.6500099 
3,1576155205420,14.331798,8.5598,4.2152348 
3,1576155205463,14.398858,8.51669,3.5877395 
3,1576155205465,13.196558,8.358619,2.198628 
3,1576155205479,10.916499,8.143066,1.2502003 
3,1576155205499,8.780142,7.5970025,0.9484278 
3,1576155205520,7.185059,6.696475,0.9627979 
3,1576155205541,6.3132715,5.345684,0.8143067 
3,1576155205561,5.489385,3.7362306,0.63707525 
3,1576155205584,4.2152348,2.1411476,0.364043 
3,1576155205602,3.0416749,0.488584,0.009580079 
3,1576155205625,1.949546,-1.2981006,-0.34488282 
3,1576155205646,0.38320315,-3.3386574,-0.8095166 
3,1576155205665,-1.22625,-5.350474,-1.3986914 
3,1576155205683,-2.9698243,-7.1132083,-2.304009 
3,1576155205725,-5.3935843,-8.56459,-3.5110989 
3,1576155205729,-8.291558,-9.73815,-4.775669 
3,1576155205740,-10.116563,-10.720108,-6.926397 
3,1576155205759,-13.206139,-11.884088,-8.358619 
3,1576155205780,-21.191133,-10.873389,-7.917935 
3,1576155205799,-25.147707,-9.551338,-10.360855 
3,1576155205820,-26.752369,-9.134604,-11.620635 
3,1576155205840,-30.359268,-8.650811,-11.06978 
3,1576155205860,-33.95659,-7.4772515,-11.242222 
3,1576155205881,-34.967285,-6.375542,-11.179952 
3,1576155205901,-31.58552,-6.4042826,-10.830278 
3,1576155205925,-26.053024,-7.1132083,-10.0063925 
3,1576155205946,-21.473745,-7.462881,-8.377779 
3,1576155205967,-18.618883,-7.5970025,-7.1706886 
3,1576155205988,-16.190332,-7.7598634,-7.6161623 
3,1576155206007,-13.886324,-7.932305,-9.129815 
3,1576155206025,-11.5823145,-8.440049,-9.369317 
3,1576155206046,-8.966953,-8.50711,-7.5874224 
3,1576155206068,-5.738467,-8.052056,-5.8821683 
3,1576155206086,-2.548301,-7.1611085,-4.1050634 
3,1576155206108,-0.46942386,-5.7767873,-2.3566992 
3,1576155206127,1.3172607,-3.9565725,-2.2321582 
3,1576155206145,3.530259,-2.078877,-1.456172 
3,1576155206168,5.589976,0.07185059,1.5950831 
3,1576155206188,7.7407036,2.548301,3.2284865 
3,1576155206209,9.287886,5.120552,2.9985645 
3,1576155206225,10.820699,7.1323686,2.3806496 
3,1576155206247,11.591895,8.349038,2.3471193 
3,1576155206268,11.553575,8.832832,2.9937747 
3,1576155206287,11.970308,8.885523,2.4716604 
3,1576155206308,12.037369,8.746612,1.7339942 
3,1576155206329,11.02188,8.49753,1.2981006 
3,1576155206344,9.848321,7.975415,1.3172607 
3,1576155206364,8.871153,7.1706886,1.4226416 
3,1576155206385,7.941885,6.09293,1.5950831 
3,1576155206405,7.0030375,4.756509,1.9878663 
3,1576155206425,5.9396486,3.3147073,2.0357666 
3,1576155206448,4.6654983,1.6717237,1.695674 
3,1576155206466,2.931504,0.033530276,1.1112891 
3,1576155206486,1.2022998,-1.5519727,-0.009580079 
3,1576155206509,-0.7089258,-3.1997461,-1.1975098 
3,1576155206529,-3.051255,-4.5888577,-2.2848487 
3,1576155206550,-5.369634,-5.704937,-3.410508 
3,1576155206568,-7.9227247,-6.495293,-4.4547367 
3,1576155206590,-10.083033,-6.672525,-6.4090724 
3,1576155206609,-10.97398,-7.4101906,-8.310719 
3,1576155206631,-11.596685,-8.842413,-8.679551 
3,1576155206651,-16.329245,-9.5561285,-8.200547 
3,1576155206670,-24.750134,-7.8029737,-8.473579 
3,1576155206688,-28.333082,-6.255791,-11.400293 
3,1576155206711,-27.379864,-6.6821046,-14.504239 
3,1576155206731,-30.330528,-6.2605815,-13.675562 
3,1576155206752,-33.180603,-4.9433208,-11.951148 
3,1576155206772,-30.785582,-4.5936475,-11.452984 
3,1576155206789,-25.267458,-5.225933,-10.471025 
3,1576155206809,-21.253405,-5.6714063,-8.823253 
3,1576155206827,-18.647623,-5.829478,-8.53106 
3,1576155206848,-16.314875,-6.1935205,-8.722662 
3,1576155206870,-14.140196,-6.6581545,-8.157437 
3,1576155206887,-11.227852,-6.964717,-7.951465 
3,1576155206907,-8.799302,-6.926397,-7.070098 
3,1576155206929,-6.456973,-6.342012,-5.7815776 
3,1576155206950,-3.9853127,-5.3025737,-5.149292 
3,1576155206968,-2.4956105,-4.133804,-3.7985013 
3,1576155206991,-1.3172607,-3.0799952,-1.8106349 
3,1576155207009,0.852627,-2.1028273,-0.3065625 
3,1576155207032,3.3338673,-0.5221143,1.4753321 
3,1576155207053,6.1456203,1.3795313,3.166216 
3,1576155207072,9.608819,3.2859669,3.4248781 
3,1576155207091,11.955938,5.364844,2.7494826 
3,1576155207112,13.062437,6.864126,2.7734327 
3,1576155207131,14.039605,7.553892,3.4009278 
3,1576155207152,14.269527,7.8844047,3.4871485 
3,1576155207173,13.718673,7.951465,2.9889846 
3,1576155207193,12.751084,7.573052,2.682422 
3,1576155207213,11.529625,6.969507,2.562671 
3,1576155207232,10.169253,6.1073003,2.3902297 
3,1576155207254,8.344249,5.0678616,2.5866213 
3,1576155207272,6.5384035,3.8224514,2.5530908 
3,1576155207291,5.206773,2.179468,2.208208 
3,1576155207312,3.9469924,0.16765137,1.8010547 
3,1576155207335,2.4764502,-1.8537452,1.0154883 
3,1576155207350,1.0011182,-3.8607717,-0.23950197 
3,1576155207373,-0.7185059,-5.5660257,-1.6046631 
3,1576155207390,-2.7111623,-7.1275783,-2.9794044 
3,1576155207410,-4.761299,-8.722662,-4.526587 
3,1576155207431,-8.3250885,-10.370435,-5.728887 
3,1576155207452,-18.202148,-8.832832,-3.999683 
3,1576155207475,-24.20407,-5.005591,-5.269043 
3,1576155207492,-21.138443,-4.1002736,-9.637559 
3,1576155207515,-18.408121,-5.4366946,-8.080796 
3,1576155207535,-20.118164,-6.05461,-4.1625443 
3,1576155207554,-23.595734,-5.7001467,-6.964717 
3,1576155207573,-27.648108,-4.5074267,-13.41211 
3,1576155207596,-30.708942,-3.4296682,-14.60483 
3,1576155207615,-29.065958,-3.774551,-11.160791 
3,1576155207636,-23.940617,-4.737349,-7.893985 
3,1576155207656,-20.271446,-4.9624805,-5.8677983 
3,1576155207675,-18.063238,-4.86189,-5.4271145 
3,1576155207693,-16.765137,-4.5696974,-5.9635987 
3,1576155207713,-15.548468,-4.3158255,-6.595884 
3,1576155207736,-13.651612,-4.071533,-6.5719337 
3,1576155207755,-11.103311,-3.6739602,-5.829478 
3,1576155207776,-9.010064,-3.0847852,-4.6511283 
3,1576155207795,-7.846084,-2.4141798,-3.6212697 
3,1576155207815,-7.103628,-1.8058448,-2.8261232 
3,1576155207841,-6.2653713,-1.3843213,-2.4764502 
3,1576155207852,-5.1157618,-1.2454102,-2.6488917 
3,1576155207873,-4.3206153,-1.0298585,-2.5962012 
3,1576155207892,-2.8931837,-0.76161623,-2.2704787 
3,1576155207912,-0.9963282,-0.30177248,-1.9255958 
3,1576155207933,0.8430469,0.57959473,-1.5567628 
3,1576155207956,2.816543,2.064507,-0.5987549 
3,1576155207977,5.604346,3.6548,0.47900394 
3,1576155207997,8.698711,5.6522465,0.7089258 
3,1576155208016,11.500884,7.577842,0.2921924 
3,1576155208037,14.015655,8.602911,0.9867481 
3,1576155208057,15.591578,8.933423,2.8404932 
3,1576155208077,15.740069,8.722662,4.416416 
3,1576155208096,14.293477,8.234077,4.6271777 
3,1576155208117,12.20981,7.6305327,3.9326222 
3,1576155208136,9.929751,6.926397,3.0608351 
3,1576155208157,7.7502837,6.0450296,2.2800586 
3,1576155208176,6.13604,4.991221,1.3939015 
3,1576155208199,5.134922,3.5925295,0.60833496 
3,1576155208219,4.287085,2.0453467,0.014370117 
3,1576155208239,3.0033545,0.46463382,-0.3544629 
3,1576155208259,1.2885206,-0.9963282,-0.42152345 
3,1576155208277,-0.68018556,-2.5004005,-0.5221143 
3,1576155208296,-2.787803,-3.7937112,-0.7185059 
3,1576155208317,-4.4738965,-4.87147,-2.2273684 
3,1576155208339,-6.0833497,-5.637876,-4.0427933 
3,1576155208355,-8.123906,-6.13604,-5.633086 
3,1576155208374,-10.202784,-7.1706886,-6.7491655 
3,1576155208395,-13.301939,-8.004155,-7.448511 
3,1576155208415,-17.04775,-7.9706254,-9.010064 
3,1576155208443,-21.243824,-7.2521195,-10.451866 
3,1576155208455,-26.86733,-6.0689797,-11.491304 
3,1576155208477,-32.174694,-4.517007,-12.794195 
3,1576155208505,-34.36853,-3.276387,-14.068345 
3,1576155208515,-33.06564,-2.9410841,-13.38816 
3,1576155208534,-28.989317,-3.0129347,-11.280542 
3,1576155208555,-23.552624,-3.3530276,-9.77168 
3,1576155208574,-19.370918,-3.4919386,-8.6077 
3,1576155208596,-16.918419,-3.415298,-8.047266 
3,1576155208620,-14.829962,-3.4631984,-8.339458 
3,1576155208638,-12.17149,-3.803291,-8.53585 
3,1576155208658,-8.780142,-4.3206153,-7.582632 
3,1576155208679,-6.7635355,-3.9901028,-5.245093 
3,1576155208697,-5.024751,-3.4919386,-4.138594 
3,1576155208721,-3.5110989,-2.8452833,-4.095484 
3,1576155208739,-2.687212,-2.193838,-3.295547 
3,1576155208762,-1.4226416,-1.7866846,-2.0453467 
3,1576155208782,1.1256592,-1.0777588,-0.6945557 
3,1576155208799,3.6979103,0.29698244,0.47900394 
3,1576155208820,6.3228517,2.184258,1.8585353 
3,1576155208838,9.364527,4.287085,3.6068995 
3,1576155208858,11.4625635,6.3994923,5.2355127 
3,1576155208880,11.955938,8.119117,6.1695704 
3,1576155208898,11.716436,9.163345,5.738467 
3,1576155208918,11.529625,9.522598,4.617598 
3,1576155208938,11.692486,9.259146,3.6883302 
3,1576155208960,11.563155,8.55501,3.3673975 
3,1576155208980,10.408755,7.6209526,2.9458742 
3,1576155209002,8.4448395,6.6485744,2.2513185 
3,1576155209022,6.6437845,5.5660257,1.7962648 
3,1576155209041,5.3792143,4.263135,1.6525636 
3,1576155209062,4.152964,2.7590625,1.5950831 
3,1576155209080,2.7830129,1.0825489,1.4130616 
3,1576155209101,1.3172607,-0.6658155,1.101709 
3,1576155209120,-0.3784131,-2.0357666,0.5748047 
3,1576155209141,-2.0213966,-3.0416749,-0.8669971 
3,1576155209163,-3.8272414,-3.8799317,-2.2369483 
3,1576155209183,-6.5048733,-4.397256,-2.562671 
3,1576155209203,-8.56459,-4.3301954,-4.267925 
3,1576155209222,-10.001602,-3.9517825,-6.662945 
3,1576155209243,-12.152329,-3.9565725,-8.703502 
3,1576155209262,-15.9652,-3.788921,-9.398057 
3,1576155209282,-19.49067,-2.7542725,-10.0063925 
3,1576155209301,-21.627028,-1.9351759,-12.506792 
3,1576155209321,-24.946524,-1.1400293,-14.274317 
3,1576155209340,-28.414513,-0.488584,-14.738951 
3,1576155209360,-29.822784,0.06706055,-14.418018 
3,1576155209383,-27.964249,0.09101075,-12.377461 
3,1576155209400,-24.35735,-0.26345217,-9.503438 
3,1576155209420,-20.635489,-0.5508545,-8.052056 
3,1576155209442,-17.919537,-0.62749517,-8.061636 
3,1576155209462,-15.730489,-0.7759864,-8.669971 
3,1576155209482,-13.594131,-1.1112891,-8.583751 
3,1576155209501,-11.247012,-1.6286134,-7.6496925 
3,1576155209524,-9.086704,-1.8872755,-6.6198344 
3,1576155209542,-7.2569094,-2.064507,-6.447393 
3,1576155209565,-5.824688,-2.2513185,-5.982759 
3,1576155209586,-4.0811133,-2.3375392,-4.8283596 
3,1576155209606,-1.456172,-2.198628,-3.0943654 
3,1576155209626,1.1160791,-1.6908839,-0.7232959 
3,1576155209646,3.175796,-0.5221143,1.21188 
3,1576155209666,5.326524,1.2358302,2.2465284 
3,1576155209685,6.715635,3.2524366,2.811753 
3,1576155209702,7.1419487,5.518125,4.679868 
3,1576155209726,8.181387,7.443721,6.0114994 
3,1576155209750,9.402847,8.885523,5.6282964 
3,1576155209767,9.939331,10.063872,4.5313773 
3,1576155209787,9.972861,10.590776,3.66438 
3,1576155209805,10.308165,10.499766,3.027305 
3,1576155209827,10.437495,9.972861,2.5147705 
3,1576155209848,10.054293,9.072334,2.42855 
3,1576155209862,9.201666,7.9466753,2.5147705 
3,1576155209882,7.7598634,6.6677346,2.3854396 
3,1576155209902,6.1552005,5.254673,1.7675245 
3,1576155209923,4.9385304,3.8176613,1.0059083 
3,1576155209946,3.7218604,2.2656887,0.7089258 
3,1576155209965,2.208208,0.5987549,0.6706055 
3,1576155209985,0.09101075,-0.75203615,0.7807764 
3,1576155210007,-1.6046631,-1.8681153,0.36883304 
3,1576155210028,-2.8404932,-2.9889846,-1.585503 
3,1576155210049,-5.518125,-3.899092,-4.1050634 
3,1576155210068,-11.342813,-3.290757,-5.5468655 
3,1576155210088,-15.112574,-1.1112891,-7.1467385 
3,1576155210106,-13.570181,-0.57959473,-8.464 
3,1576155210126,-13.551021,-0.7089258,-6.8114357 
3,1576155210146,-16.123272,-0.31135255,-5.278623 
3,1576155210168,-19.303858,0.17244141,-6.600674 
3,1576155210189,-23.902296,1.0585986,-8.938213 
3,1576155210209,-26.311686,1.719624,-11.02188 
3,1576155210229,-26.105715,1.4226416,-10.322535 
3,1576155210249,-26.000334,1.0729688,-7.683223 
3,1576155210268,-24.659122,0.8430469,-6.835386 
3,1576155210287,-21.737198,0.4263135,-7.055728 
3,1576155210309,-19.921774,0.043110352,-6.2989016 
3,1576155210328,-18.681152,-0.29698244,-5.992339 
3,1576155210345,-16.592695,-0.847837,-6.3947024 
3,1576155210365,-13.958175,-1.5950831,-6.2797413 
3,1576155210386,-11.127261,-2.2608986,-5.6809864 
3,1576155210406,-8.799302,-2.7159522,-4.4595265 
3,1576155210425,-6.5479836,-3.1039455,-3.300337 
3,1576155210450,-3.8416114,-3.1614258,-2.8213332 
3,1576155210469,-1.590293,-2.682422,-2.2369483 
3,1576155210489,-0.014370117,-1.6621436,-1.6525636 
3,1576155210509,2.0501368,-0.34009278,-1.0633887 
3,1576155210528,5.4462748,1.3986914,-0.39757326 
3,1576155210549,9.1202345,3.410508,0.8382569 
3,1576155210568,11.778707,5.2115626,3.032095 
3,1576155210588,14.164146,6.567144,5.494175 
3,1576155210611,16.511265,7.4101906,6.255791 
3,1576155210631,17.00943,7.7359133,7.0988383 
3,1576155210652,15.634688,7.822134,7.453301 
3,1576155210671,14.149776,7.4820414,6.720425 
3,1576155210690,12.583433,6.6102543,5.6666164 
3,1576155210712,10.820699,5.5708156,4.7325587 
3,1576155210732,9.168135,4.3397756,3.415298 
3,1576155210752,7.4054008,2.8836036,2.3423293 
3,1576155210772,5.494175,1.2022998,1.7244141 
3,1576155210792,3.9805226,-0.5939649,1.2933106 
3,1576155210811,2.6345215,-2.5578809,0.68018556 
3,1576155210831,1.1639795,-4.5696974,-0.18681154 
3,1576155210848,-0.37362307,-6.5000834,-1.1496094 
3,1576155210867,-2.7782228,-8.157437,-2.548301 
3,1576155210887,-6.4426026,-9.048384,-4.133804 
3,1576155210907,-8.899893,-9.460327,-6.543194 
3,1576155210928,-10.863809,-9.7142,-8.976534 
3,1576155210950,-14.408438,-9.378897,-10.581197 
3,1576155210972,-19.380499,-8.813672,-10.236314 
3,1576155210992,-24.141798,-8.49274,-9.69504 
3,1576155211012,-29.15697,-7.941885,-9.671089 
3,1576155211029,-34.08592,-6.945557,-11.136841 
3,1576155211053,-37.96585,-5.815108,-11.567945 
3,1576155211073,-37.194656,-5.5372853,-10.657837 
3,1576155211093,-31.77712,-6.361172,-8.717872 
3,1576155211111,-25.65545,-7.0269876,-7.1371584 
3,1576155211131,-21.478537,-7.2425394,-6.9934573 
3,1576155211154,-18.657204,-7.34313,-7.9466753 
3,1576155211172,-15.720909,-7.654483,-8.943004 
3,1576155211193,-12.18107,-8.425679,-9.0148535 
3,1576155211214,-7.903565,-8.57417,-8.138277 
3,1576155211235,-5.2882032,-7.391031,-6.2941117 
3,1576155211254,-4.157754,-6.303692,-4.5792775 
3,1576155211273,-1.3507911,-5.3792143,-4.5936475 
3,1576155211291,2.3471193,-4.1242237,-4.4691067 
3,1576155211313,5.3313136,-2.3375392,-3.175796 
3,1576155211334,8.947793,-0.40715334,-0.57959473 
3,1576155211351,13.105548,1.456172,3.396138 
3,1576155211370,16.908838,3.4967287,7.2664895 
3,1576155211391,18.958975,5.3552637,8.57417 
3,1576155211410,17.828526,6.447393,8.861572 
3,1576155211430,15.371236,6.351592,8.665181 
3,1576155211453,13.40732,5.704937,7.2329593 
3,1576155211475,11.476934,4.775669,5.221143 
3,1576155211493,9.455538,3.7122805,3.4631984 
3,1576155211514,7.592212,2.4668703,2.2129982 
3,1576155211532,5.872588,0.85741705,1.0106983 
3,1576155211556,4.018843,-0.7664063,0.44547364 
3,1576155211573,2.1076174,-2.6584718,0.09101075 
3,1576155211596,0.28261232,-4.9145803,-0.52690434 
3,1576155211616,-1.9974464,-7.103628,-1.3268409 
3,1576155211636,-4.493057,-9.086704,-2.7351124 
3,1576155211657,-6.576724,-10.700948,-4.9576907 
3,1576155211675,-10.916499,-11.515254,-5.7719975 
3,1576155211694,-15.83587,-10.346485,-6.576724 
3,1576155211716,-16.851358,-9.599238,-8.909473 
3,1576155211736,-17.957857,-10.044712,-9.139395 
3,1576155211756,-22.934708,-9.944121,-6.9790874 
3,1576155211776,-29.794044,-8.655601,-7.664063 
3,1576155211795,-35.029556,-6.7300053,-12.463682 
3,1576155211814,-37.137173,-5.6666164,-14.997613 
3,1576155211834,-34.12424,-6.2605815,-12.525952 
3,1576155211855,-27.346334,-7.6161623,-8.851993 
3,1576155211873,-22.340744,-7.941885,-6.5192432 
3,1576155211892,-20.017574,-7.7071733,-6.361172 
3,1576155211913,-18.518291,-7.5299416,-7.7407036 
3,1576155211933,-16.391514,-7.5155716,-9.359736 
3,1576155211957,-13.800103,-8.243657,-9.613608 
3,1576155211977,-11.03625,-8.933423,-7.36708 
3,1576155211996,-8.454419,-8.49274,-5.7959476 
3,1576155212015,-5.704937,-7.793394,-5.5516553 
3,1576155212042,-2.936294,-6.7395854,-4.7948294 
3,1576155212058,-0.038320314,-5.5516553,-2.672842 
3,1576155212077,1.8345851,-3.8559816,-0.8430469 
3,1576155212102,3.6116896,-1.7675245,-0.9915381 
3,1576155212117,7.28565,0.17723145,-1.1879297 
3,1576155212137,10.236314,1.6621436,1.6334034 
3,1576155212165,11.678116,3.3817677,4.536167 
3,1576155212178,15.107784,4.9337406,4.8571 
3,1576155212199,18.633253,5.858218,5.704937 
3,1576155212219,19.232008,6.006709,8.162227 
3,1576155212239,17.699196,5.752837,8.784932 
3,1576155212259,15.591578,5.3408937,6.840176 
3,1576155212277,13.177398,4.6654983,4.517007 
3,1576155212299,12.013418,3.271597,3.1135256 
3,1576155212320,11.749967,1.3220508,2.1363575 
3,1576155212338,9.283096,-0.81909674,1.5471827 
3,1576155212364,5.613926,-3.295547,1.1735597 
3,1576155212375,1.9830762,-5.944439,0.033530276 
3,1576155212399,-1.9016455,-8.195757,-1.7675245 
3,1576155212415,-5.6282964,-9.627979,-3.8464015 
3,1576155212435,-8.229287,-10.499766,-5.752837 
3,1576155212456,-11.156001,-10.9069195,-6.710845 
3,1576155212479,-14.815592,-10.629097,-6.945557 
3,1576155212499,-17.895586,-10.245894,-6.7635355 
3,1576155212519,-23.16942,-8.636441,-7.103628 
3,1576155212540,-28.692335,-6.3851223,-8.281978 
3,1576155212559,-32.395035,-4.742139,-8.990904 
3,1576155212579,-34.655933,-3.6308498,-8.689131 
3,1576155212601,-34.07155,-3.0704153,-9.010064 
3,1576155212621,-31.255007,-3.0943654,-9.230406 
3,1576155212641,-26.579927,-3.7649708,-8.6077 
3,1576155212662,-21.636608,-4.5744877,-7.34313 
3,1576155212680,-18.887125,-4.9145803,-5.8438478 
3,1576155212699,-17.608185,-4.87147,-5.4271145 
3,1576155212722,-16.214283,-5.000801,-6.212681 
3,1576155212742,-14.806011,-5.4271145,-6.361172 
3,1576155212762,-13.009747,-5.604346,-6.1552005 
3,1576155212782,-10.073453,-5.738467,-5.6426663 
3,1576155212802,-6.6437845,-5.6522465,-3.7362306 
3,1576155212820,-3.0368848,-5.2929935,-1.9112257 
3,1576155212841,-0.7185059,-4.368516,-1.7675245 
3,1576155212867,-0.16286133,-2.4908204,-3.0129347 
3,1576155212880,2.074087,-0.75203615,-4.497847 
3,1576155212900,6.5336137,0.30177248,-2.9410841 
3,1576155212918,11.381133,1.6621436,1.0106983 
3,1576155212938,17.344732,3.4584084,3.908672 
3,1576155212959,21.90485,4.88584,5.4510646 
3,1576155212982,21.128862,6.10251,7.7646537 
3,1576155213002,18.475182,6.337222,8.976534 
3,1576155213023,15.543677,5.724097,9.187295 
3,1576155213043,12.343931,4.6607084,7.726333 
3,1576155213063,9.287886,3.4536183,4.9529004 
3,1576155213083,6.0402393,1.8489552,3.0177248 
3,1576155213102,2.7351124,0.5987549,2.2465284 
3,1576155213121,0.7232959,-0.27303225,0.7041358 
3,1576155213140,0.23471193,-1.4274317,-0.71371585 
3,1576155213163,-0.5556446,-3.1087356,-0.68976563 
3,1576155213180,-2.6441016,-4.641548,-0.3161426 
3,1576155213204,-5.221143,-5.360054,-1.4897022 
3,1576155213225,-6.6916847,-6.0210795,-3.8895118 
3,1576155213243,-9.402847,-6.6533647,-5.336104 
3,1576155213264,-13.028907,-6.9311867,-6.2941117 
3,1576155213282,-16.563955,-6.605464,-7.573052 
3,1576155213305,-20.012785,-6.016289,-8.861572 
3,1576155213322,-24.37172,-5.2738333,-9.632769 
3,1576155213346,-29.856316,-3.8559816,-10.811119 
3,1576155213366,-33.448845,-2.2465284,-12.492422 
3,1576155213380,-34.11466,-1.3172607,-12.612173 
3,1576155213401,-32.562687,-1.2454102,-10.413546 
3,1576155213422,-27.796598,-2.0405567,-8.837623 
3,1576155213441,-23.10715,-2.8692336,-7.7646537 
3,1576155213461,-20.276236,-3.4536183,-6.734795 
3,1576155213483,-18.12551,-4.0571632,-6.758745 
3,1576155213502,-14.873072,-4.8044095,-7.6113725 
3,1576155213524,-11.419454,-5.5708156,-7.429351 
3,1576155213545,-8.52148,-5.767207,-6.452183 
3,1576155213563,-7.1275783,-5.465435,-5.2929935 
3,1576155213585,-5.7767873,-5.1636624,-4.5074267 
3,1576155213603,-3.3338673,-4.756509,-3.5685792 
3,1576155213626,-0.086220704,-3.9278321,-2.4956105 
3,1576155213646,2.3135889,-2.2417383,0.0047900393 
3,1576155213668,4.8427296,0.05748047,2.4141798 
3,1576155213685,8.190968,2.8596535,2.562671 
3,1576155213704,10.99314,5.527705,2.4620802 
3,1576155213727,12.842095,6.945557,4.1864944 
3,1576155213747,13.924644,7.683223,5.0678616 
3,1576155213767,14.006075,8.396939,3.439248 
3,1576155213786,13.843213,8.468789,1.6381935 
3,1576155213807,13.790523,7.975415,1.1160791 
3,1576155213825,13.052857,7.2904396,1.4465919 
3,1576155213842,12.27208,6.6821046,0.53169435 
3,1576155213865,11.170372,5.6714063,-0.2921924 
3,1576155213883,9.038804,4.3445654,-0.009580079 
3,1576155213907,7.29523,2.682422,0.5125342 
3,1576155213923,6.3707523,0.6945557,0.5412744 
3,1576155213942,5.010381,-1.5471827,0.53169435 
3,1576155213965,3.027305,-3.779341,0.05748047 
3,1576155213984,0.45505372,-5.8677983,-0.7807764 
3,1576155214008,-3.7027004,-7.3622904,-0.4406836 
3,1576155214027,-7.534732,-7.8652444,-1.2310401 
3,1576155214048,-9.517808,-7.8412943,-3.7506008 
3,1576155214069,-12.2433405,-7.8556643,-5.3025737 
3,1576155214089,-15.649058,-7.391031,-6.7491655 
3,1576155214108,-18.690733,-6.6198344,-9.0004835 
3,1576155214126,-24.012466,-5.369634,-9.412427 
3,1576155214149,-28.625275,-3.9134622,-9.407638 
3,1576155214170,-32.160324,-2.7303224,-9.584868 
3,1576155214189,-34.35416,-1.9830762,-9.766891 
3,1576155214209,-34.18172,-1.7387843,-9.613608 
3,1576155214229,-31.044245,-2.1171973,-9.019644 
3,1576155214249,-25.463848,-3.151846,-8.085587 
3,1576155214269,-21.286934,-4.157754,-6.3084817 
3,1576155214287,-18.820065,-4.766089,-5.6666164 
3,1576155214307,-15.955621,-4.9864306,-6.998247 
3,1576155214327,-12.765454,-5.3313136,-7.573052 
3,1576155214349,-10.437495,-5.6905665,-5.9061184 
3,1576155214369,-8.214917,-6.0306597,-4.157754 
3,1576155214387,-5.8917484,-5.733677,-3.0704153 
3,1576155214407,-3.3051271,-4.761299,-3.1422658 
3,1576155214425,-0.85741705,-3.908672,-3.1470559 
3,1576155214445,1.7914747,-2.926714,-2.907554 
3,1576155214467,6.13604,-1.5471827,-1.8345851 
3,1576155214489,11.888878,0.25866213,1.1975098 
3,1576155214508,17.220192,2.672842,4.8331494 
3,1576155214527,19.093096,5.398374,7.462881 
3,1576155214549,18.3698,7.5012016,7.3383403 
3,1576155214570,16.223864,8.147857,7.1323686 
3,1576155214590,14.259947,7.7550735,6.471343 
3,1576155214607,13.0384865,7.0221977,4.287085 
3,1576155214625,11.395503,6.07856,2.3135889 
3,1576155214645,8.966953,5.0822315,1.4274317 
3,1576155214666,6.734795,4.1146436,1.341211 
3,1576155214686,5.4414845,2.7973828,1.465752 
3,1576155214706,4.2200246,1.1687696,1.4370118 
3,1576155214731,2.5147705,-0.43110353,1.0585986 
3,1576155214751,0.028740235,-1.7579445,0.39757326 
3,1576155214769,-2.44771,-2.816543,-0.364043 
3,1576155214789,-3.7218604,-3.5973196,-1.4944923 
3,1576155214811,-3.999683,-4.5457473,-2.9506643 
3,1576155214829,-5.5229154,-5.7911572,-3.5973196 
3,1576155214850,-9.129815,-6.4905033,-4.248765 
3,1576155214871,-13.38816,-6.11209,-6.9168167 
3,1576155214887,-17.699196,-5.1732426,-10.4566555 
3,1576155214910,-22.00065,-4.191284,-11.874507 
3,1576155214928,-24.941734,-3.6404297,-11.03625 
3,1576155214948,-27.490036,-3.2428565,-10.700948 
3,1576155214972,-29.736565,-2.6584718,-11.668535 
3,1576155214990,-30.61314,-1.9255958,-11.908037 
3,1576155215012,-28.476784,-1.8920655,-10.7871685 
3,1576155215029,-24.908205,-2.3327491,-9.024434 
3,1576155215053,-21.468956,-2.682422,-7.917935 
3,1576155215074,-19.241589,-2.7446926,-7.6305327 
3,1576155215093,-17.493223,-2.7973828,-7.9227247 
3,1576155215112,-14.499449,-3.1853762,-8.459209 
3,1576155215130,-11.874507,-3.5973196,-7.9802055 
3,1576155215151,-9.383687,-4.2439747,-6.7874856 
3,1576155215174,-6.5000834,-4.478687,-5.5420756 
3,1576155215193,-3.9422023,-4.014053,-4.277505 
3,1576155215215,-2.5099807,-3.319497,-2.6584718 
3,1576155215232,-1.9208057,-2.7351124,-1.2837305 
3,1576155215252,-1.1879297,-2.198628,-1.0394385 
3,1576155215270,0.488584,-1.5328126,-0.8286768 
3,1576155215289,3.9469924,-0.5508545,0.5221143 
3,1576155215309,8.976534,1.0346485,4.119434 
3,1576155215329,14.140196,3.295547,9.077125 
3,1576155215350,17.03817,5.7815776,10.849439 
3,1576155215369,16.875309,8.076006,8.3250885 
3,1576155215389,14.901813,9.201666,5.3217335 
3,1576155215408,13.316309,9.115445,3.6500099 
3,1576155215428,12.559483,8.272398,2.6201515 
3,1576155215449,11.879297,7.103628,2.064507 
3,1576155215469,10.327325,6.0737696,1.5280225 
3,1576155215489,8.286768,5.0630717,1.2310401 
3,1576155215509,6.361172,3.7122805,1.3220508 
3,1576155215529,4.9145803,2.0309765,1.8250049 
3,1576155215549,3.3769777,0.23471193,1.9016455 
3,1576155215570,2.1459377,-1.4322218,1.3028907 
3,1576155215589,0.6658155,-3.1326857,0.28261232 
3,1576155215610,-0.5460645,-4.6942387,-0.7568262 
3,1576155215629,-1.8681153,-6.452183,-1.6429834 
3,1576155215650,-5.733677,-8.095166,-1.4370118 
3,1576155215670,-11.529625,-8.315508,-2.4668703 
3,1576155215694,-15.82629,-7.1227884,-7.3958206 
3,1576155215710,-18.676363,-5.6666164,-11.922408 
3,1576155215730,-20.539688,-5.326524,-11.208692 
3,1576155215755,-23.11673,-5.470225,-7.6449027 
3,1576155215771,-26.934391,-4.8666797,-7.213799 
3,1576155215790,-31.365177,-3.2524366,-9.992022 
3,1576155215816,-32.96026,-2.2848487,-11.716436 
3,1576155215830,-31.255007,-2.308799,-9.862691 
3,1576155215851,-27.082882,-2.7590625,-7.3862405 
3,1576155215876,-22.762266,-3.0895753,-6.2605815 
3,1576155215890,-20.324137,-3.0799952,-6.4186525 
3,1576155215911,-17.747095,-3.0416749,-7.7598634 
3,1576155215937,-15.026353,-3.1997461,-8.598121 
3,1576155215951,-13.38816,-3.8224514,-8.286768 
3,1576155215971,-11.323653,-4.8523097,-7.237749 
3,1576155215991,-8.416099,-5.738467,-6.0114994 
3,1576155216011,-5.997129,-6.212681,-4.742139 
3,1576155216031,-4.133804,-6.437813,-3.2620168 
3,1576155216051,-1.6429834,-6.342012,-1.8729054 
3,1576155216072,2.562671,-5.398374,-0.7568262 
3,1576155216092,7.3096,-3.271597,1.3651612 
3,1576155216112,12.10922,-0.38320315,4.905 
3,1576155216132,16.080162,3.0416749,6.959927 
3,1576155216151,17.929117,6.495293,7.194639 
3,1576155216176,16.918419,8.54064,7.084468 
3,1576155216197,14.825171,9.148975,6.0306597 
3,1576155216215,13.670772,8.971744,3.8895118 
3,1576155216235,12.923526,8.387359,2.2465284 
3,1576155216258,11.457774,7.563472,1.0394385 
3,1576155216278,9.283096,6.8737063,0.52690434 
3,1576155216298,7.472461,5.8965383,0.81909674 
3,1576155216319,6.3947024,4.502637,1.6334034 
3,1576155216339,5.6761966,2.816543,2.3902297 
3,1576155216358,4.5792775,1.1112891,1.839375 
3,1576155216375,3.1039455,-0.2921924,0.79993653 
3,1576155216396,1.7579445,-1.954336,0.60354495 
3,1576155216416,0.5508545,-3.7410207,0.7711963 
3,1576155216435,-0.4167334,-5.374424,0.22513184 
3,1576155216455,-1.8058448,-7.065308,-1.0346485 
3,1576155216478,-4.8379397,-8.56459,-2.5291407 
3,1576155216499,-9.977652,-8.885523,-4.981641 
3,1576155216520,-15.131734,-7.606582,-8.53585 
3,1576155216539,-18.714684,-6.466553,-11.692486 
3,1576155216559,-22.407804,-5.8055277,-11.903248 
3,1576155216577,-25.74167,-5.2834134,-9.7621 
3,1576155216601,-28.807297,-4.7325587,-9.168135 
3,1576155216621,-31.355597,-4.1146436,-10.94524 
3,1576155216641,-33.659607,-3.3626075,-11.999048 
3,1576155216658,-33.20455,-2.926714,-12.008629 
3,1576155216681,-28.194172,-3.6883302,-11.342813 
3,1576155216700,-22.795797,-4.402046,-9.426797 
3,1576155216718,-18.714684,-4.6990285,-7.798184 
3,1576155216742,-15.922091,-4.87626,-6.8497562 
3,1576155216762,-13.172608,-5.096602,-7.6209526 
3,1576155216782,-10.882969,-5.264253,-8.57417 
3,1576155216801,-8.59333,-5.743257,-8.487949 
3,1576155216820,-6.2605815,-5.9540186,-6.5000834 
3,1576155216837,-3.4871485,-5.973179,-3.7266505 
3,1576155216860,-0.3305127,-5.3552637,-2.1076174 
3,1576155216877,2.7207422,-4.1002736,-1.2885206 
3,1576155216900,4.766089,-2.2417383,-0.4406836 
3,1576155216919,5.877378,-0.043110352,0.852627 
3,1576155216938,8.47837,2.064507,1.8633252 
3,1576155216959,12.17628,4.282295,3.3865578 
3,1576155216982,15.102994,6.1647806,6.231841 
3,1576155217001,16.310083,7.6449027,8.48316 
3,1576155217020,16.051422,8.334668,7.8365045 
3,1576155217042,14.566509,8.598121,5.360054 
3,1576155217063,12.985797,8.53106,3.2236965 
3,1576155217084,11.596685,7.8844047,2.318379 
3,1576155217103,10.399176,6.940767,1.5088624 
3,1576155217123,8.971744,5.728887,0.8143067 
3,1576155217140,7.2329593,4.2008643,0.7424561 
3,1576155217164,5.5660257,2.5530908,0.5843848 
3,1576155217184,4.047583,0.9148975,0.39757326 
3,1576155217204,2.806963,-0.8765772,0.5987549 
3,1576155217223,1.5998731,-2.802173,0.57959473 
3,1576155217241,-0.10538086,-4.4403663,-0.26345217 
3,1576155217264,-1.7866846,-5.9635987,-1.6142433 
3,1576155217283,-3.180586,-7.606582,-3.0225148 
3,1576155217305,-4.622388,-9.560919,-5.4510646 
3,1576155217325,-10.327325,-10.935659,-6.0019193 
3,1576155217342,-18.585352,-9.460327,-6.6773148 
3,1576155217362,-23.653214,-7.568262,-10.571617 
3,1576155217381,-24.745342,-6.6821046,-14.293477 
3,1576155217404,-25.894953,-6.5096636,-12.688814 
3,1576155217420,-28.888727,-6.0210795,-8.3250885 
3,1576155217440,-30.977184,-5.206773,-7.6161623 
3,1576155217461,-31.163996,-4.6511283,-10.370435 
3,1576155217485,-29.961695,-4.4116263,-11.529625 
3,1576155217503,-25.45427,-5.245093,-10.370435 
3,1576155217525,-21.157604,-5.8438478,-7.774234 
3,1576155217542,-18.733843,-5.8103175,-6.0402393 
3,1576155217565,-16.357985,-5.9252787,-6.4138627 
3,1576155217585,-12.928316,-6.207891,-7.798184 
3,1576155217605,-9.527389,-6.5144534,-7.8556643 
3,1576155217625,-6.725215,-6.255791,-5.9204884 
3,1576155217644,-4.373306,-5.4510646,-3.7074904 
3,1576155217666,-2.1028273,-4.3541455,-2.0357666 
3,1576155217687,0.3161426,-2.9506643,-1.2933106 
3,1576155217704,2.7734327,-1.2070899,-1.5088624 
3,1576155217725,4.2152348,0.4406836,-0.35925296 
3,1576155217745,5.647456,1.8058448,1.8776954 
3,1576155217762,8.737032,3.4775686,2.806963 
3,1576155217783,10.844649,5.5947657,2.6536818 
3,1576155217801,10.844649,7.807764,1.4609619 
3,1576155217824,10.897339,9.182506,0.732876 
3,1576155217843,11.994258,9.527389,1.4465919 
3,1576155217862,13.067227,9.599238,1.839375 
3,1576155217882,12.784615,9.5561285,1.3891114 
3,1576155217902,11.323653,9.230406,1.5950831 
3,1576155217922,10.078242,8.377779,1.9160157 
3,1576155217943,8.995694,7.2616997,2.3566992 
3,1576155217965,7.8652444,5.944439,2.8740237 
3,1576155217987,6.744375,4.3254056,3.1949563 
3,1576155218005,5.5803957,2.7255323,2.9506643 
3,1576155218028,4.272715,1.1543995,2.1603076 
3,1576155218048,2.8500733,-0.6227051,1.6621436 
3,1576155218069,1.3555812,-2.3950195,1.3220508 
3,1576155218089,-0.1101709,-3.9613624,0.34009278 
3,1576155218109,-1.8250049,-5.1876125,-1.0011182 
3,1576155218127,-3.8847218,-6.342012,-2.193838 
3,1576155218144,-6.959927,-7.2185893,-2.4141798 
3,1576155218167,-9.4507475,-7.4101906,-4.493057 
3,1576155218189,-10.303374,-7.9562554,-7.434141 
3,1576155218209,-12.410992,-9.053174,-7.9227247 
3,1576155218228,-17.181871,-9.484278,-8.320298 
3,1576155218247,-24.481892,-8.320298,-10.039923 
3,1576155218269,-31.163996,-6.13604,-11.797867 
3,1576155218288,-35.202,-4.550537,-12.248131 
3,1576155218310,-37.232975,-3.530259,-11.050621 
3,1576155218330,-35.15889,-3.180586,-9.82437 
3,1576155218348,-29.822784,-3.544629,-8.847202 
3,1576155218373,-23.844816,-4.382886,-7.5059915 
3,1576155218385,-19.960094,-5.005591,-6.437813 
3,1576155218408,-17.737514,-5.465435,-6.6198344 
3,1576155218426,-14.887442,-6.0593996,-7.568262 
3,1576155218445,-11.409874,-6.6581545,-7.6305327 
3,1576155218466,-8.693921,-6.6773148,-6.2941117 
3,1576155218489,-6.605464,-6.4090724,-4.91937 
3,1576155218510,-4.526587,-5.886958,-4.0811133 
3,1576155218531,-2.1219873,-5.0678616,-3.5829494 
3,1576155218548,0.1101709,-3.9661524,-3.0943654 
3,1576155218568,2.2561085,-2.5866213,-2.1459377 
3,1576155218592,4.679868,-0.7807764,-0.043110352 
3,1576155218612,8.832832,1.2166699,1.8489552 
3,1576155218632,12.803775,3.5829494,3.1997461 
3,1576155218652,13.843213,6.11688,4.2439747 
3,1576155218672,13.919854,8.066426,4.287085 
3,1576155218691,14.892232,8.928633,3.8751419 
3,1576155218712,15.4861965,9.034014,3.7649708 
3,1576155218730,14.983243,8.660391,3.9182522 
3,1576155218748,13.905484,8.071217,3.1470559 
3,1576155218772,12.099639,7.223379,2.4956105 
3,1576155218793,10.126143,6.2605815,2.1219873 
3,1576155218810,8.377779,5.015171,1.9255958 
3,1576155218830,6.9934573,3.7266505,1.4370118 
3,1576155218850,6.2605815,2.1076174,0.847837 
3,1576155218876,5.4606447,0.1101709,0.8286768 
3,1576155218894,3.5494192,-1.7771046,0.71371585 
3,1576155218909,1.1256592,-3.5015187,-0.019160157 
3,1576155218928,-0.91010743,-5.1157618,-0.78556645 
3,1576155218949,-2.2321582,-6.806646,-1.6238233 
3,1576155218970,-4.8283596,-8.382568,-2.3662794 
3,1576155218992,-8.2197075,-9.048384,-3.6116896 
3,1576155219013,-9.963282,-9.570498,-5.613926 
3,1576155219032,-10.504556,-10.423125,-6.9551373 
3,1576155219053,-13.225299,-11.500884,-6.6533647 
3,1576155219073,-20.127745,-11.979888,-5.4175344 
3,1576155219095,-29.525803,-9.72857,-7.33355 
3,1576155219114,-35.633102,-6.5192432,-12.803775 
3,1576155219132,-38.20056,-4.9241605,-13.718673 
3,1576155219152,-37.247345,-4.7325587,-9.148975 
3,1576155219174,-32.150745,-5.398374,-6.581514 
3,1576155219195,-26.436226,-5.863008,-6.816226 
3,1576155219214,-21.95275,-6.5479836,-6.495293 
3,1576155219234,-19.615211,-6.9790874,-5.7911572 
3,1576155219254,-17.828526,-7.180269,-6.423443 
3,1576155219273,-15.270645,-7.4676714,-7.1227884 
3,1576155219292,-11.831397,-7.654483,-6.830596 
3,1576155219315,-8.713081,-7.472461,-5.527705 
3,1576155219334,-6.7491655,-6.945557,-4.3254056 
3,1576155219357,-4.9624805,-6.1695704,-4.267925 
3,1576155219375,-2.7399025,-5.221143,-4.4595265 
3,1576155219391,-0.5843848,-4.176914,-3.4344583 
3,1576155219418,1.7771046,-3.0991554,-1.9255958 
3,1576155219430,4.402046,-1.6381935,-0.40715334 
3,1576155219451,7.065308,0.4263135,0.3544629 
3,1576155219481,9.80521,2.8548634,0.9388477 
3,1576155219496,12.889996,5.216353,1.5232325 
3,1576155219515,15.706539,7.1706886,2.5866213 
3,1576155219535,17.383053,8.382568,3.8607717 
3,1576155219554,17.545914,8.784932,4.91937 
3,1576155219573,16.501686,8.713081,4.9624805 
3,1576155219595,14.964083,8.49753,3.8320315 
3,1576155219616,13.282779,8.028106,2.6249416 
3,1576155219637,11.577525,7.204219,1.9830762 
3,1576155219656,10.284214,6.0114994,1.8441651 
3,1576155219676,8.952583,4.4691067,1.9447559 
3,1576155219696,7.4006104,2.7446926,1.6717237 
3,1576155219715,5.8438478,0.7089258,1.0873389 
3,1576155219737,4.119434,-1.2741505,0.32572266 
3,1576155219757,2.3806496,-3.2045362,-0.3161426 
3,1576155219778,0.9580079,-5.2929935,-0.63707525 
3,1576155219798,-0.4406836,-7.1611085,-1.0825489 
3,1576155219818,-2.4141798,-8.962164,-1.6860938 
3,1576155219837,-5.7001467,-10.461446,-2.193838 
3,1576155219854,-9.77647,-10.590776,-4.4595265 
3,1576155219883,-12.933106,-9.656719,-8.626861 
3,1576155219896,-15.126944,-9.877061,-9.627979 
3,1576155219913,-18.853594,-10.073453,-8.784932 
3,1576155219933,-23.974146,-9.216036,-8.655601 
3,1576155219953,-29.487482,-7.788604,-10.159674 
3,1576155219973,-33.721878,-6.10251,-12.535533 
3,1576155219998,-35.58041,-5.0343313,-12.942686 
3,1576155220018,-34.742153,-4.598438,-10.950029 
3,1576155220037,-29.564123,-4.9481106,-9.335787 
3,1576155220058,-23.456821,-5.3073635,-7.937095 
3,1576155220079,-19.366129,-5.374424,-6.6773148 
3,1576155220099,-16.640596,-5.489385,-5.9635987 
3,1576155220118,-14.614409,-5.7863674,-5.8103175 
3,1576155220136,-12.746294,-6.11209,-5.6187162 
3,1576155220156,-10.566827,-6.1073003,-5.1876125 
3,1576155220179,-8.54064,-5.982759,-4.718189 
3,1576155220200,-6.998247,-5.518125,-4.018843 
3,1576155220219,-5.1732426,-4.991221,-3.271597 
3,1576155220239,-3.0129347,-4.1864944,-2.2752686 
3,1576155220259,-0.2921924,-2.9698243,-1.4609619 
3,1576155220278,1.9639161,-0.9627979,-0.79993653 
3,1576155220299,4.028423,0.9436377,0.26345217 
3,1576155220320,7.443721,2.7734327,0.6466553 
3,1576155220339,12.636124,4.416416,0.364043 
3,1576155220358,17.08128,6.2031007,1.1975098 
3,1576155220385,18.570982,8.152647,1.8106349 
3,1576155220395,17.335152,9.201666,2.3423293 
3,1576155220415,15.016773,9.220825,3.5015187 
3,1576155220436,13.40732,8.636441,3.5063088 
3,1576155220456,11.965518,7.668853,2.5147705 
3,1576155220479,10.193204,6.6102543,1.7866846 
3,1576155220500,8.152647,5.503755,1.3795313 
3,1576155220520,6.1935205,4.272715,1.0250684 
3,1576155220541,4.6607084,2.8644435,0.5364844 
3,1576155220559,3.4488282,1.2885206,0.14849122 
3,1576155220579,1.7627344,-0.43110353,0.28740236 
3,1576155220602,-0.07185059,-2.1171973,0.119750984 
3,1576155220622,-1.2549903,-3.5829494,-1.1783496 
3,1576155220639,-2.1411476,-4.88584,-2.806963 
3,1576155220661,-3.271597,-6.456973,-3.8895118 
3,1576155220683,-5.4366946,-7.8700347,-4.239185 
3,1576155220706,-9.335787,-8.62207,-4.258345 
3,1576155220720,-13.182188,-8.56938,-5.4127445 
3,1576155220742,-15.294596,-8.047266,-8.2197075 
3,1576155220762,-17.675245,-7.2664895,-9.992022 
3,1576155220782,-21.306095,-7.213799,-9.196876 
3,1576155220803,-26.508078,-6.7395854,-7.3718705 
3,1576155220822,-29.640762,-5.719307,-9.417217 
3,1576155220840,-31.992672,-4.617598,-12.616963 
3,1576155220860,-32.91236,-4.061953,-12.310401 
3,1576155220881,-29.018059,-4.4212065,-10.547667 
3,1576155220899,-23.413712,-4.8427296,-8.727451 
3,1576155220922,-18.484762,-5.0534916,-7.6017923 
3,1576155220939,-15.419136,-4.90979,-7.31918 
3,1576155220959,-13.646822,-4.5936475,-7.831714 
3,1576155220979,-12.15712,-4.4212065,-8.205338 
3,1576155221002,-10.068663,-4.430786,-7.414981 
3,1576155221023,-7.5012016,-4.5313773,-6.1408305 
3,1576155221045,-6.5288234,-3.894302,-4.718189 
3,1576155221063,-6.236631,-2.7494826,-4.009263 
3,1576155221084,-4.9864306,-1.5519727,-4.009263 
3,1576155221106,-3.2524366,-0.6179151,-3.151846 
3,1576155221124,-1.4849122,0.25866213,-1.1160791 
3,1576155221141,0.6658155,1.5088624,0.47900394 
3,1576155221160,2.6105714,3.2428565,0.9436377 
3,1576155221184,4.061953,4.9289503,1.3986914 
3,1576155221203,4.9624805,6.1599903,2.308799 
3,1576155221225,5.125342,7.213799,2.6584718 
3,1576155221244,4.6271777,7.951465,2.8261232 
3,1576155221267,3.9661524,8.406519,2.9506643 
3,1576155221283,3.290757,8.784932,2.3998096 
3,1576155221305,2.572251,9.029224,1.3268409 
3,1576155221325,1.22146,9.235196,0.67539555 
3,1576155221344,-0.35925296,9.311836,0.7376661 
3,1576155221362,-0.87178713,9.220825,0.5604346 
3,1576155221381,-0.6466553,9.220825,-0.22992188 
3,1576155221400,-0.43110353,9.216036,-1.0202783 
3,1576155221423,-0.20597169,9.163345,-1.1256592 
3,1576155221441,-0.3065625,9.034014,-0.6322852 
3,1576155221461,-0.48379397,8.995694,0.10538086 
3,1576155221480,-0.364043,9.239985,-0.85741705 
3,1576155221505,-0.22992188,9.489068,-1.590293 
3,1576155221525,-0.30177248,9.64714,-1.0873389 
3,1576155221545,-0.364043,9.82437,-0.92926764 
3,1576155221564,-0.081430666,9.843531,-0.81909674 
3,1576155221586,0.3879932,9.77647,-0.91010743 
3,1576155221607,0.7664063,9.75252,-0.79035646 
3,1576155221625,1.1543995,9.685459,-0.32572266 
3,1576155221647,1.4034815,9.642349,0.07185059 
3,1576155221667,1.5088624,9.560919,0.34967285 
3,1576155221687,1.5663428,9.402847,0.6945557 
3,1576155221707,1.5136524,9.316627,0.64186525 
3,1576155221726,1.5136524,9.326206,0.7185059 
3,1576155221746,1.5711329,9.192085,1.1304493 
3,1576155221768,1.3555812,9.139395,1.590293 
3,1576155221787,1.1304493,9.211246,1.8202149 
3,1576155221808,1.0442286,9.287886,1.7387843 
3,1576155221826,1.1304493,9.201666,1.6765138 
3,1576155221848,0.9148975,9.172925,1.6813037 
3,1576155221865,0.74724615,9.216036,1.7675245 
3,1576155221887,0.68976563,9.297466,1.719624 
3,1576155221904,0.8430469,9.307046,1.5615528 
3,1576155221923,1.0059083,9.321417,1.2166699 
3,1576155221944,1.0011182,9.407638,1.0059083 
3,1576155221964,0.82388675,9.517808,0.8813672 
3,1576155221985,0.85741705,9.546548,0.7089258 
3,1576155222008,0.9963282,9.541759,0.5412744 
3,1576155222027,0.847837,9.536968,0.5748047 
3,1576155222048,0.8382569,9.489068,0.6945557 
3,1576155222069,0.91010743,9.417217,0.6945557 
3,1576155222089,0.8430469,9.417217,0.5125342 
3,1576155222109,0.6945557,9.445957,0.23950197 
3,1576155222126,0.57959473,9.402847,0.21555176 
3,1576155222147,0.75203615,9.335787,0.3879932 
3,1576155222166,0.9244776,9.307046,0.6706055 
3,1576155222189,0.9436377,9.3309965,0.728086 
3,1576155222210,0.85741705,9.364527,0.5029541 
3,1576155222230,0.7185059,9.4507475,0.28261232 
3,1576155222250,0.7759864,9.465117,0.3784131 
3,1576155222269,0.847837,9.412427,0.60833496 
3,1576155222288,0.852627,9.402847,0.7951465 
3,1576155222310,0.92926764,9.445957,0.8430469 
3,1576155222330,0.9867481,9.479487,0.8143067 
3,1576155222349,1.1208692,9.422008,0.7664063 
3,1576155222367,1.2166699,9.354947,0.85741705 
3,1576155222396,1.3124708,9.287886,0.8861573 
3,1576155222408,1.0729688,9.297466,0.98195803 
3,1576155222427,0.9388477,9.326206,1.0538087 
3,1576155222446,1.3603711,9.513018,-0.1101709 
3,1576155222466,1.5471827,9.6615095,-0.8430469 
3,1576155222485,1.2741505,9.340576,0.51732427 
3,1576155222505,1.465752,8.995694,1.6477735 
